      0.73696382        3.13964844
      1.96719096        3.09570313
      3.23433181        2.98339844
      4.53667694        3.09570313
      5.73696193        3.25195313
      7.02180842        3.16894531
      8.19361448        3.01757813
      9.37874265        3.10058594
     10.63272350        3.21777344
     11.90035966        3.10058594
     13.12961746        2.96386719
     14.35323601        3.13964844
     15.58775734        3.17382813
     16.80309942        3.03222656
     18.00371807        3.12500000
     19.23834575        3.12988281
     20.49306435        3.17871094
     21.71222754        2.99316406
     22.91849774        3.15917969
     24.11747405        3.32031250
     25.34705087        3.17382813
     26.57111178        3.29101563
     27.77418190        3.19335938
     29.01998554        3.21289063
     30.20975953        3.25683594
     31.45528244        3.18359375
     32.70699992        3.07617188
     33.95270100        3.31054688
     35.17102246        3.20312500
     36.39875182        3.04687500
     37.63160482        3.26171875
     38.84704331        2.98828125
     40.04937189        3.26660156
     41.30324262        3.26171875
     42.54028962        3.24707031
     43.78759240        3.08593750
     45.00918389        3.10546875
     46.25718472        3.12011719
     47.56276159        3.20800781
     48.76185795        3.09082031
     50.05058085        3.00781250
     51.29582727        3.24707031
     52.47006872        3.32519531
     53.67317334        3.12500000
     54.95472144        3.24707031
     56.15705758        3.08105469
     57.37100875        3.20800781
     58.55738369        3.15429688
     59.75316748        3.27148438
     60.97493761        3.04687500
     62.16347335        2.92480469
     63.35790640        3.25195313
     64.66628448        3.22265625
     65.93998998        3.12011719
     67.15885305        3.25683594
     68.33433701        3.13964844
     69.54141445        3.24218750
     70.84539860        3.31054688
     72.08081886        3.12500000
     73.29622852        3.33984375
     74.54668554        3.27148438
     75.73407140        2.97851563
     76.95161966        3.25195313
     78.18950555        3.33984375
     79.43890107        3.11523438
     80.60696070        3.03710938
     81.84243010        3.33496094
     83.08984583        3.02734375
     84.29004669        3.11035156
     85.51231355        3.13964844
     86.66562329        3.14941406
     87.84988090        3.11035156
     89.09640292        3.04199219
     90.33391497        3.33007813
     91.56853366        3.30566406
     92.75283712        3.14941406
     93.95497334        3.26171875
     95.20523990        3.12988281
     96.42683375        3.13964844
     97.56234994        3.11035156
     98.78148052        3.12988281
     99.99732121        3.11035156
    101.30346050        3.10058594
    102.60264854        3.12011719
    103.80702119        3.34960938
    105.04424495        3.20800781
    106.28284071        3.19824219
    107.58503696        3.20800781
    108.90707696        3.14941406
    110.28314980        3.18847656
    111.57876392        2.99804688
    112.78304677        3.17382813
    113.95595119        3.34472656
    115.20629194        3.12500000
    116.40335038        3.12988281
    117.60857799        3.27148438
    118.80920232        3.30078125
    119.99498979        3.24218750
    121.21013857        3.32519531
    122.41431697        3.12500000
    123.61589788        3.00781250
    124.81712668        3.18847656
    126.07681012        3.15429688
    127.40883888        3.25683594
    128.65662372        3.35937500
    129.87117984        3.10546875
    131.08643496        3.19335938
    132.33218472        3.20312500
    133.55405411        3.23242188
    134.73796813        3.20800781
    135.98674263        3.29589844
    137.23512439        3.28613281
    138.48440743        3.15429688
    139.68392536        3.21777344
    140.83703235        3.29589844
    142.05930204        3.29589844
    143.26424372        3.11523438
    144.47805594        3.14453125
    145.69267870        3.36425781
    146.91343554        3.25683594
    148.08384644        3.21777344
    149.31623438        3.16406250
    150.57117417        3.20312500
    151.81673961        3.29101563
    153.07134904        3.24707031
    154.26448050        3.15429688
    155.53810613        3.02734375
    156.80703490        3.17871094
    158.06725901        3.07617188
    159.28958589        3.28125000
    160.47299847        3.17382813
    161.69088417        3.18847656
    162.87427595        3.35449219
    164.04969942        2.99804688
    165.24418209        3.24218750
    166.44305065        3.15917969
    167.69775129        3.17382813
    168.89869274        3.03710938
    170.08270081        3.12500000
    171.37078190        3.06640625
    172.59965404        3.30566406
    173.85487315        3.01757813
    175.13449392        3.09082031
    176.30735675        3.24707031
    177.49172779        3.28125000
    178.73920449        3.30566406
    179.94581640        3.12988281
    181.17271679        3.18359375
    182.34361164        3.29101563
    183.57500189        3.25195313
    184.84293107        3.14453125
    186.06154791        3.05175781
    187.29387253        3.33984375
    188.47854557        3.38867188
    189.70006380        3.13964844
    190.90247178        3.21289063
    192.08603843        3.21289063
    193.25341655        3.22753906
    194.53168989        3.26660156
    195.73860663        3.25195313
    196.99889739        3.14453125
    198.20301624        3.22753906
    199.35617332        3.29101563
    200.60723009        3.05664063
    201.76999168        3.33984375
    202.97866892        3.16406250
    204.18570004        3.30566406
    205.40309989        3.09570313
    206.70592425        3.20800781
    207.90734682        3.06152344
    209.14056941        3.32031250
    210.40649564        3.33007813
    211.57539605        3.15917969
    212.81338687        3.24218750
    213.96183148        3.17382813
    215.22135518        3.31054688
    216.44088653        3.29101563
    217.67166711        3.20800781
    218.87910846        3.28613281
    220.09516277        3.22753906
    221.29692705        3.20312500
    222.54599127        3.45214844
    223.89260213        3.18359375
    225.11248748        3.27148438
    226.36059512        3.26171875
    227.61511097        3.26660156
    228.86217224        3.42285156
    230.04743086        3.13964844
    231.26807050        3.09082031
    232.50102700        3.28125000
    233.77095582        3.15917969
    234.98992003        3.02734375
    236.18152211        3.33496094
    237.36697024        3.18359375
    238.58557574        3.17871094
    239.74230155        3.12988281
    240.92688621        3.13964844
    242.25081763        3.17382813
    243.46856958        3.16406250
    244.69731743        3.31542969
    245.91351494        3.14453125
    247.25225107        3.06640625
    248.57425232        3.14453125
    249.82545749        3.27636719
    251.04698187        3.30078125
    252.25297323        3.38378906
    253.45627068        3.23730469
    254.64024992        3.31542969
    255.84157892        3.19335938
    257.10879020        3.15917969
    258.34469204        3.33984375
    259.58662495        3.14941406
    260.85731091        3.30566406
    262.04090402        3.44726563
    263.27384540        3.24218750
    264.55149725        3.17871094
    265.75381402        3.26171875
    267.04105809        3.31542969
    268.23833251        3.25683594
    269.55134885        3.12011719
    270.78934013        3.31054688
    272.06806955        3.17871094
    273.49311681        3.23242188
    274.73988506        3.29101563
    275.94036382        3.19824219
    277.14067622        2.99804688
    278.46190332        3.12011719
    279.69450678        3.27636719
    280.92895675        3.12988281
    282.21392659        3.26660156
    283.51863669        3.13476563
    284.79443778        3.18847656
    286.00207242        3.18847656
    287.63171730        3.24707031
    289.10024387        3.24218750
    290.36496115        3.26660156
    291.63115347        3.13964844
    292.95030531        3.17382813
    294.21794383        3.13964844
    295.48644961        3.28613281
    297.02879889        3.26171875
    298.67037875        3.25683594
    300.06243549        3.23242188
    301.29516608        3.23242188
    302.77398529        3.14941406
    304.17522024        3.09082031
    305.42563094        3.25683594
    306.70252188        3.12988281
    308.01338734        3.32519531
    309.43246167        3.15429688
    310.80087670        3.37402344
    312.13376893        3.11523438
    313.85872876        3.30566406
    315.11139384        3.31054688
    316.76792115        3.15429688
    318.69160775        3.41308594
    320.21676655        3.33984375
    321.47461954        3.20312500
    322.71947558        3.02734375
    323.94841910        3.12500000
    325.21563227        3.15429688
    326.50162769        3.17382813
    327.74488487        3.38378906
    329.00782464        3.28125000
    330.26464355        3.23730469
    331.56586999        3.22753906
    332.83303448        3.31054688
    334.08762359        3.16894531
    335.30141407        3.33496094
    336.53737547        3.38867188
    337.79137333        3.30566406
    339.00884360        3.12500000
    340.28204530        3.12988281
    341.53790054        3.16894531
    342.78825217        3.19335938
    344.02529917        3.20800781
    345.27969166        3.17871094
    346.49016201        3.18847656
    347.76161219        3.14453125
    349.01120007        3.31054688
    350.24510322        3.05664063
    351.47724398        3.21289063
    352.72489650        3.14941406
    353.99641142        3.16406250
    355.25049625        3.17382813
    356.46371817        3.29101563
    357.69825983        3.44238281
    359.01635915        3.23242188
    360.26824584        3.19824219
    361.51320916        3.29589844
    362.74773522        3.11523438
    363.95260554        3.14941406
    365.20383008        3.15917969
    366.43625631        3.31054688
    367.73145547        3.31054688
    368.95858224        3.31542969
    370.22324092        3.23730469
    371.47571129        3.23730469
    372.69514056        3.38867188
    373.92634601        3.29101563
    375.17870342        3.16406250
    376.38817939        3.26660156
    377.61930119        3.06152344
    378.91528915        3.02246094
    380.18813685        3.09570313
    381.47985046        3.07128906
    382.71538840        3.16894531
    383.94377753        3.27148438
    385.19888084        3.28613281
    386.41647778        3.31542969
    387.62840568        3.14941406
    388.86336702        3.44238281
    390.09788977        3.27636719
    391.36869908        3.10058594
    392.58523688        3.08105469
    393.83513432        3.17382813
    395.04659196        3.21777344
    396.26338403        3.26660156
    397.49345237        3.23242188
    398.74480122        3.28125000
    399.96133335        3.33007813
    401.19549596        3.14453125
    402.46123032        3.15429688
    403.72339925        3.09570313
    404.97994782        3.17382813
    406.18577897        3.12011719
    407.41830586        3.24218750
    408.70329130        3.12500000
    409.89610044        3.16894531
    411.12956217        3.09082031
    412.38904333        3.05175781
    413.62975405        3.11523438
    414.93825075        3.10058594
    416.14774373        3.19335938
    417.40059644        3.10546875
    418.60820510        3.28613281
    419.86290858        3.16894531
    421.06213160        3.20800781
    422.31722782        3.07617188
    423.54959355        3.25195313
    424.76090988        3.14941406
    425.97532847        3.13964844
    427.24567698        3.27148438
    428.48116339        3.34472656
    429.72976114        3.12988281
    430.94256858        3.28613281
    432.23850407        3.29101563
    433.45240940        3.28125000
    434.67612766        3.28613281
    435.91131775        3.13476563
    437.15736337        3.14453125
    438.44599505        3.23730469
    439.72321256        3.12011719
    440.96221997        2.97363281
    442.17247859        3.20800781
    443.39088559        3.03710938
    444.60662514        3.29589844
    445.81784600        3.11523438
    447.05436509        3.22753906
    448.27128571        3.08105469
    449.50180965        3.04687500
    450.70087765        3.28613281
    451.95734163        3.21777344
    453.18640707        3.23730469
    454.41348375        3.12988281
    455.62938446        2.94433594
    456.86615782        3.11523438
    458.08021721        2.99316406
    459.32025587        2.99804688
    460.57950309        3.02734375
    461.86217224        3.21289063
    463.10800754        3.20312500
    464.31833374        3.13964844
    465.57550239        3.09082031
    466.76806246        3.05664063
    467.96302673        3.13964844
    469.20560996        3.23730469
    470.45465811        3.08105469
    471.71931159        3.15917969
    472.93386818        3.19824219
    474.16650424        3.20312500
    475.37960754        3.16406250
    476.65037951        3.04687500
    477.86454667        3.10058594
    479.07624629        2.95410156
    480.29294525        3.22265625
    481.50975386        3.22753906
    482.74481681        3.15917969
    484.04111528        3.23242188
    485.25137248        3.01269531
    486.46961264        3.15917969
    487.71663799        3.38867188
    488.98595714        3.06152344
    490.19451954        2.93457031
    491.40933843        3.23730469
    492.64167864        3.03710938
    493.85414390        2.99804688
    495.12082018        3.08105469
    496.33593682        3.05664063
    497.60720126        3.03710938
    498.84844556        3.11035156
    500.08827864        3.22265625
    501.36427633        3.18847656
    502.61647022        2.97851563
    503.82620234        3.04687500
    505.04451576        3.08593750
    506.25005671        3.04687500
    507.45868906        3.14453125
    508.71545456        3.12500000
    509.94598607        3.23242188
    511.17774685        3.16894531
    512.43732773        3.01269531
    513.65456075        3.18847656
    514.89226043        2.92968750
    516.13261716        2.98828125
    517.38665945        3.01757813
    518.59281670        3.17871094
    519.83817513        3.05175781
    521.04747670        3.16894531
    522.23999093        3.21289063
    523.51007146        3.16894531
    524.74631170        2.93457031
    526.03773040        3.15429688
    527.29469724        3.14941406
    528.50804866        3.07617188
    529.77911271        3.27636719
    530.99135632        3.15429688
    532.22701098        3.15429688
    533.44088559        3.31542969
    534.70097075        2.91503906
    535.91412037        3.09082031
    537.18200371        3.25195313
    538.39146691        2.99804688
    539.66666919        2.90039063
    540.94036051        3.19335938
    542.22639138        3.08105469
    543.51510010        2.93945313
    544.72836881        3.07128906
    545.93677808        3.20800781
    547.14586366        3.07128906
    548.39213235        3.02246094
    549.64192771        3.20312500
    550.83222867        3.09082031
    552.02986748        3.19335938
    553.23908114        3.15917969
    554.49753200        2.98339844
    555.72988402        3.12988281
    557.00859973        3.12011719
    558.23735892        3.15917969
    559.42935611        3.00292969
    560.65235599        2.98339844
    561.91499471        2.90039063
    563.16280885        3.16406250
    564.37164159        3.01757813
    565.62462474        2.97851563
    566.88098805        3.07617188
    568.13127824        3.06152344
    569.36144299        2.99316406
    570.63958637        3.01757813
    571.90009500        3.08105469
    573.19371278        3.11035156
    574.48791236        3.09082031
    575.76006484        3.03710938
    577.01333204        2.98828125
    578.24700739        3.01269531
    579.50223075        2.96875000
    580.74033546        2.99804688
    581.99289657        2.99316406
    583.24184358        2.96875000
    584.50953882        2.99316406
    585.74488960        2.93457031
    586.97478638        2.96875000
    588.20105724        3.03710938
    589.45647910        3.01269531
    590.71007808        3.02734375
    591.92733095        3.09570313
    593.13793315        2.78808594
    594.32804460        3.07617188
    595.54993667        3.06152344
    596.78372923        3.14941406
    597.97496125        2.92968750
    599.24757879        2.86132813
    600.49346702        3.18359375
    601.73313846        2.95410156
    603.00611991        3.10058594
    604.26011636        2.90039063
    605.51396440        3.02734375
    606.71874539        2.88085938
    607.97353489        2.93457031
    609.19141350        2.93945313
    610.50366609        2.99804688
    611.75780952        3.07617188
    613.07471643        3.03710938
    614.28923994        2.89062500
    615.52289402        3.01757813
    616.75172552        3.01757813
    618.02689472        2.89550781
    619.23682014        2.96386719
    620.49192156        2.78808594
    621.70176995        2.93457031
    622.92646984        2.99804688
    624.14233038        2.89550781
    625.35900854        3.05664063
    626.58889682        3.04687500
    627.80346050        2.96386719
    629.01996143        2.88085938
    630.28244277        3.02734375
    631.51492051        2.90527344
    632.76840747        2.95410156
    634.10341560        3.05664063
    635.37772605        3.18847656
    636.62008290        2.80761719
    637.89141256        2.85156250
    639.14784061        3.11035156
    640.35854869        3.12988281
    641.63962370        2.96386719
    642.94946122        3.10058594
    644.16446018        2.86132813
    645.37821143        2.85156250
    646.60737376        2.86132813
    647.86407169        2.89550781
    649.09520389        2.90039063
    650.34365985        2.86621094
    651.57485443        2.94433594
    652.90918152        2.95898438
    654.16278806        3.07617188
    655.39990878        2.94433594
    656.67930506        2.85156250
    657.97486436        3.10058594
    659.23097860        3.02734375
    660.46711250        2.91503906
    661.68166531        2.93457031
    662.92362941        3.04199219
    664.15390618        2.92480469
    665.36072225        2.87597656
    666.57563283        2.96386719
    667.84323260        2.93457031
    669.15274921        2.90039063
    670.44987098        2.94433594
    671.66329376        2.87109375
    672.87809233        2.83691406
    674.16058897        2.87597656
    675.41038953        2.85644531
    676.68429873        2.86621094
    677.89756272        3.09570313
    679.15548330        3.00781250
    680.35192213        2.94921875
    681.60692998        3.03710938
    682.80497476        2.96386719
    684.05447237        2.95410156
    685.28979337        2.89062500
    686.50086867        3.03710938
    687.75619884        3.02734375
    689.02562669        3.02734375
    690.24563586        3.07128906
    691.45893009        2.85156250
    692.71735354        2.91503906
    693.99890826        2.81738281
    695.21377063        2.77832031
    696.43403926        2.90039063
    697.66930686        2.96386719
    698.88601433        2.96386719
    700.12232830        3.03710938
    701.31934562        2.86132813
    702.55629100        2.96875000
    703.80581697        2.98339844
    705.05397707        3.05664063
    706.28148477        2.78320313
    707.51211553        2.87109375
    708.75492277        2.89550781
    709.98462200        2.90039063
    711.21117880        3.03222656
    712.48691892        2.93945313
    713.71583738        2.94921875
    714.97278863        2.78320313
    716.20977229        2.88574219
    717.41955168        2.78808594
    718.62921149        2.78808594
    719.88112558        2.85644531
    721.10024907        2.77343750
    722.33633146        2.78808594
    723.53316634        2.92968750
    724.76977381        2.95410156
    726.00321663        2.89550781
    727.28010190        2.99316406
    728.51014188        2.88085938
    729.73299289        2.86132813
    730.92775819        2.77832031
    732.22825397        2.99804688
    733.47870768        2.91503906
    734.69999102        2.75390625
    735.96678687        2.97851563
    737.26562140        3.01757813
    738.49584381        2.89062500
    739.68591177        3.03222656
    740.85961066        3.02246094
    742.07976776        2.75390625
    743.31637995        3.05175781
    744.53033442        2.82714844
    745.76228236        2.81738281
    746.99468306        2.75390625
    748.24041014        2.90527344
    749.45456075        2.99804688
    750.68868461        2.79296875
    751.91143118        2.74414063
    753.12255090        2.75878906
    754.36994678        2.85644531
    755.65602161        2.86132813
    757.03265828        2.99804688
    758.27976398        2.87109375
    759.47302163        2.94433594
    760.69113419        2.78808594
    761.96017024        2.67089844
    763.18657580        2.88085938
    764.43667836        2.74902344
    765.67474479        3.01269531
    766.94813316        2.94433594
    768.20803448        2.85644531
    769.42129469        2.81250000
    770.65119241        2.81738281
    771.86416999        2.78808594
    773.13592217        2.80273438
    774.33997391        2.76367188
    775.59628523        2.88574219
    776.84905902        2.84179688
    778.07284392        2.75390625
    779.28419617        2.65625000
    780.53326181        2.86132813
    781.74628145        2.75390625
    783.00324971        2.84179688
    784.21253663        2.80273438
    785.46358158        2.92968750
    786.67929987        2.65136719
    787.92708991        2.78808594
    789.15402339        2.67578125
    790.39421943        2.76367188
    791.63123570        2.64648438
    792.94348829        2.86132813
    794.15995520        3.01269531
    795.41357449        2.75390625
    796.62494329        2.70507813
    797.82250458        2.73437500
    799.06005917        2.66113281
    800.29483666        2.82226563
    801.54867100        2.92968750
    802.74441225        2.76855469
    803.97446169        2.74414063
    805.22285668        2.89550781
    806.45079967        2.76855469
    807.64587595        2.67578125
    808.86400079        3.01269531
    810.12236422        2.70019531
    811.33325378        2.69531250
    812.56839991        2.67089844
    813.80197837        2.80761719
    815.01321861        2.66113281
    816.28567216        2.81250000
    817.50497854        2.70507813
    818.72682005        2.85156250
    819.98412528        2.84667969
    821.20127134        2.62695313
    822.45482920        2.61230469
    823.70849387        2.69042969
    824.91784884        2.93945313
    826.13273248        2.69042969
    827.38388330        2.72460938
    828.60155869        2.62207031
    829.84285545        2.69531250
    831.00472097        2.80761719
    832.23846059        2.84667969
    833.49121689        2.97363281
    834.70478902        2.81250000
    835.89349916        2.64648438
    837.17228387        2.67089844
    838.38915628        2.74902344
    839.60344065        2.92968750
    840.81507505        3.05175781
    842.00622011        2.80761719
    843.22446027        2.79296875
    844.50364340        2.56347656
    845.73655264        2.94433594
    846.92763389        2.69042969
    848.25393690        2.92480469
    849.52819442        2.82714844
    850.77862450        2.70996094
    852.07122852        2.73437500
    853.34928257        2.77343750
    854.57674632        2.90039063
    855.79201751        2.69042969
    857.04096404        2.84179688
    858.23890107        2.78808594
    859.47449194        2.83203125
    860.64299062        2.77832031
    861.89133268        2.89062500
    863.10732461        2.61230469
    864.33295886        2.58789063
    865.56149451        2.85156250
    866.77208868        2.71972656
    868.00119667        2.90527344
    869.19212384        2.63671875
    870.41927378        2.71972656
    871.65971983        2.69531250
    872.90012004        2.62207031
    874.11536004        2.62695313
    875.32725627        2.64160156
    876.55820935        2.83203125
    877.83133117        2.85156250
    879.08065486        2.78808594
    880.31362412        3.00292969
    881.56951009        2.43164063
    882.84833544        2.97851563
    884.06945904        2.59765625
    885.34664631        2.65625000
    886.58032308        2.64648438
    887.79070599        2.65625000
    889.00686239        2.94921875
    890.27986984        2.55859375
    891.51755534        2.57812500
    892.73279108        2.60742188
    893.96235420        2.64648438
    895.18449203        2.67578125
    896.43507288        2.74414063
    897.65278040        2.64648438
    898.90268352        2.60742188
    900.15663648        2.58789063
    901.35212205        2.72949219
    902.57943882        2.81738281
    903.79551865        2.58300781
    905.02544615        2.58300781
    906.27775394        2.68066406
    907.52960281        2.79785156
    908.76804828        2.62207031
    909.95854254        2.55371094
    911.18943182        2.69042969
    912.45689311        2.53906250
    913.69286349        2.65136719
    914.90653440        2.79785156
    916.11454336        2.77343750
    917.36168592        2.56347656
    918.55779345        2.76367188
    919.77268512        2.73437500
    921.00502770        2.82226563
    922.23578889        2.58789063
    923.46742301        2.58300781
    924.65871127        2.59765625
    925.89233652        2.64160156
    927.08656209        2.58300781
    928.34383424        2.53417969
    930.23201316        2.76367188
    931.46516674        2.52929688
    932.67194123        2.73925781
    933.86105167        2.74902344
    935.07439836        2.67089844
    936.30376439        2.75390625
    937.55624043        2.58300781
    938.80778825        2.68554688
    940.05901658        2.61718750
    941.27792077        2.72460938
    942.51650519        2.71484375
    943.70848300        2.61718750
    944.92588616        2.65625000
    946.16233624        2.56835938
    947.39731223        2.63671875
    948.59356533        2.60253906
    949.86027610        2.56347656
    951.05094618        2.82226563
    952.26350596        2.83691406
    953.45371902        2.68066406
    954.68608333        2.67578125
    955.88908397        2.66113281
    957.10435894        2.79296875
    958.33210295        2.55371094
    959.52716411        2.71972656
    960.74379549        2.70019531
    961.95740779        2.89550781
    963.18903340        2.57812500
    964.40757841        2.70507813
    965.61692015        2.67089844
    966.83206987        2.57812500
    968.02534596        2.61230469
    969.22522071        2.75878906
    970.43464421        2.78320313
    971.64798902        2.80273438
    972.90731374        2.77832031
    974.18338942        2.57812500
    975.48308600        2.71484375
    976.74175284        2.71484375
    978.02964582        2.81250000
    979.26244447        2.56835938
    980.53209303        2.69531250
    981.74398312        2.57812500
    982.97494140        2.61718750
    984.24190691        2.89062500
    985.48056695        2.62695313
    986.69577623        2.73925781
    988.56202006        2.70996094
    989.79312910        2.56835938
    991.03314413        2.77832031
    992.27000539        2.70996094
    993.54370758        2.60253906
    994.77605583        2.64648438
    995.98760185        2.79296875
    997.26566488        2.58789063
    998.47992892        2.77343750
    999.72438324        2.60253906
   1000.96102378        2.71972656
   1002.19163232        2.64648438
   1003.40845558        2.62207031
   1004.67822514        2.57812500
   1005.92506900        2.64160156
   1007.13308931        2.61230469
   1008.34783211        2.41699219
   1009.59690342        2.65136719
   1010.84900940        2.70996094
   1012.05943485        2.56835938
   1013.32949222        2.76855469
   1014.56709643        2.61718750
   1015.82060278        2.64160156
   1017.07818307        2.66601563
   1018.28398444        2.54882813
   1019.51516438        2.67089844
   1020.76946141        2.63183594
   1022.00016022        2.65136719
   1023.27122757        2.74414063
   1024.51302106        2.73925781
   1025.77696845        2.57324219
   1026.99007836        2.80761719
   1028.20514112        2.68066406
   1029.42533083        2.71484375
   1030.65456926        2.60742188
   1031.86748020        2.49511719
   1033.10484905        2.41699219
   1034.31515303        2.70507813
   1035.56277624        2.66113281
   1036.77716647        2.64160156
   1038.01807428        2.74902344
   1039.22642069        2.48535156
   1040.48164593        2.68554688
   1041.73904806        2.50488281
   1043.00804157        2.46582031
   1044.24172496        2.50976563
   1045.51733983        2.50000000
   1046.74131709        2.62207031
   1047.98237896        2.50000000
   1049.19968902        2.46582031
   1050.45162107        2.50976563
   1051.72236989        2.47558594
   1052.99307664        2.68554688
   1054.26877280        2.46093750
   1055.47707999        2.34375000
   1056.70507543        2.36816406
   1057.98375570        2.64648438
   1059.19407008        2.52929688
   1060.42470934        2.69531250
   1061.64467125        2.69531250
   1062.89512496        2.53906250
   1064.15183328        2.51953125
   1065.40213717        2.52441406
   1066.62736734        2.55859375
   1067.86420118        2.41210938
   1069.15008696        2.50488281
   1070.41387744        2.51953125
   1071.84328317        2.47070313
   1073.06233860        2.47558594
   1074.38527988        2.64160156
   1075.62475755        2.56347656
   1077.76018300        2.36328125
   1079.13371127        2.41210938
   1080.38287285        2.53417969
   1081.70760535        2.42675781
   1083.05093058        2.57324219
   1084.27424287        2.59277344
   1085.42974980        2.53417969
   1086.86003365        2.55859375
   1088.50513120        2.65136719
   1090.08971681        2.58789063
   1091.46700947        2.34375000
   1092.94186343        2.43652344
   1094.28082878        2.77832031
   1095.91296246        2.50000000
   1097.16047980        2.39746094
   1098.43808392        2.63671875
   1099.85002458        2.53906250
   1101.08158024        2.70996094
   1102.32713812        2.62207031
   1103.51638089        2.71972656
   1104.73607104        2.64160156
   1105.99601348        2.42187500
   1107.23956888        2.65625000
   1108.49779997        2.64648438
   1109.70381496        2.46093750
   1110.96328336        2.57812500
   1112.10005341        2.62207031
   1113.30075241        2.50976563
   1114.45071507        2.50488281
   1115.70298457        2.53906250
   1116.93630641        2.66113281
   1118.15332013        2.62207031
   1119.39204303        2.58789063
   1120.58663440        2.73437500
   1121.75403284        2.55859375
   1122.94668885        2.56347656
   1124.17485207        2.57324219
   1125.41137824        2.36816406
   1126.61182014        2.57812500
   1127.86080685        2.45117188
   1129.06425695        2.44140625
   1130.29620158        2.57812500
   1131.50849670        2.48535156
   1132.73860616        2.61718750
   1133.94518120        2.38769531
   1135.19092529        2.55371094
   1136.45792011        2.59765625
   1137.70557735        2.44140625
   1138.92627654        2.45605469
   1140.17630348        2.52929688
   1141.37755544        2.57812500
   1142.59548746        2.57812500
   1143.82644290        2.63671875
   1145.07165718        2.48046875
   1146.29515001        2.53417969
   1147.53319517        2.53906250
   1148.78769968        2.48046875
   1150.02855408        2.57324219
   1151.27698357        2.56347656
   1152.49242207        2.49511719
   1153.70479470        2.48046875
   1154.94484895        2.48046875
   1156.17878613        2.34863281
   1157.39920317        2.49023438
   1158.63150935        2.55859375
   1159.82819914        2.46582031
   1161.05110356        2.49023438
   1162.31663989        2.40722656
   1163.56473619        2.51953125
   1164.84091158        2.56347656
   1166.16369407        2.45117188
   1167.41264722        2.52441406
   1168.66523763        2.54394531
   1169.86864094        2.57324219
   1171.07508365        2.53417969
   1172.28259967        2.58789063
   1173.49386118        2.48535156
   1174.70730854        2.45117188
   1175.91542573        2.66601563
   1177.16207677        2.46582031
   1178.36223699        2.42675781
   1179.63419901        2.41210938
   1180.89874473        2.42187500
   1182.17370787        2.38281250
   1183.82793637        2.48535156
   1185.15434855        2.47070313
   1186.33984914        2.43164063
   1188.16374133        2.52441406
   1189.62126066        2.42675781
   1190.85103503        2.48535156
   1192.08534558        2.57812500
   1193.29158932        2.39257813
   1194.50844188        2.40722656
   1195.75763418        2.51953125
   1197.00985642        2.63183594
   1198.24240552        2.47558594
   1199.47834754        2.43652344
   1200.72335529        2.58789063
   1201.87717309        2.50488281
   1203.05958372        2.46093750
   1204.28010048        2.49023438
   1205.43087841        2.34863281
   1206.65145755        2.40722656
   1207.88143278        2.36328125
   1209.06837486        2.47070313
   1210.28901497        2.37792969
   1211.51865040        2.47558594
   1212.77021192        2.50488281
   1213.95574418        2.43164063
   1215.14148912        2.67089844
   1216.29667845        2.55859375
   1217.49455215        2.38769531
   1218.68264646        2.36816406
   1219.86941793        2.47558594
   1221.09907982        2.31933594
   1222.25321994        2.40234375
   1223.40688744        2.55859375
   1224.60562981        2.53417969
   1225.76253143        2.41699219
   1227.00986304        2.52929688
   1228.19488818        2.43652344
   1229.43454355        2.50000000
   1230.63506248        2.34375000
   1231.83586451        2.50488281
   1233.04667798        2.35839844
   1234.29132560        2.26562500
   1235.47784232        2.28515625
   1236.69611793        2.46093750
   1237.89471426        2.44140625
   1239.11285753        2.42187500
   1240.32928994        2.43164063
   1241.52661682        2.35351563
   1242.72935516        2.55859375
   1243.91602407        2.37792969
   1245.08515606        2.30468750
   1246.36490018        2.36328125
   1247.66277105        2.36328125
   1248.89630697        2.37792969
   1250.08462247        2.48046875
   1251.26897130        2.46582031
   1252.67870720        2.41699219
   1254.61273749        2.57324219
   1256.33634563        2.50976563
   1257.66146804        2.42187500
   1258.91279704        2.51464844
   1260.04794459        2.34863281
   1261.24826975        2.30468750
   1262.36568756        2.51953125
   1263.55059786        2.26074219
   1264.75508772        2.32910156
   1265.95276575        2.43164063
   1267.15472286        2.35351563
   1268.34361259        2.35839844
   1269.93302598        2.60253906
   1271.36586101        2.24609375
   1272.57064956        2.50976563
   1273.72212129        2.53906250
   1274.90500359        2.44140625
   1276.05806851        2.42675781
   1277.20780763        2.45117188
   1278.37275507        2.47558594
   1279.53849273        2.32910156
   1280.82041987        2.34863281
   1282.03853574        2.36816406
   1283.26205976        2.48046875
   1284.52007770        2.67578125
   1285.84187099        2.44140625
   1286.98476757        2.53906250
   1288.16283768        2.51953125
   1289.36530143        2.63671875
   1290.54893283        2.40722656
   1292.04433853        2.58789063
   1293.53833299        2.46582031
   1294.69575070        2.44140625
   1295.91683791        2.40722656
   1297.06730344        2.35839844
   1298.45014651        2.45117188
   1299.60424268        2.56835938
   1300.73931083        2.47070313
   1301.89177080        2.38769531
   1303.08935431        2.47558594
   1304.22473014        2.48535156
   1305.39631973        2.33886719
   1306.54452568        2.52929688
   1307.72967560        2.27539063
   1308.88673271        2.49511719
   1310.05752547        2.40234375
   1311.25808174        2.27050781
   1312.45857232        2.47070313
   1313.65984555        2.43652344
   1314.91033943        2.32421875
   1316.16197658        2.33398438
   1317.31996900        2.20214844
   1318.53004802        2.40722656
   1319.75534766        2.45605469
   1320.97137692        2.17285156
   1322.20899153        2.46093750
   1323.74935630        2.50000000
   1324.90517988        2.38769531
   1326.04481162        2.33398438
   1327.17482466        2.47558594
   1328.35766631        2.34863281
   1329.49422415        2.45605469
   1330.66149923        2.39257813
   1331.81416337        2.29492188
   1333.00235788        2.42675781
   1334.20124629        2.56835938
   1335.35098635        2.34863281
   1336.47337514        2.26074219
   1337.60329130        2.46582031
   1338.76308439        2.49023438
   1339.97277445        2.38769531
   1341.19423266        2.20703125
   1342.41066837        2.34863281
   1343.61298845        2.45117188
   1344.83271925        2.19238281
   1346.06622115        2.48046875
   1347.26269070        2.44140625
   1348.47037356        2.31933594
   1349.65315141        2.40234375
   1350.84878963        2.34863281
   1352.03511683        2.37792969
   1353.27389502        2.51953125
   1354.46051666        2.35351563
   1355.72700957        2.52441406
   1356.92788532        2.38281250
   1358.16235231        2.42187500
   1359.33519103        2.40234375
   1360.56505237        2.40234375
   1361.76681712        2.31445313
   1362.98295981        2.51464844
   1364.24010483        2.30957031
   1365.49105148        2.50000000
   1366.66259192        2.33398438
   1367.86361845        2.47558594
   1369.09905193        2.30468750
   1370.34641189        2.54394531
   1371.60006806        2.40234375
   1372.81066837        2.34375000
   1374.00407726        2.32421875
   1375.17929467        2.45117188
   1376.36303429        2.42675781
   1377.57485254        2.31933594
   1378.75912150        2.39746094
   1379.97994026        2.33886719
   1381.20835066        2.33886719
   1382.46011967        2.42187500
   1383.72852430        2.39257813
   1384.92836976        2.61718750
   1386.11639176        2.40234375
   1387.33434410        2.48535156
   1388.66659121        2.50976563
   1390.23746006        2.53417969
   1391.48943088        2.45117188
   1392.85447804        2.49511719
   1394.06362601        2.56347656
   1395.23989262        2.32910156
   1396.44115640        2.53417969
   1397.64893094        2.54394531
   1398.89505170        2.50488281
   1400.05374076        2.32910156
   1401.24753341        2.49511719
   1402.44927453        2.48046875
   1403.65285886        2.39257813
   1404.83523357        2.51953125
   1406.04082604        2.37304688
   1407.26004877        2.41699219
   1408.50726270        2.35839844
   1409.72343422        2.45117188
   1410.94754948        2.49511719
   1412.14729711        2.50000000
   1413.39653619        2.46093750
   1414.56508687        2.54882813
   1415.71974734        2.44140625
   1416.92312229        2.29003906
   1418.08475670        2.44140625
   1419.31935365        2.48535156
   1420.49181334        2.34375000
   1421.72563851        2.23632813
   1422.94410269        2.31445313
   1424.12867034        2.29980469
   1425.33150273        2.33398438
   1426.54738312        2.32421875
   1427.78173290        2.42187500
   1428.95918152        2.31445313
   1430.15198688        2.49511719
   1431.43956793        2.36816406
   1432.64135348        2.20703125
   1433.83951027        2.56835938
   1435.07103380        2.56835938
   1436.29044417        2.45117188
   1437.47488185        2.43164063
   1438.67715230        2.43652344
   1439.94955480        2.33398438
   1441.16333251        2.21191406
   1442.34748095        2.38769531
   1443.53560599        2.39257813
   1444.75276575        2.46582031
   1445.95839556        2.59765625
   1447.15595544        2.50488281
   1448.35623192        2.60253906
   1449.58912604        2.42675781
   1450.76148884        2.37304688
   1451.96391620        2.41699219
   1453.19553236        2.39746094
   1454.38391591        2.43164063
   1455.56740883        2.53906250
   1456.76462039        2.36328125
   1457.96947228        2.35839844
   1459.22197903        2.44140625
   1460.44113749        2.69042969
   1461.69350152        2.31445313
   1462.88014443        2.42187500
   1464.07891327        2.31933594
   1465.28098096        2.58300781
   1466.55422708        2.58789063
   1467.75308808        2.37792969
   1468.98619629        2.66601563
   1470.16211033        2.70507813
   1471.40691060        2.29980469
   1472.59093663        2.52929688
   1473.76281027        2.52441406
   1474.96422340        2.48535156
   1476.22507042        2.41699219
   1477.42749353        2.42187500
   1478.62717026        2.46093750
   1479.82973704        2.37304688
   1481.08405959        2.54882813
   1482.30048727        2.39746094
   1483.50186305        2.49023438
   1484.73449629        2.46093750
   1485.93826777        2.46093750
   1487.19248020        2.26074219
   1488.39308751        2.47070313
   1489.67935753        2.49023438
   1490.91465348        2.42675781
   1492.11639743        2.46582031
   1493.32677089        2.52441406
   1494.54902027        2.49023438
   1495.75031287        2.33886719
   1496.94938843        2.44628906
   1498.13408653        2.49511719
   1499.33464800        2.50000000
   1500.53937936        2.45605469
   1501.73810755        2.34863281
   1502.90638458        2.55859375
   1504.09154016        2.62207031
   1505.27902669        2.36816406
   1506.51107341        2.29980469
   1507.71549521        2.43652344
   1508.91754636        2.56347656
   1510.10432161        2.67578125
   1511.32153478        2.48535156
   1512.55049199        2.45605469
   1513.72544899        2.70019531
   1514.95299875        2.53906250
   1516.18039539        2.30957031
   1517.41176484        2.49023438
   1518.60206344        2.38281250
   1519.88104807        2.62695313
   1521.08445942        2.45605469
   1522.30859926        2.50000000
   1523.53003809        2.63671875
   1524.73117048        2.66113281
   1525.91735826        2.45117188
   1527.11349037        2.39746094
   1528.28217763        2.35839844
   1529.50247557        2.42187500
   1530.70478477        2.34375000
   1531.92057773        2.58789063
   1533.14227366        2.56835938
   1534.34379407        2.49023438
   1535.56369548        2.40722656
   1536.80503100        2.57324219
   1538.00733406        2.50000000
   1539.20924627        2.51953125
   1540.42596839        2.44628906
   1541.69883736        2.50488281
   1542.99423786        2.39257813
   1544.19735571        2.50976563
   1545.46681428        2.56347656
   1546.61561762        2.44628906
   1547.86770233        2.50976563
   1549.07151162        2.29980469
   1550.22163450        2.59277344
   1551.42221251        2.31445313
   1552.62267803        2.32910156
   1553.82647787        2.51953125
   1555.02776859        2.54882813
   1556.23110762        2.50976563
   1557.46386941        2.27050781
   1558.66571781        2.48046875
   1559.84885343        2.26562500
   1561.07023366        2.50000000
   1562.23629884        2.40234375
   1563.43736129        2.47070313
   1564.62535966        2.46582031
   1565.83958400        2.49023438
   1567.03965064        2.42187500
   1568.27928900        2.50000000
   1569.47856258        2.59765625
   1570.67811313        2.42675781
   1571.89215267        2.35839844
   1573.09589674        2.51953125
   1574.30678252        2.54394531
   1575.49498365        2.38769531
   1576.68306142        2.42675781
   1577.91638893        2.51953125
   1579.08396317        2.56835938
   1580.34008828        2.51953125
   1581.59387536        2.45117188
   1582.79301756        2.57812500
   1583.99234078        2.43652344
   1585.22674348        2.55371094
   1586.47553075        2.49023438
   1587.64862610        2.70507813
   1588.83415222        2.32421875
   1590.03757869        2.50488281
   1591.23932359        2.53417969
   1592.48905704        2.45117188
   1593.68747282        2.27050781
   1594.90870891        2.55859375
   1596.10923729        2.60253906
   1597.34172732        2.52441406
   1598.50867488        2.56347656
   1599.69623419        2.38769531
   1600.96252481        2.62695313
   1602.11584967        2.51464844
   1603.31666682        2.49511719
   1604.51867166        2.50976563
   1605.72212271        2.35351563
   1606.97392952        2.51464844
   1608.17600762        2.29492188
   1609.47534785        2.46582031
   1610.68112747        2.41699219
   1611.89575638        2.33886719
   1613.13346834        2.59765625
   1614.38506437        2.35839844
   1615.60646303        2.37304688
   1616.78699690        2.66601563
   1617.99618362        2.44140625
   1619.22862780        2.35839844
   1620.42752094        2.45605469
   1621.59821965        2.60253906
   1622.79843044        2.29980469
   1623.99909588        2.50488281
   1625.21601887        2.53417969
   1626.41875106        2.38281250
   1627.60359756        2.39746094
   1628.90817343        2.43652344
   1630.15789459        2.59765625
   1631.41758701        2.51953125
   1632.62334915        2.36816406
   1633.80358385        2.40234375
   1634.97937643        2.50000000
   1636.19551629        2.34863281
   1637.44852213        2.34375000
   1638.63025361        2.59277344
   1639.84524122        2.37304688
   1641.04818515        2.29003906
   1642.23574116        2.39257813
   1643.48080940        2.58789063
   1644.83269420        2.60253906
   1646.09432435        2.40722656
   1647.33294374        2.47070313
   1648.55085213        2.36816406
   1649.75121793        2.51464844
   1650.93085997        2.52441406
   1652.13460026        2.54882813
   1653.33712262        2.34375000
   1654.49094608        2.48046875
   1655.69509991        2.52441406
   1656.90822684        2.54394531
   1658.19391742        2.60742188
   1659.37930648        2.39746094
   1660.59838412        2.38281250
   1661.79838271        2.52441406
   1663.02398955        2.64648438
   1664.27592680        2.51464844
   1665.47424996        2.33398438
   1666.64038320        2.50000000
   1667.84296132        2.33886719
   1669.04757122        2.50000000
   1670.20117209        2.38281250
   1671.35492230        2.50488281
   1672.58755979        2.58300781
   1673.75474176        2.54394531
   1674.93850218        2.46093750
   1676.13462531        2.23144531
   1677.30973874        2.53417969
   1678.48801539        2.46093750
   1679.65849292        2.38769531
   1680.85998119        2.32910156
   1682.06069957        2.53906250
   1683.29478468        2.55859375
   1684.46247661        2.50000000
   1685.64875276        2.63671875
   1686.86607180        2.39257813
   1688.05229881        2.26562500
   1689.29061147        2.59765625
   1690.52393850        2.27539063
   1691.73059531        2.33886719
   1692.92387612        2.44628906
   1694.12999603        2.50488281
   1695.37489366        2.58789063
   1696.54156947        2.57812500
   1697.69460319        2.36328125
   1698.87982636        2.59277344
   1700.09498601        2.47070313
   1701.29699936        2.36816406
   1702.50535616        2.39746094
   1703.70304223        2.34863281
   1704.95550078        2.55371094
   1706.17765705        2.44628906
   1707.39247831        2.29492188
   1708.59446235        2.35351563
   1709.84419863        2.31933594
   1711.06698726        2.56835938
   1712.26818629        2.56835938
   1713.54494962        2.31445313
   1714.80172458        2.47558594
   1716.12735079        2.32910156
   1717.37018735        2.61718750
   1718.57131075        2.29492188
   1719.77569333        2.32421875
   1721.00360937        2.57324219
   1722.22295499        2.35351563
   1723.42252207        2.46093750
   1724.62521929        2.57812500
   1725.82886080        2.44140625
   1727.06068681        2.37792969
   1728.28160387        2.30468750
   1729.48147390        2.51953125
   1730.68599637        2.51953125
   1731.96842827        2.54882813
   1733.15033036        2.45605469
   1734.36913010        2.36816406
   1735.56967125        2.49511719
   1736.77057962        2.28515625
   1737.99689302        2.64160156
   1739.24142532        2.48535156
   1740.44595251        2.31445313
   1741.63275989        2.37792969
   1742.87716789        2.42187500
   1744.09775649        2.45605469
   1745.35084598        2.51953125
   1746.55149252        2.38281250
   1747.75177657        2.37304688
   1748.95798297        2.32421875
   1750.13956415        2.40234375
   1751.36003412        2.56835938
   1752.56117124        2.51953125
   1753.76320302        2.49023438
   1755.01506938        2.36328125
   1756.19387772        2.62695313
   1757.39614912        2.53417969
   1758.58024652        2.34375000
   1759.83111849        2.40234375
   1761.05206722        2.56347656
   1762.23625017        2.34863281
   1763.45782228        2.24609375
   1764.68643638        2.38769531
   1765.87280659        2.30957031
   1767.11259334        2.40722656
   1768.33992618        2.36328125
   1769.56195909        2.50488281
   1770.79613636        2.39257813
   1772.06223746        2.57324219
   1773.24509660        2.54394531
   1774.46428673        2.41699219
   1775.66476312        2.57324219
   1776.86582651        2.54882813
   1778.06818912        2.44628906
   1779.27048509        2.36328125
   1780.47332930        2.48046875
   1781.67212696        2.51464844
   1782.92629639        2.49511719
   1784.14418398        2.40234375
   1785.35905628        2.49023438
   1786.59278031        2.34863281
   1787.80754249        2.52441406
   1789.01278286        2.50976563
   1790.19294525        2.56347656
   1791.41602123        2.70019531
   1792.65135121        2.51464844
   1793.85248880        2.43652344
   1795.10246564        2.57812500
   1796.27805263        2.58300781
   1797.45782606        2.71484375
   1798.67366344        2.45605469
   1799.91713141        2.58300781
   1801.17235949        2.48046875
   1802.43425100        2.46093750
   1803.70041590        2.38281250
   1804.88280195        2.42187500
   1806.08684235        2.35351563
   1807.25429041        2.55859375
   1808.51258294        2.53906250
   1809.76595081        2.36328125
   1810.96330510        2.41699219
   1812.23030276        2.61718750
   1813.45070656        2.48046875
   1814.67138496        2.53906250
   1815.88587680        2.52441406
   1817.07214587        2.59277344
   1818.32406611        2.53417969
   1819.49943097        2.60742188
   1820.69870409        2.52441406
   1821.88263607        2.50488281
   1823.04923720        2.57324219
   1824.26874728        2.50000000
   1825.45315802        2.55371094
   1826.60749286        2.33398438
   1827.85599089        2.50488281
   1829.06441764        2.59765625
   1830.26534681        2.50488281
   1831.51094911        2.39257813
   1832.74465282        2.58789063
   1833.97057914        2.53417969
   1835.16561903        2.60253906
   1836.38064399        2.65136719
   1837.60383812        2.29980469
   1838.79453561        2.56835938
   1839.99954062        2.50976563
   1841.20202847        2.50488281
   1842.40083606        2.56347656
   1843.55989281        2.47070313
   1844.78881506        2.36328125
   1846.00516097        2.56347656
   1847.19035815        2.47558594
   1848.41160463        2.50976563
   1849.62723500        2.65625000
   1850.86849349        2.47558594
   1852.09621529        2.62695313
   1853.31982674        2.39257813
   1854.56727508        2.62695313
   1855.76805537        2.49511719
   1857.00243870        2.64160156
   1858.21906677        2.50488281
   1859.42142324        2.51953125
   1860.60932614        2.51464844
   1861.85421338        2.50488281
   1863.05711855        2.41210938
   1864.27827098        2.63671875
   1865.51298939        2.66113281
   1866.71657466        2.58300781
   1867.88145027        2.56835938
   1869.08220551        2.64648438
   1870.27176163        2.68066406
   1871.48903010        2.51953125
   1872.69367875        2.50976563
   1873.95432066        2.51953125
   1875.15753776        2.47558594
   1876.37549956        2.63671875
   1877.57497495        2.45117188
   1878.74541278        2.45605469
   1879.94698471        2.55371094
   1881.19957370        2.49023438
   1882.40010161        2.47070313
   1883.63500057        2.40234375
   1884.85416659        2.61230469
   1886.03809999        2.62695313
   1887.26329612        2.56347656
   1888.46088200        2.37304688
   1889.71194775        2.35839844
   1890.91556421        2.48535156
   1892.11739135        2.40234375
   1893.36460811        2.51464844
   1894.61711345        2.41699219
   1895.84539152        2.56347656
   1897.09349916        2.49511719
   1898.36143638        2.41699219
   1899.56532034        2.26074219
   1900.80023536        2.37792969
   1902.01789988        2.55371094
   1903.21988251        2.41699219
   1904.47641596        2.35839844
   1905.70658024        2.50000000
   1906.90994622        2.62695313
   1908.12908246        2.59765625
   1909.33469715        2.65136719
   1910.56255742        2.48046875
   1911.81172278        2.64648438
   1913.02922519        2.61230469
   1914.21073029        2.61718750
   1915.43101924        2.54882813
   1916.72981927        2.62695313
   1917.90162911        2.54882813
   1919.08540844        2.65136719
   1920.30497334        2.51953125
   1921.48901592        2.42675781
   1922.75566620        2.68066406
   1923.97330472        2.57812500
   1925.16604533        2.68554688
   1926.44123485        2.64160156
   1927.63272019        2.70019531
   1928.84845927        2.63671875
   1930.06965518        2.57812500
   1931.27065760        2.39257813
   1932.47347392        2.62695313
   1933.72006257        2.53417969
   1934.90176664        2.44628906
   1936.12060230        2.53906250
   1937.32692449        2.47558594
   1938.52877101        2.53906250
   1939.76017402        2.50000000
   1940.92915099        2.45117188
   1942.12984527        2.66113281
   1943.31722546        2.50488281
   1944.53196542        2.52929688
   1945.73880608        2.68554688
   1946.93625584        2.57324219
   1948.13625206        2.60253906
   1949.38296643        2.42187500
   1950.59246129        2.64160156
   1951.79260497        2.56835938
   1952.98766140        2.61718750
   1954.17264164        2.62207031
   1955.39549502        2.77832031
   1956.57778749        2.60742188
   1957.79465045        2.47070313
   1959.05160501        2.54882813
   1960.25162344        2.55859375
   1961.45936773        2.55859375
   1962.69016296        2.62207031
   1963.90637749        2.50976563
   1965.10938569        2.56347656
   1966.36208008        2.52441406
   1967.55995142        2.49023438
   1968.76490160        2.49023438
   1969.99915685        2.56835938
   1971.19779855        2.64648438
   1972.38433040        2.55371094
   1973.56956302        2.57812500
   1974.74927690        2.49023438
   1975.93840908        2.63671875
   1977.15188338        2.63183594
   1978.35213954        2.68554688
   1979.60835066        2.68554688
   1980.85824527        2.37304688
   1982.05684113        2.69531250
   1983.24432718        2.53906250
   1984.41280460        2.46093750
   1985.61296387        2.48046875
   1986.81905401        2.49511719
   1988.05229692        2.67089844
   1989.27890429        2.71972656
   1990.48117993        2.50000000
   1991.70064370        2.63671875
   1992.90348697        2.60253906
   1994.05257245        2.58300781
   1995.31113910        2.34375000
   1996.55683404        2.50488281
   1997.75707507        2.50976563
   1998.99087850        2.55371094
   2000.22281320        2.52929688
   2001.47325368        2.64160156
   2002.68039917        2.41699219
   2003.94636936        2.69042969
   2005.19267161        2.64648438
   2006.39476152        2.76367188
   2007.60554946        2.70996094
   2008.82947095        2.62207031
   2010.04829905        2.59765625
   2011.28658950        2.40234375
   2012.55202233        2.57324219
   2013.83447313        2.70507813
   2015.07456756        2.54394531
   2016.29647948        2.69531250
   2017.54038509        2.70507813
   2018.76029312        2.49511719
   2019.97002760        2.58789063
   2021.16963864        2.52929688
   2022.36904928        2.46582031
   2023.55126283        2.38281250
   2024.77018924        2.65136719
   2025.95370579        2.62695313
   2027.15442133        2.63671875
   2028.37376316        2.55371094
   2029.57635027        2.70507813
   2030.87904938        2.54394531
   2032.11454714        2.55859375
   2033.36426073        2.72460938
   2034.56575042        2.56347656
   2035.77060419        2.45117188
   2037.01641303        2.76367188
   2038.30210929        2.68066406
   2039.47138448        2.45605469
   2040.70101140        2.59765625
   2041.94139460        2.64160156
   2043.17275035        2.67578125
   2044.41734078        2.45605469
   2045.59079201        2.65625000
   2046.81978562        2.70996094
   2047.98987750        2.55371094
   2049.24317069        2.54394531
   2050.44817759        2.40722656
   2051.66321672        2.56835938
   2052.88396932        2.63183594
   2054.09100894        2.66601563
   2055.38775403        2.49511719
   2056.57479630        2.56835938
   2057.77183441        2.50976563
   2058.94513488        2.52929688
   2060.13048850        2.57324219
   2061.32837826        2.36816406
   2062.49444297        2.50488281
   2063.64592085        2.65625000
   2064.89815869        2.66601563
   2066.07914579        2.41699219
   2067.30597151        2.49511719
   2068.53450148        2.66113281
   2069.72323241        2.53417969
   2070.94248540        2.46093750
   2072.18223292        2.48535156
   2073.39623655        2.44140625
   2074.59876600        2.57812500
   2075.80115602        2.70996094
   2077.00498469        2.59765625
   2078.20534151        2.69042969
   2079.50711855        2.70507813
   2080.68999754        2.49511719
   2081.88940630        2.45605469
   2083.04043897        2.72460938
   2084.21103087        2.64160156
   2085.39836853        2.47070313
   2086.61455895        2.68066406
   2087.81238019        2.54394531
   2089.00686759        2.71972656
   2090.17766934        2.56347656
   2091.40837855        2.62695313
   2092.61626699        2.71484375
   2093.93314696        2.51464844
   2095.16475934        2.62695313
   2096.35530937        2.61230469
   2097.55644413        2.52441406
   2098.77961888        2.66601563
   2100.01261934        2.78320313
   2101.24364756        2.76855469
   2102.41003790        2.50488281
   2103.66176815        2.69531250
   2104.86225211        2.79296875
   2106.09811473        2.47558594
   2107.32010464        2.51464844
   2108.55160737        2.75390625
   2109.82333875        2.74902344
   2111.05946226        2.79296875
   2112.27262085        2.76855469
   2113.47186702        2.66113281
   2114.65764032        2.34375000
   2115.82596650        2.71484375
   2117.02830312        2.76367188
   2118.21737433        2.86132813
   2119.41807948        2.46093750
   2120.60273881        2.70019531
   2121.77503970        2.55859375
   2122.97888444        2.61718750
   2124.22299280        2.62207031
   2125.47374709        2.84667969
   2126.72349661        2.59765625
   2127.93144413        2.70507813
   2129.15762142        2.61718750
   2130.33489139        2.61718750
   2131.53536070        2.58789063
   2132.73611878        2.65136719
   2133.93643968        2.77343750
   2135.08653610        2.51953125
   2136.26738378        2.51464844
   2137.52793826        2.57324219
   2138.73328213        2.53906250
   2139.93334405        2.49023438
   2141.13408086        2.51953125
   2142.33770393        2.50000000
   2143.58626151        2.61230469
   2144.79072206        2.66601563
   2146.02285196        2.44628906
   2147.22310197        2.70019531
   2148.47326644        2.59277344
   2149.71045381        2.59765625
   2150.95347184        2.67578125
   2152.18371080        2.44140625
   2153.38728189        2.69042969
   2154.60697629        2.71972656
   2155.89683347        2.54394531
   2157.09479649        2.70507813
   2158.31352629        2.61230469
   2159.51714275        2.60253906
   2160.76588134        2.52441406
   2161.92086224        2.58789063
   2163.14339613        2.70019531
   2164.32728746        2.48535156
   2165.52683612        2.76855469
   2166.73024085        2.63671875
   2167.90389767        2.63671875
   2169.14360928        2.71972656
   2170.32416158        2.60253906
   2171.52387423        2.49511719
   2172.70886912        2.60742188
   2173.93432851        2.45605469
   2175.13402131        2.42675781
   2176.33215967        2.76855469
   2177.61905685        2.58300781
   2178.80760676        2.34375000
   2179.95638883        2.57324219
   2181.15549511        2.60742188
   2182.35547857        2.78320313
   2183.50713651        2.57812500
   2184.74178781        2.69042969
   2185.91416526        2.48535156
   2187.14606594        2.56835938
   2188.34762841        2.70019531
   2189.59552479        2.70507813
   2190.81453863        2.53417969
   2192.04872204        2.59765625
   2193.24793845        2.62207031
   2194.42247245        2.58789063
   2195.59909825        2.58300781
   2196.77388368        2.79296875
   2197.97030881        2.55371094
   2199.17234579        2.67578125
   2200.35828922        2.58300781
   2201.57312655        2.67089844
   2202.77792124        2.74902344
   2204.00232905        2.33398438
   2205.24966681        2.66113281
   2206.46928370        2.48535156
   2207.67072896        2.57324219
   2208.90528905        2.53906250
   2210.09199104        2.49023438
   2211.32471785        2.55371094
   2212.51722498        2.60253906
   2213.75341229        2.45605469
   2214.95570637        2.39257813
   2216.11891412        2.48535156
   2217.32359066        2.72949219
   2218.52287370        2.49511719
   2219.72589088        2.53906250
   2220.89873670        2.53417969
   2222.09110961        2.71484375
   2223.32317854        2.59277344
   2224.49509140        2.49023438
   2225.69533102        2.48535156
   2226.90102889        2.55859375
   2228.12805121        2.55859375
   2229.37690275        2.83203125
   2230.59425582        2.49023438
   2231.84244948        2.55371094
   2233.01580099        2.45605469
   2234.21657277        2.52441406
   2235.40368027        2.79785156
   2236.61807428        2.56347656
   2237.80375967        2.66113281
   2238.97199841        2.53906250
   2240.26126812        2.47558594
   2241.47918975        2.57812500
   2242.68191155        2.61718750
   2243.88120120        2.52929688
   2245.11451878        2.65136719
   2246.33781973        2.71484375
   2247.52150736        2.57812500
   2248.69146974        2.50976563
   2249.87526230        2.53906250
   2251.12359538        2.56347656
   2252.39078681        2.59277344
   2253.60027459        2.65625000
   2254.78243946        2.66601563
   2255.98092472        2.69531250
   2257.25095469        2.62207031
   2258.45422472        2.68066406
   2259.65746167        2.62695313
   2260.85642900        2.51953125
   2262.03960338        2.44628906
   2263.26252954        2.48535156
   2264.44170085        2.58300781
   2265.66595979        2.56835938
   2266.81749296        2.67089844
   2268.06713661        2.52441406
   2269.30876940        2.53906250
   2270.71583029        2.61718750
   2271.97019916        2.66601563
   2273.21490302        2.53417969
   2274.43296595        2.49023438
   2275.64822202        2.51464844
   2276.81913105        2.74414063
   2278.12049407        2.51953125
   2279.32228576        2.65136719
   2280.56375456        2.61718750
   2281.74810197        2.59765625
   2282.94713689        2.63183594
   2284.13387574        2.63183594
   2285.33387007        2.71484375
   2286.53427746        2.55371094
   2287.73774836        2.55371094
   2288.95564493        2.34375000
   2290.19140074        2.72460938
   2291.41081583        2.72460938
   2292.60778447        2.82226563
   2293.81138108        2.81250000
   2294.99684339        2.50000000
   2296.19556875        2.61230469
   2297.36647116        2.50976563
   2298.57344084        2.55859375
   2299.77361051        2.70996094
   2301.02117511        2.48535156
   2302.25909078        2.69531250
   2303.49831938        2.67089844
   2304.76637002        2.62695313
   2306.19660709        2.50000000
   2307.95560523        2.61230469
   2309.35247793        2.73925781
   2310.55355124        2.58789063
   2311.75476776        2.63671875
   2312.95699378        2.67578125
   2314.19048717        2.88574219
   2315.41242698        2.72949219
   2316.66626699        2.62695313
   2317.91449184        2.60742188
   2319.11304894        2.81738281
   2320.36335756        2.41210938
   2321.56709501        2.65136719
   2322.81713991        2.62695313
   2324.05594315        2.73925781
   2325.27399994        2.66601563
   2326.49963183        2.84667969
   2327.67779033        2.53906250
   2328.97983534        2.79785156
   2330.24119043        2.73437500
   2331.53442870        2.69531250
   2332.84857081        2.51464844
   2334.66568000        2.79296875
   2335.88221213        2.63183594
   2337.09968476        2.75390625
   2338.30346522        2.77343750
   2339.55283806        2.64648438
   2340.73374152        2.72949219
   2341.93520994        2.70019531
   2343.14434231        2.58300781
   2344.34950044        2.82714844
   2345.56175681        2.70996094
   2346.74616708        2.82714844
   2347.91729068        2.85156250
   2349.10236403        2.71484375
   2350.27370030        2.74902344
   2351.52174178        2.67089844
   2352.72809753        2.51953125
   2353.94278220        2.49511719
   2355.09587358        2.77343750
   2356.29606830        2.68554688
   2357.47932586        2.73925781
   2358.70144999        2.63671875
   2359.89979914        2.71484375
   2361.13708055        2.66601563
   2362.33899654        2.56347656
   2363.50605753        2.75390625
   2364.72299280        2.64648438
   2365.95908936        2.88085938
   2367.15919995        2.88085938
   2368.34262765        2.58789063
   2369.54684292        2.68066406
   2370.76010502        2.62207031
   2371.94864501        2.68066406
   2373.16239012        2.74414063
   2374.31504055        2.59277344
   2375.56856296        2.56835938
   2376.78709426        2.56347656
   2377.97433408        2.57812500
   2379.16016362        2.71484375
   2380.37771896        2.77343750
   2381.62547262        2.70507813
   2382.79738123        2.80761719
   2383.99735476        2.70019531
   2385.20364246        2.71972656
   2386.36858281        2.56835938
   2387.55424930        2.49023438
   2388.75451302        2.93457031
   2389.95679150        2.61718750
   2391.15884313        2.61718750
   2392.42319980        2.69531250
   2393.66130357        2.88085938
   2394.86202242        2.66113281
   2396.04417547        2.77832031
   2397.21404144        2.81738281
   2398.39739919        2.79296875
   2399.62843025        2.78320313
   2400.82465121        2.81250000
   2402.02239021        2.63671875
   2403.20989801        2.51953125
   2404.44891913        2.91503906
   2405.66865418        2.81250000
   2406.89766858        2.95410156
   2408.11929646        2.67578125
   2409.34097633        2.60742188
   2410.52770998        2.54882813
   2411.74446944        2.70996094
   2412.93255430        2.79296875
   2414.17848413        2.58300781
   2415.38173857        2.43652344
   2416.60205257        2.64160156
   2417.80684869        2.69531250
   2419.02391109        2.77343750
   2420.22624818        2.67578125
   2421.45809639        2.84667969
   2422.66481511        2.72460938
   2423.88205995        2.70996094
   2425.11021844        2.78808594
   2426.29438484        2.62695313
   2427.46655292        2.78320313
   2428.66384105        2.59765625
   2429.87082916        2.67578125
   2431.06915940        2.64648438
   2432.26900722        2.66113281
   2433.45316370        2.62207031
   2434.65621160        2.61718750
   2435.82930648        2.67089844
   2437.10875759        2.52929688
   2438.31214955        2.50976563
   2439.50947171        2.76855469
   2440.73487769        2.71484375
   2441.93153392        2.70019531
   2443.08802815        2.88574219
   2444.28728709        2.83203125
   2445.45690635        2.89062500
   2446.64033641        2.69531250
   2447.84202838        2.65625000
   2449.04314753        2.62695313
   2450.26612473        2.64648438
   2451.46691542        2.46093750
   2452.73436584        2.86621094
   2454.03755648        2.72460938
   2455.35226053        2.62695313
   2456.57057206        2.66601563
   2457.80619648        2.64648438
   2459.01945999        2.76367188
   2460.22079749        2.66113281
   2461.42552508        2.64648438
   2462.60754910        2.68066406
   2463.80562603        2.58789063
   2465.02734040        2.53906250
   2466.16162873        2.80273438
   2467.38353687        2.69042969
   2468.63343101        2.80273438
   2469.83782870        2.60253906
   2471.04084920        2.73925781
   2472.32040806        2.86132813
   2473.53620999        2.66601563
   2474.74203121        2.69042969
   2475.92852619        2.70507813
   2477.14435459        2.82226563
   2478.34424353        2.74414063
   2479.54715154        2.69531250
   2480.76948504        2.61230469
   2481.97195399        2.47070313
   2483.12335813        2.70507813
   2484.32539085        2.70996094
   2485.48022714        2.76855469
   2486.65939562        2.56347656
   2487.82983629        2.56835938
   2488.98087557        2.82714844
   2490.19205437        2.93945313
   2491.43019358        2.51464844
   2492.61770327        2.67089844
   2493.78438522        2.79296875
   2494.98895022        2.76855469
   2496.22130083        2.77832031
   2497.47274231        2.55859375
   2498.69080288        2.56835938
   2499.92774779        2.76367188
   2501.15573378        2.76367188
   2502.35452719        2.78808594
   2503.50985406        2.70019531
   2504.69069182        2.71484375
   2505.89223066        2.57324219
   2507.14293580        2.63671875
   2508.36114383        2.62695313
   2509.56280933        2.52441406
   2510.74596764        2.54882813
   2511.96590213        2.71484375
   2513.26709171        2.54394531
   2514.46908568        2.53417969
   2515.65259514        2.56835938
   2516.87394276        2.81250000
   2518.10762945        2.89062500
   2519.27258682        2.78808594
   2520.52563709        2.75878906
   2521.72527365        2.77832031
   2522.92745099        2.77832031
   2524.19958126        2.60742188
   2525.38387716        2.79785156
   2526.56525086        2.61718750
   2527.76763096        2.50488281
   2528.96722262        2.65136719
   2530.19035862        2.75390625
   2531.40875522        2.75390625
   2532.64662552        2.93945313
   2533.84368159        2.72460938
   2535.06238161        2.53906250
   2536.29944893        2.52441406
   2537.52162741        2.57324219
   2538.75683073        2.48046875
   2540.02813061        2.82226563
   2541.21236129        2.53906250
   2542.45054776        2.80273438
   2543.63440223        2.58789063
   2544.85590723        2.83691406
   2546.00705097        2.80273438
   2547.18845965        2.82226563
   2548.42243038        2.80273438
   2549.63652334        2.66113281
   2550.84118948        2.81250000
   2552.02944354        2.70019531
   2553.24586650        2.71484375
   2554.42840662        2.82226563
   2555.64420005        2.91015625
   2556.84695304        2.65625000
   2558.05360890        2.64648438
   2559.28158497        2.94921875
   2560.46917216        2.55859375
   2561.67300319        2.89550781
   2562.85570259        2.86132813
   2564.07456992        2.66113281
   2565.28965726        2.83691406
   2566.50627918        2.82226563
   2567.69337628        2.81738281
   2568.90884786        2.85156250
   2570.11255884        2.71484375
   2571.30378046        2.74414063
   2572.55192071        2.74902344
   2573.75628202        2.75390625
   2574.95331541        2.67578125
   2576.18876070        2.71972656
   2577.38998053        2.74414063
   2578.61378717        2.63671875
   2579.82943125        2.80761719
   2581.02582046        2.66601563
   2582.22536108        2.88574219
   2583.42768777        2.84667969
   2584.61586574        2.83203125
   2585.83061705        2.69531250
   2587.03171588        2.68066406
   2588.23877441        2.77832031
   2589.44025890        2.88085938
   2590.64366836        2.89062500
   2591.82570467        2.63183594
   2592.97534501        2.60742188
   2594.19930903        2.58300781
   2595.39628003        2.73437500
   2596.58297541        2.79785156
   2597.81613513        2.76367188
   2599.01100819        2.78808594
   2600.21230788        2.68066406
   2601.38079806        2.82714844
   2602.65074390        2.69042969
   2603.94768654        2.89062500
   2605.11665973        2.87109375
   2606.30139375        2.80761719
   2607.52492296        2.81738281
   2608.75604666        2.86621094
   2609.97818355        2.63183594
   2611.20755194        2.89550781
   2612.37404626        2.97851563
   2613.57809280        2.74414063
   2614.72882489        2.72460938
   2615.88459837        2.73437500
   2617.08547555        2.76367188
   2618.26980311        2.81250000
   2619.48788731        2.80273438
   2620.73823657        2.92968750
   2621.92710976        2.65136719
   2623.14235212        2.74902344
   2624.33983260        2.75878906
   2625.52966331        2.90039063
   2626.71996238        3.01269531
   2627.93607482        2.68066406
   2629.18660085        2.67578125
   2630.34062518        2.69531250
   2631.54263947        2.68554688
   2632.72828090        2.62695313
   2633.97312513        2.68554688
   2635.19579938        2.89062500
   2636.44292446        2.91015625
   2637.64702299        2.83691406
   2638.80501635        2.75390625
   2640.02142655        2.78320313
   2641.20363159        2.92480469
   2642.40722773        2.88574219
   2643.65686948        2.70507813
   2644.85870796        2.84667969
   2646.09260828        2.81250000
   2647.31356882        2.92480469
   2648.51443277        2.73925781
   2649.71653355        2.54394531
   2650.91924778        2.89550781
   2652.15199917        2.92968750
   2653.32106074        2.71972656
   2654.52222527        2.84179688
   2655.72629024        2.93945313
   2656.92520181        2.86132813
   2658.12319035        2.81250000
   2659.32912547        2.92968750
   2660.52852099        2.76367188
   2661.72766887        2.80761719
   2662.91204794        2.92480469
   2664.11158478        2.71484375
   2665.30101660        2.65625000
   2666.47387801        2.62207031
   2667.69429079        2.73925781
   2668.92625527        2.88085938
   2670.08134819        2.56347656
   2671.36469601        2.80273438
   2672.56937019        2.64160156
   2673.83191202        2.64648438
   2675.01886024        2.80761719
   2676.23891903        2.93457031
   2677.42031495        2.82226563
   2678.59430402        2.80273438
   2679.82513659        2.69531250
   2681.02852619        2.68066406
   2682.24732735        2.81738281
   2683.44990878        2.56347656
   2684.65243303        2.62695313
   2685.85070184        2.81250000
   2687.02851201        2.94921875
   2688.23853432        2.71972656
   2689.42446736        2.72460938
   2690.62764665        2.78320313
   2691.82820340        2.73925781
   2693.02855266        2.69042969
   2694.21362034        2.84667969
   2695.47066469        2.93945313
   2696.67104467        2.57324219
   2697.96968732        2.73925781
   2699.17148090        2.54394531
   2700.37270781        2.74414063
