      0.27008006       3.21308103
      1.58705976       3.21421517
      2.85307201       3.21529983
      4.02358073       3.21633806
      5.22399853       3.21733293
      6.45536042       3.21828751
      7.67474620       3.21920486
      8.86033282       3.22008806
     10.06110744       3.22094015
     11.27025446       3.22176421
     12.46846702       3.22256331
     13.66849916       3.22334051
     14.87002335       3.22409887
     16.07175832       3.22484146
     17.27174320       3.22557134
     18.47384114       3.22629159
     19.64241498       3.22700526
     20.92901251       3.22771542
     22.09406630       3.22842513
     23.34267066       3.22913747
     24.59680937       3.22989584
     25.81413880       3.23068510
     26.98579220       3.23150691
     28.21881912       3.23236143
     29.39140878       3.23324731
     30.65302616       3.23416175
     31.82537431       3.23510071
     33.05520115       3.23605893
     34.25640585       3.23702941
     35.45794185       3.23800357
     36.65989801       3.23897194
     37.86589315       3.23992382
     39.09554653       3.24084815
     40.36595837       3.24173395
     41.51433730       3.24257011
     42.76923691       3.24334590
     43.93743312       3.24405110
     45.20271093       3.24467656
     46.42320169       3.24521398
     47.60582547       3.24565592
     48.80686098       3.24600024
     50.03131179       3.24624370
     51.31106065       3.24638424
     52.51287880       3.24642018
     53.73245931       3.24635024
     54.91924920       3.24617331
     56.13615659       3.24588988
     57.36975821       3.24550151
     58.55843999       3.24501100
     59.77431565       3.24442358
     60.96115895       3.24374654
     62.14144044       3.24298756
     63.36001711       3.24215539
     64.56275687       3.24125899
     65.76602359       3.24030759
     66.96938390       3.23931091
     68.13631350       3.23827961
     69.38435214       3.23722489
     70.58265828       3.23615880
     71.90716487       3.23509188
     73.14022818       3.23403424
     74.34212715       3.23299486
     75.55606698       3.23198221
     76.77217801       3.23100402
     78.00954875       3.23006708
     79.24685615       3.22917699
     80.44819130       3.22833805
     81.67587859       3.22755505
     82.83866004       3.22683343
     84.04303788       3.22617794
     85.26794762       3.22559388
     86.53020115       3.22508616
     87.73054946       3.22465805
     88.98697232       3.22431228
     90.17256083       3.22405007
     91.35717668       3.22387093
     92.52771187       3.22377167
     93.72806681       3.22374699
     94.92971388       3.22378917
     96.12874265       3.22388772
     97.32992939       3.22403023
     98.55378708       3.22420176
     99.71776093       3.22438638
    100.94116491       3.22456828
    102.17606811       3.22473254
    103.37713764       3.22486427
    104.56362884       3.22494957
    105.79888084       3.22497675
    106.99918096       3.22493423
    108.21369312       3.22481065
    109.45041827       3.22459658
    110.68763777       3.22428382
    111.88994839       3.22386553
    113.07467106       3.22333725
    114.27818922       3.22269621
    115.45548283       3.22194080
    116.63788495       3.22106978
    117.84239087       3.22008212
    119.04475112       3.21897865
    120.31501267       3.21776192
    121.54443683       3.21643624
    122.77715608       3.21500714
    123.94528990       3.21348193
    125.14735004       3.21186981
    126.38228869       3.21018216
    127.58430015       3.20843217
    128.75161304       3.20663293
    129.98729323       3.20479677
    131.18778617       3.20293586
    132.38996777       3.20106076
    133.58889871       3.19918062
    134.87566875       3.19730390
    136.06168355       3.19543699
    137.26125017       3.19358515
    138.49394484       3.19175257
    139.72550475       3.18994269
    140.92586536       3.18815722
    142.10032043       3.18639687
    143.33402698       3.18466220
    144.64944042       3.18295373
    145.85358527       3.18127307
    147.07617067       3.17962244
    148.33948003       3.17800387
    149.52689992       3.17641939
    150.76396440       3.17487160
    151.96090610       3.17336340
    153.24730703       3.17189520
    154.48720627       3.17046668
    155.65249825       3.16907663
    156.82096574       3.16772230
    158.10396903       3.16639913
    159.35532119       3.16510255
    160.57567490       3.16382604
    161.73723982       3.16256190
    162.95797304       3.16130133
    164.15971133       3.16003572
    165.37798363       3.15875617
    166.58053718       3.15745382
    167.77660264       3.15612003
    168.99964459       3.15474672
    170.23639101       3.15332649
    171.47109950       3.15185199
    172.66856627       3.15031591
    173.88579409       3.14871073
    175.10594032       3.14702914
    176.33907121       3.14526429
    177.57541685       3.14340940
    178.78961425       3.14145864
    180.04626727       3.13940788
    181.21696646       3.13725452
    182.42098418       3.13499797
    183.62111178       3.13264043
    184.82230845       3.13018590
    185.98640896       3.12763991
    187.20632786       3.12500993
    188.44069371       3.12230595
    189.62400751       3.11953971
    190.86074919       3.11672447
    192.07694245       3.11387451
    193.29546477       3.11100391
    194.55639498       3.10812650
    195.75517657       3.10525626
    196.99359085       3.10240628
    198.24977125       3.09958765
    199.47123230       3.09680880
    200.75475405       3.09407774
    201.94527525       3.09140112
    203.12247197       3.08878433
    204.32157353       3.08623123
    205.50349689       3.08374561
    206.70889653       3.08132902
    207.89110677       3.07898274
    209.13104099       3.07670702
    210.34987476       3.07450192
    211.55066166       3.07236646
    212.72961983       3.07029961
    213.97119213       3.06829996
    215.18591933       3.06636497
    216.35749712       3.06449102
    217.55995850       3.06267349
    218.79187383       3.06090774
    219.99744882       3.05918900
    221.19914787       3.05751153
    222.41431036       3.05586843
    223.63318052       3.05425266
    224.83311766       3.05265894
    226.05287020       3.05108240
    227.28868367       3.04951898
    228.53727007       3.04796565
    229.73847713       3.04641992
    230.89497656       3.04487882
    232.14239135       3.04333956
    233.34500255       3.04179990
    234.68421555       3.04025723
    235.88599023       3.03870856
    237.15650982       3.03715115
    238.38942095       3.03558158
    239.56207110       3.03399537
    240.79476105       3.03238843
    241.99711468       3.03075714
    243.25092066       3.02909773
    244.46985793       3.02740668
    245.63769448       3.02568152
    246.88809195       3.02392125
    248.10570685       3.02212569
    249.30741441       3.02029617
    250.56122890       3.01843507
    251.83066762       3.01654645
    253.12804223       3.01463502
    254.36425223       3.01270705
    255.58208500       3.01076909
    256.91470736       3.00882882
    258.11913105       3.00689408
    259.33949846       3.00497254
    260.47441774       3.00307169
    261.64588115       3.00119825
    262.86510010       2.99935890
    264.04376382       2.99755926
    265.23531344       2.99580492
    266.48137040       2.99410023
    267.66744522       2.99244746
    268.90275110       2.99084947
    270.10572244       2.98930953
    271.30359236       2.98783064
    272.48860994       2.98641458
    273.69201231       2.98506273
    274.89500397       2.98377549
    276.08093417       2.98255206
    277.30358385       2.98138993
    278.55233473       2.98028617
    279.73826588       2.97923727
    281.03467115       2.97823867
    282.23844736       2.97728506
    283.41872082       2.97637049
    284.67226119       2.97548787
    285.90203225       2.97463002
    287.10343309       2.97379134
    288.30579050       2.97296661
    289.54478373       2.97215072
    290.77963353       2.97133859
    291.97896242       2.97052575
    293.26830397       2.96970916
    294.46617058       2.96888698
    295.63300187       2.96805833
    296.89978921       2.96722209
    298.11539974       2.96637750
    299.33623362       2.96552370
    300.53847903       2.96465966
    301.70188479       2.96378408
    302.92011031       2.96289631
    304.14089788       2.96199501
    305.37507231       2.96107802
    306.56149404       2.96014355
    307.74310263       2.95918959
    308.92867223       2.95821371
    310.11134138       2.95721349
    311.33270649       2.95618824
    312.50304176       2.95513723
    313.73368386       2.95406009
    314.93337760       2.95295907
    316.08119837       2.95183609
    317.33767416       2.95069367
    318.53862365       2.94953501
    319.73952445       2.94836363
    320.94176749       2.94718278
    322.14532157       2.94599570
    323.37754031       2.94480524
    324.54494915       2.94361495
    325.77737773       2.94242806
    327.00037857       2.94124756
    328.25064748       2.94007606
    329.45205635       2.93891606
    330.66058141       2.93777030
    331.85662089       2.93664141
    333.05570685       2.93553235
    334.28724691       2.93444458
    335.49674934       2.93337867
    336.68022100       2.93233471
    337.88253823       2.93131340
    339.11532223       2.93031591
    340.27116283       2.92934135
    341.45519169       2.92838729
    342.62131454       2.92744942
    343.82221062       2.92652219
    345.02113730       2.92559903
    346.24034066       2.92467222
    347.41254892       2.92373364
    348.62912689       2.92277512
    349.87853659       2.92178707
    351.09907131       2.92075968
    352.26808940       2.91968429
    353.49962522       2.91855247
    354.70101282       2.91735617
    355.92967560       2.91608962
    357.18719965       2.91474822
    358.43251886       2.91332761
    359.65418124       2.91182497
    360.83481247       2.91023942
    362.00864510       2.90857023
    363.17427642       2.90681825
    364.40627588       2.90498425
    365.59394862       2.90306945
    366.78077916       2.90107537
    367.99966113       2.89900447
    369.21333157       2.89685949
    370.41411280       2.89464476
    371.65058321       2.89236464
    372.84962805       2.89002400
    374.05254031       2.88762742
    375.23866429       2.88518003
    376.39457862       2.88268736
    377.67426792       2.88015434
    378.87691930       2.87758661
    380.10707413       2.87498963
    381.31364350       2.87236900
    382.54127124       2.86973063
    383.74396469       2.86708019
    384.96789232       2.86442248
    386.19205201       2.86175994
    387.40453428       2.85909525
    388.58960811       2.85643000
    389.79566280       2.85376543
    391.05852695       2.85110334
    392.25365002       2.84844515
    393.50976142       2.84579267
    394.69057177       2.84314842
    395.85924391       2.84051432
    397.02836125       2.83789330
    398.25920799       2.83528920
    399.45114893       2.83270579
    400.63388519       2.83014714
    401.81345067       2.82761831
    403.01246668       2.82512434
    404.26258153       2.82267114
    405.46217366       2.82026511
    406.66582226       2.81791305
    407.88940819       2.81562121
    409.12109950       2.81339533
    410.37094211       2.81124012
    411.56983572       2.80916105
    412.74070127       2.80716276
    413.94321512       2.80524998
    415.14581309       2.80342724
    416.34372034       2.80169883
    417.51589032       2.80006712
    418.71891081       2.79853380
    419.95597387       2.79709912
    421.14395949       2.79576304
    422.34600214       2.79452473
    423.67577556       2.79338210
    424.82854226       2.79233267
    426.05284988       2.79137269
    427.23184254       2.79049691
    428.43085430       2.78969920
    429.67235476       2.78897175
    430.85753209       2.78830557
    432.07524576       2.78768979
    433.29325434       2.78711374
    434.49304450       2.78656520
    435.69304781       2.78603240
    436.89367166       2.78550330
    438.06287644       2.78496487
    439.29551203       2.78440416
    440.50010634       2.78380847
    441.79884398       2.78316397
    442.96807050       2.78245769
    444.20390003       2.78167711
    445.40455555       2.78081030
    446.60580704       2.77984620
    447.83877252       2.77877534
    449.04035295       2.77759011
    450.25108418       2.77628401
    451.48469053       2.77485137
    452.68305008       2.77328850
    453.90815973       2.77159226
    455.10346948       2.76976112
    456.34345568       2.76779552
    457.59313430       2.76569867
    458.77772747       2.76347470
    460.01956018       2.76113004
    461.23476142       2.75867273
    462.40001418       2.75611104
    463.61660822       2.75345445
    464.89971407       2.75071460
    466.16314630       2.74790398
    467.36600894       2.74503692
    468.56506607       2.74212880
    469.78312617       2.73919542
    470.98693735       2.73625349
    472.15522289       2.73332036
    473.39312248       2.73041298
    474.58958448       2.72754784
    475.81435904       2.72473974
    477.01709029       2.72200245
    478.22087358       2.71934818
    479.44946500       2.71678820
    480.68397499       2.71433131
    481.90450734       2.71198451
    483.10216600       2.70975114
    484.30449553       2.70763209
    485.50378282       2.70562586
    486.70988289       2.70372852
    487.99333516       2.70193329
    489.19468968       2.70023256
    490.39376288       2.69861660
    491.61197374       2.69707415
    492.85266083       2.69559236
    494.03520994       2.69415781
    495.24162854       2.69275596
    496.50264429       2.69137127
    497.68842893       2.68998831
    498.90378377       2.68859245
    500.10902272       2.68716904
    501.34868754       2.68570526
    502.56371250       2.68418978
    503.78086564       2.68261307
    504.95374312       2.68096636
    506.15196467       2.67924311
    507.39496569       2.67743881
    508.62313316       2.67555137
    509.84611556       2.67358268
    511.04806653       2.67153785
    512.31130735       2.66942450
    513.55068577       2.66725370
    514.75560098       2.66503918
    515.94071970       2.66279696
    517.15858177       2.66054556
    518.35847874       2.65830510
    519.54602860       2.65609594
    520.70952984       2.65393895
    521.90041590       2.65185522
    523.09819791       2.64986655
    524.29900987       2.64799421
    525.48541883       2.64625861
    526.68964308       2.64467872
    527.87348148       2.64327191
    529.09046921       2.64205297
    530.30535758       2.64103557
    531.56014141       2.64023107
    532.74177553       2.63964857
    533.98390788       2.63929534
    535.21473855       2.63917651
    536.44881751       2.63929390
    537.66367422       2.63964670
    538.81912585       2.64023136
    540.02171910       2.64104152
    541.22064484       2.64206785
    542.42295073       2.64329872
    543.59386213       2.64471960
    544.85723245       2.64631328
    546.06126860       2.64805983
    547.30024718       2.64993677
    548.49800367       2.65191930
    549.70243350       2.65398075
    550.93645528       2.65609283
    552.13833771       2.65822692
    553.33832968       2.66035426
    554.57076772       2.66244638
    555.77235476       2.66447475
    556.94497892       2.66641095
    558.14524359       2.66822701
    559.36130074       2.66989568
    560.57870768       2.67139062
    561.80655283       2.67268672
    563.02428304       2.67376026
    564.25469450       2.67458906
    565.42873698       2.67515293
    566.59068095       2.67543467
    567.85947833       2.67541943
    569.05975055       2.67509546
    570.26301822       2.67445319
    571.43314649       2.67348603
    572.69524453       2.67219039
    573.86739182       2.67056516
    575.06574002       2.66861185
    576.27127673       2.66633611
    577.55763229       2.66374653
    578.74142673       2.66085474
    579.92323336       2.65767513
    581.12057206       2.65422361
    582.41731242       2.65051762
    583.64874662       2.64657628
    584.87854415       2.64242008
    586.07984857       2.63807005
    587.27048840       2.63354795
    588.51398047       2.62887579
    589.75324026       2.62407580
    591.62958391       2.61917104
    592.78254013       2.61418506
    593.98351041       2.60914125
    595.16285423       2.60406392
    596.36396913       2.59897733
    597.56533877       2.59390574
    598.73648458       2.58887255
    599.90990557       2.58390040
    601.11495973       2.57901064
    602.28873613       2.57422318
    603.47460537       2.56955687
    604.61987116       2.56502915
    605.89017336       2.56065561
    607.07775866       2.55645081
    608.24705891       2.55242786
    609.48948381       2.54859822
    610.69234976       2.54497256
    611.92294128       2.54156040
    613.09394295       2.53836955
    614.31053888       2.53540562
    615.55945233       2.53267317
    616.76021844       2.53017468
    617.99292493       2.52791148
    619.16207299       2.52588332
    620.31020332       2.52408798
    621.53019075       2.52252156
    622.71198367       2.52117866
    623.89687695       2.52005109
    625.06814942       2.51912836
    626.26656852       2.51839732
    627.45368830       2.51784233
    628.65446764       2.51744613
    629.80397329       2.51718996
    631.00606603       2.51705362
    632.19214984       2.51701572
    633.40581224       2.51705409
    634.62477929       2.51714688
    635.84852780       2.51727349
    637.03069834       2.51741329
    638.26696457       2.51754538
    639.51948929       2.51764919
    640.70913473       2.51770485
    641.90949818       2.51769245
    643.09999953       2.51759219
    644.30197837       2.51738421
    645.50307154       2.51705020
    646.68308600       2.51657367
    647.90756139       2.51593960
    649.14212526       2.51513502
    650.33928531       2.51414877
    651.51297002       2.51297199
    652.71351589       2.51159897
    653.87990482       2.51002646
    655.04561790       2.50825431
    656.23403359       2.50628568
    657.39881893       2.50412590
    658.63914778       2.50178302
    659.80466284       2.49926839
    660.98847146       2.49659578
    662.17232404       2.49378088
    663.38920166       2.49084125
    664.57882725       2.48779538
    665.73906743       2.48466201
    666.96672259       2.48145971
    668.18532951       2.47820727
    669.35369964       2.47492368
    670.55489725       2.47162845
    671.75905533       2.46834081
    672.98816615       2.46508000
    674.13885759       2.46186529
    675.37756158       2.45871554
    676.54166493       2.45564914
    677.75090979       2.45268423
    678.92776528       2.44983797
    680.14947729       2.44712734
    681.32008384       2.44456705
    682.50379606       2.44216850
    683.70578861       2.43994109
    684.90771736       2.43789226
    686.14022440       2.43602642
    687.37026296       2.43434550
    688.58592642       2.43284872
    689.79116065       2.43153388
    690.97563992       2.43039798
    692.13035569       2.42943657
    693.34175379       2.42864295
    694.54068000       2.42800970
    695.77944732       2.42752761
    696.93032544       2.42718686
    698.09699841       2.42697692
    699.26933144       2.42688660
    700.46940138       2.42690413
    701.69249296       2.42701777
    702.93815387       2.42721485
    704.18517024       2.42748323
    705.38734049       2.42780978
    706.58676201       2.42817931
    707.80726790       2.42857639
    708.98901072       2.42898443
    710.19008970       2.42938567
    711.38084201       2.42976146
    712.54997353       2.43009342
    713.74115593       2.43036498
    714.99753956       2.43056112
    716.22304951       2.43066804
    717.44203594       2.43067292
    718.61960225       2.43056414
    719.87762491       2.43033124
    721.12484640       2.42996553
    722.32608324       2.42945914
    723.52463467       2.42880528
    724.69564673       2.42799761
    725.92884946       2.42703063
    727.07956406       2.42589848
    728.27812683       2.42459648
    729.94378982       2.42312098
    731.11853177       2.42146849
    732.31940564       2.41963618
    733.51928748       2.41762242
    734.72102435       2.41542616
    735.92247056       2.41304824
    737.08630782       2.41049042
    738.35660671       2.40775581
    739.67619714       2.40484878
    740.86091130       2.40177540
    742.04703055       2.39854221
    743.23361627       2.39515816
    744.43475433       2.39163342
    745.66513555       2.38797978
    746.87934051       2.38420965
    748.07856967       2.38033702
    749.27873887       2.37637520
    750.51920383       2.37233848
    751.72022657       2.36824006
    752.94081375       2.36409339
    754.15702592       2.35991319
    755.37372630       2.35571327
    756.57529255       2.35150777
    757.75083700       2.34731239
    758.97718396       2.34314426
    760.16167174       2.33902133
    761.35032894       2.33496136
    762.56431934       2.33098100
    763.81493847       2.32709587
    765.05657457       2.32332082
    766.23833488       2.31966965
    767.42268323       2.31615527
    768.64335454       2.31278793
    769.82468287       2.30957651
    771.04712413       2.30652754
    772.26815226       2.30364519
    773.50035824       2.30093114
    774.67111651       2.29838540
    775.88636926       2.29600471
    777.06930308       2.29378398
    778.25501068       2.29171708
    779.45203745       2.28979623
    780.65132947       2.28801306
    781.89122871       2.28635946
    783.11029879       2.28482739
    784.32854888       2.28340935
    785.49826077       2.28209735
    786.70297512       2.28088310
    787.93474961       2.27975840
    789.13447880       2.27871551
    790.38600819       2.27774650
    791.58997344       2.27684420
    792.79158364       2.27600084
    793.99022109       2.27520949
    795.17179141       2.27446270
    796.37444515       2.27375442
    797.61519462       2.27307846
    798.80122928       2.27242988
    800.01403388       2.27180421
    801.23974469       2.27119743
    802.40835303       2.27060762
    803.60325066       2.27003417
    804.84610942       2.26947626
    806.07877810       2.26893373
    807.28491502       2.26840672
    808.47645849       2.26789506
    809.69273966       2.26739952
    810.91502070       2.26692095
    812.08733482       2.26645941
    813.28478978       2.26601409
    814.48987041       2.26558243
    815.74266215       2.26516119
    816.93989688       2.26474571
    818.16163677       2.26433014
    819.36417613       2.26390764
    820.59741148       2.26347122
    821.78578606       2.26301269
    822.98642314       2.26252517
    824.18412103       2.26200193
    825.38840624       2.26143601
    826.53046298       2.26082189
    827.73407991       2.26015421
    828.96282587       2.25942753
    830.16734786       2.25863621
    831.38551430       2.25777454
    832.60311549       2.25683694
    833.86534019       2.25581869
    835.07442955       2.25471571
    836.30462975       2.25352495
    837.51191608       2.25224421
    838.67952767       2.25087088
    839.86680247       2.24940391
    841.06637380       2.24784301
    842.27182638       2.24618935
    843.47294601       2.24444520
    844.67148137       2.24261464
    845.85299403       2.24070302
    847.07718065       2.23871825
    848.31038008       2.23666954
    849.56181163       2.23456689
    850.76278853       2.23242167
    852.00255969       2.23024704
    853.24703291       2.22805655
    854.50421952       2.22586367
    855.68744730       2.22368224
    856.89271178       2.22152492
    858.12464081       2.21940343
    859.29715390       2.21732795
    860.57609316       2.21530787
    861.85976001       2.21335194
    863.06304753       2.21146764
    864.26516107       2.20966092
    865.48809432       2.20793691
    866.67234295       2.20629962
    867.85453239       2.20475077
    869.05782842       2.20329131
    870.27532894       2.20191942
    871.49367261       2.20063141
    872.76382971       2.19942237
    873.96072131       2.19828506
    875.13199378       2.19721118
    876.33642220       2.19619187
    877.54991398       2.19521722
    878.76705910       2.19427639
    879.94114033       2.19335869
    881.11910316       2.19245189
    882.37407887       2.19154289
    883.58866524       2.19061792
    884.79757689       2.18966306
    886.03098285       2.18866627
    887.24857175       2.18761641
    888.47834471       2.18650332
    889.69847628       2.18531853
    890.89613352       2.18405510
    892.15183186       2.18270781
    893.38278163       2.18127436
    894.58458466       2.17975342
    895.81754258       2.17814633
    896.99196221       2.17645767
    898.20862998       2.17469420
    899.42457465       2.17286510
    900.62465404       2.17098177
    901.87887451       2.16905812
    903.06570599       2.16711000
    904.26605951       2.16515513
    905.51221052       2.16321292
    906.73111566       2.16130542
    907.95561894       2.15945529
    909.15807513       2.15768551
    910.37392243       2.15601933
    911.60834405       2.15447971
    912.86391620       2.15308771
    914.08006125       2.15186267
    915.25992448       2.15082316
    916.52097992       2.14998535
    917.74127266       2.14936416
    918.89623230       2.14897237
    920.06280885       2.14882067
    921.29901129       2.14891681
    922.55304129       2.14926451
    923.73252075       2.14986246
    924.93443154       2.15070547
    926.13697043       2.15178342
    927.39346324       2.15308028
    928.57675861       2.15457641
    929.76540825       2.15624848
    931.02562811       2.15807011
    932.26616821       2.16001214
    933.46309951       2.16204178
    934.64930053       2.16412299
    935.86810547       2.16621784
    937.08731686       2.16828644
    938.29020549       2.17028881
    939.52226828       2.17218579
    940.72570892       2.17393870
    941.91272331       2.17551215
    943.09593361       2.17687414
    944.29980292       2.17799523
    945.47623731       2.17885036
    946.73159773       2.17941759
    947.93432236       2.17967914
    949.14196410       2.17962189
    950.39036429       2.17923729
    951.64501248       2.17852219
    952.89256621       2.17747834
    954.07882819       2.17611131
    955.35014368       2.17443204
    956.59547659       2.17245636
    957.84937473       2.17020444
    959.04510984       2.16770102
    960.24731743       2.16497591
    961.46918871       2.16206434
    962.67406186       2.15900478
    963.87376033       2.15583960
    965.10825708       2.15261319
    966.30782937       2.14937165
    967.52540031       2.14616037
    968.74209076       2.14302483
    969.96299790       2.14001043
    971.14773569       2.13716182
    972.37035701       2.13452105
    973.58898331       2.13212793
    974.76756858       2.13001976
    975.95732319       2.12823043
    977.19184784       2.12678952
    978.37849831       2.12572130
    979.62879086       2.12504436
    980.79746961       2.12477171
    982.01209851       2.12491196
    983.24964790       2.12546931
    984.56703925       2.12644447
    985.75160028       2.12783354
    986.95145377       2.12962778
    988.18747708       2.13181390
    989.40443503       2.13437331
    990.62213547       2.13728200
    991.87427595       2.14051127
    993.06244352       2.14402771
    994.26253521       2.14779505
    995.46407641       2.15177440
    996.64164225       2.15592372
    997.91053840       2.16019954
    999.06530191       2.16455700
   1000.34408379       2.16895086
   1001.54824612       2.17333681
   1002.73326748       2.17767147
   1003.93482334       2.18191293
   1005.16669660       2.18602153
   1006.45064559       2.18996076
   1007.67438040       2.19369818
   1008.86120385       2.19720402
   1010.09275053       2.20045217
   1011.37979753       2.20341994
   1012.59934023       2.20608792
   1013.80467890       2.20844020
   1015.05249163       2.21046591
   1016.26800386       2.21215813
   1017.47293041       2.21351256
   1018.67352874       2.21452807
   1019.91007382       2.21520696
   1021.15485944       2.21555415
   1022.40307390       2.21557742
   1023.64734389       2.21528614
   1024.84409324       2.21469240
   1026.03494054       2.21381107
   1027.29397130       2.21265943
   1028.49280867       2.21125762
   1029.76710021       2.20962672
   1030.93647182       2.20778884
   1032.14441367       2.20576593
   1033.33826020       2.20357923
   1034.54321890       2.20124982
   1035.70417509       2.19879856
   1036.90329556       2.19624540
   1038.10577348       2.19360980
   1039.30746498       2.19091120
   1040.59234692       2.18816775
   1041.81036259       2.18539563
   1043.01230221       2.18260954
   1044.26959138       2.17982356
   1045.46893208       2.17705011
   1046.65853262       2.17430076
   1047.91737008       2.17158588
   1049.14150472       2.16891489
   1050.35763181       2.16629583
   1051.61483071       2.16373578
   1052.81479621       2.16124169
   1054.02393094       2.15881907
   1055.22752046       2.15647065
   1056.44326616       2.15419762
   1057.68939354       2.15200002
   1058.86128987       2.14987654
   1060.07809989       2.14782613
   1061.30150859       2.14584762
   1062.49583861       2.14393867
   1063.72766319       2.14209644
   1064.99061478       2.14031844
   1066.20421290       2.13860170
   1067.43316303       2.13694323
   1068.65620687       2.13534026
   1069.87419041       2.13379043
   1071.10495349       2.13229271
   1072.36848451       2.13084601
   1073.53973855       2.12944899
   1074.73861514       2.12810052
   1075.90790120       2.12679883
   1077.13868367       2.12554319
   1078.37487617       2.12433211
   1079.64607681       2.12316392
   1080.83307229       2.12203770
   1081.98576715       2.12095221
   1083.23720958       2.11990540
   1084.44196032       2.11889605
   1085.65562745       2.11792244
   1086.84165973       2.11698174
   1088.10800187       2.11607120
   1089.30638789       2.11518862
   1090.49275006       2.11433211
   1091.70845653       2.11350034
   1092.93538480       2.11269326
   1094.15574702       2.11191035
   1095.35307910       2.11115159
   1096.55533679       2.11041615
   1097.72109619       2.10970356
   1098.92243795       2.10901372
   1100.17317854       2.10834539
   1101.36114052       2.10769818
   1102.59080146       2.10707279
   1103.79520247       2.10647139
   1104.99399635       2.10589769
   1106.22756962       2.10535684
   1107.44937520       2.10485392
   1108.71765459       2.10439436
   1109.95658828       2.10398436
   1111.15838753       2.10363007
   1112.36452067       2.10333734
   1113.59139554       2.10311248
   1114.78909154       2.10296158
   1116.04304828       2.10289080
   1117.36355937       2.10290552
   1118.56396771       2.10300963
   1119.84830709       2.10320626
   1121.06487703       2.10349731
   1122.29989886       2.10388310
   1123.51438787       2.10436305
   1124.71991559       2.10493380
   1125.96987731       2.10559178
   1127.20565628       2.10633243
   1128.41795140       2.10715023
   1129.62501938       2.10803931
   1130.77459071       2.10899402
   1131.99343157       2.11000726
   1133.20788655       2.11107127
   1134.37701240       2.11217868
   1135.58047904       2.11332180
   1136.77873036       2.11449298
   1137.98364888       2.11568449
   1139.18345275       2.11688771
   1140.41738804       2.11809260
   1141.65407821       2.11928928
   1142.90408861       2.12046734
   1144.06727366       2.12161722
   1145.27352402       2.12272960
   1146.48919315       2.12379535
   1147.67070770       2.12480677
   1148.85510615       2.12575601
   1150.05855436       2.12663689
   1151.25934552       2.12744383
   1152.46193168       2.12817149
   1153.66367847       2.12881534
   1154.85495964       2.12937259
   1156.08600110       2.12984114
   1157.24655321       2.13022012
   1158.45845653       2.13051010
   1159.64308893       2.13071349
   1160.84245609       2.13083390
   1162.04540664       2.13087592
   1163.24037375       2.13084422
   1164.53030087       2.13074392
   1165.78671617       2.13058102
   1167.03097624       2.13036173
   1168.23824461       2.13009344
   1169.44616283       2.12978512
   1170.67866042       2.12944679
   1171.87156030       2.12909142
   1173.14044464       2.12873252
   1174.34208367       2.12838476
   1175.54318581       2.12806346
   1176.74246177       2.12778383
   1177.91389493       2.12756079
   1179.13559559       2.12740902
   1180.33490463       2.12734300
   1181.53951217       2.12737593
   1182.77038348       2.12752040
   1183.97366202       2.12778769
   1185.19800225       2.12818744
   1186.39245042       2.12872767
   1187.59653052       2.12941464
   1188.79474356       2.13025257
   1190.06308014       2.13124367
   1191.28407329       2.13238817
   1192.49672477       2.13368453
   1193.70252472       2.13512998
   1194.94081517       2.13672001
   1196.18867752       2.13845014
   1197.38865295       2.14031357
   1198.64299440       2.14230338
   1199.81505946       2.14441265
   1201.05068435       2.14663367
   1202.25051090       2.14895782
   1203.45344443       2.15137633
   1204.64155198       2.15388001
   1205.87239446       2.15645871
   1207.04375673       2.15910075
   1208.27903189       2.16179283
   1209.46533546       2.16452055
   1210.69697714       2.16727010
   1211.95280451       2.17002750
   1213.14971265       2.17277872
   1214.35507307       2.17551039
   1215.55312021       2.17820987
   1216.75641577       2.18086493
   1217.99563964       2.18346437
   1219.25149016       2.18599654
   1220.48515511       2.18845115
   1221.68105233       2.19081871
   1222.85362922       2.19309049
   1224.02781916       2.19525906
   1225.21196098       2.19731779
   1226.40443173       2.19926140
   1227.61103276       2.20108625
   1228.79149101       2.20279018
   1230.01108995       2.20437107
   1231.21526599       2.20582692
   1232.38507666       2.20715615
   1233.58736318       2.20835790
   1234.79450961       2.20943286
   1235.98989120       2.21038263
   1237.18932406       2.21121091
   1238.33857686       2.21192271
   1239.49531401       2.21252476
   1240.69449449       2.21302447
   1241.84788268       2.21343057
   1243.04948107       2.21375211
   1244.25053358       2.21400052
   1245.47033764       2.21418758
   1246.67163497       2.21432476
   1247.90514869       2.21442353
   1249.13838119       2.21449460
   1250.32558179       2.21454830
   1251.54283466       2.21459388
   1252.71285706       2.21463983
   1253.86100346       2.21469438
   1255.06723302       2.21476567
   1256.26981540       2.21486184
   1257.43928058       2.21498934
   1258.60852506       2.21515463
   1259.89249343       2.21536433
   1261.12943456       2.21562551
   1262.34749655       2.21594511
   1263.54981757       2.21633013
   1264.75024056       2.21678757
   1265.98340265       2.21732553
   1267.20139705       2.21795170
   1268.45789506       2.21867454
   1269.61173365       2.21950272
   1270.84517317       2.22044425
   1272.09254778       2.22150681
   1273.34719786       2.22269702
   1274.53447265       2.22401899
   1275.78241252       2.22547502
   1277.01840842       2.22706698
   1278.18564474       2.22879621
   1279.42313695       2.23066300
   1280.64025606       2.23266711
   1281.84201656       2.23480588
   1283.13689907       2.23707608
   1284.37737632       2.23947205
   1285.59307522       2.24198663
   1286.80790357       2.24461026
   1288.04666427       2.24733243
   1289.24682118       2.25014147
   1290.44950942       2.25302486
   1291.61681570       2.25596742
   1292.83381572       2.25895178
   1294.03766140       2.26195889
   1295.20652778       2.26496887
   1296.35792342       2.26796159
   1297.55727404       2.27091617
   1298.82984479       2.27381075
   1300.04786330       2.27662344
   1301.21928276       2.27933280
   1302.42204662       2.28191803
   1303.60619459       2.28435878
   1304.80945044       2.28663689
   1306.02406516       2.28873542
   1307.20568747       2.29063924
   1308.41045711       2.29233495
   1309.62952105       2.29381171
   1310.82964724       2.29506142
   1312.03002486       2.29607953
   1313.26374747       2.29686398
   1314.49694831       2.29741573
   1315.75191362       2.29773696
   1316.93883254       2.29783150
   1318.15603153       2.29770572
   1319.40403804       2.29736848
   1320.57546553       2.29683119
   1321.77396213       2.29610903
   1322.98112228       2.29521979
   1324.20872450       2.29418308
   1325.40884596       2.29301989
   1326.98231941       2.29175276
   1328.78362242       2.29040427
   1329.98261055       2.28899953
   1331.20851750       2.28756356
   1332.39479555       2.28612243
   1333.61161644       2.28470232
   1334.82875919       2.28333012
   1336.00154357       2.28203230
   1337.28565420       2.28083400
   1338.51817589       2.27975853
   1339.73320982       2.27882824
   1340.96394881       2.27806363
   1342.12769250       2.27748345
   1343.36415770       2.27710361
   1344.52985566       2.27693688
   1345.71489971       2.27699270
   1346.91917027       2.27727847
   1348.12130461       2.27779866
   1349.32134809       2.27855326
   1350.52084901       2.27953840
   1351.72239352       2.28074714
   1352.92481237       2.28216929
   1354.18119459       2.28379229
   1355.40321332       2.28560076
   1356.63257226       2.28757705
   1357.88520521       2.28970143
   1359.04987901       2.29195278
   1360.25746971       2.29430738
   1361.47217990       2.29673953
   1362.65726081       2.29922240
   1363.86353668       2.30172961
   1365.03948239       2.30423571
   1366.22755355       2.30671600
   1367.44279874       2.30914628
   1368.63002722       2.31150320
   1369.85021410       2.31376396
   1371.01909891       2.31590743
   1372.21841551       2.31791412
   1373.42024500       2.31976623
   1374.65206108       2.32144858
   1375.85749381       2.32294971
   1377.05736431       2.32426060
   1378.25901705       2.32537606
   1379.46447672       2.32629406
   1380.69294903       2.32701560
   1381.88387999       2.32754454
   1383.09542318       2.32788751
   1384.29663402       2.32805381
   1385.51282020       2.32805507
   1386.72001815       2.32790419
   1387.95270668       2.32761635
   1389.09857175       2.32720836
   1390.31475509       2.32669788
   1391.47210428       2.32610317
   1392.65773862       2.32544318
   1393.99055712       2.32473585
   1395.20463542       2.32399837
   1396.40506078       2.32324849
   1397.59718510       2.32250344
   1398.80667382       2.32177958
   1400.02384067       2.32109258
   1401.24620394       2.32045656
   1402.46652598       2.31988507
   1403.68674547       2.31939002
   1404.91398283       2.31898192
   1406.08434458       2.31866871
   1407.28580685       2.31845706
   1408.43728898       2.31835249
   1409.62073464       2.31835888
   1410.87695663       2.31847758
   1412.09514481       2.31870772
   1413.26588748       2.31904581
   1414.46642106       2.31948637
   1415.66861211       2.32002184
   1416.87288693       2.32064326
   1418.07198660       2.32133999
   1419.27480575       2.32210038
   1420.59239229       2.32291320
   1421.83858489       2.32376730
   1423.09611793       2.32465171
   1424.31202337       2.32555467
   1425.56595317       2.32646374
   1426.76672401       2.32736648
   1427.98897480       2.32825126
   1429.16602359       2.32910683
   1430.36603068       2.32992227
   1431.60600129       2.33068710
   1432.82846333       2.33139168
   1434.07403255       2.33202796
   1435.22696987       2.33258855
   1436.45777549       2.33306649
   1437.62541543       2.33345662
   1438.81467947       2.33375524
   1439.99804857       2.33395971
   1441.20303892       2.33406940
   1442.44016296       2.33408499
   1443.66757047       2.33400825
   1444.88925128       2.33384285
   1446.07281226       2.33359470
   1447.27788202       2.33327091
   1448.44508951       2.33288010
   1449.60168582       2.33243093
   1450.78180521       2.33193303
   1451.99761281       2.33139652
   1453.22018073       2.33083239
   1454.46653780       2.33025142
   1455.68455394       2.32966370
   1456.88474961       2.32907824
   1458.08513668       2.32850417
   1459.32042507       2.32794923
   1460.52067792       2.32742071
   1461.67066894       2.32692502
   1462.90570165       2.32646878
   1464.07740940       2.32605774
   1465.32394512       2.32569717
   1466.47162315       2.32539201
   1467.65745931       2.32514569
   1468.83675208       2.32495990
   1470.05861296       2.32483460
   1471.31583455       2.32476959
   1472.51736063       2.32476399
   1473.73181041       2.32481615
   1474.96635868       2.32492347
   1476.31404191       2.32508232
   1477.51685351       2.32528872
   1478.73878103       2.32553860
   1479.94221411       2.32582788
   1481.14102690       2.32615174
   1482.34717612       2.32650534
   1483.55102511       2.32688441
   1484.76540588       2.32728420
   1485.96991606       2.32769960
   1487.15277473       2.32812622
   1488.33475575       2.32855927
   1489.50431121       2.32899496
   1490.73754088       2.32943000
   1491.90832042       2.32986140
   1493.12203150       2.33028557
   1494.34330444       2.33069852
   1495.56227149       2.33109645
   1496.76058756       2.33147620
   1497.98431527       2.33183504
   1499.21954081       2.33217011
   1500.43706354       2.33247835
   1501.65528622       2.33275663
   1502.83182742       2.33300254
   1504.05611613       2.33321510
   1505.31320491       2.33339281
   1506.49972210       2.33353520
   1507.75754013       2.33364226
   1508.92197384       2.33371453
   1510.10828450       2.33375168
   1511.31007382       2.33375439
   1512.51160179       2.33372297
   1513.67988497       2.33365783
   1514.84876600       2.33356002
   1516.07208159       2.33343185
   1517.33554408       2.33327575
   1518.53791283       2.33309377
   1519.74176607       2.33288843
   1520.93903435       2.33266310
   1522.14237622       2.33242152
   1523.34271745       2.33216802
   1524.54155151       2.33190711
   1525.80218538       2.33164337
   1526.98711411       2.33138118
   1528.16999452       2.33112580
   1529.36884937       2.33088237
   1530.62102529       2.33065587
   1531.79159310       2.33045068
   1532.99546524       2.33027195
   1534.17278390       2.33012339
   1535.46506749       2.33000913
   1536.66392423       2.32993233
   1537.88293618       2.32989582
   1539.11865512       2.32990167
   1540.30632077       2.32995229
   1541.54204444       2.33005077
   1542.72322863       2.33019972
   1543.97262746       2.33040201
   1545.14062849       2.33065989
   1546.34563302       2.33097621
   1547.55213339       2.33135404
   1548.77741932       2.33179711
   1549.96804734       2.33230831
   1551.13690994       2.33288899
   1552.37816653       2.33354037
   1553.59763266       2.33426286
   1554.79699463       2.33505558
   1556.02288740       2.33591686
   1557.23002959       2.33684505
   1558.43005794       2.33783699
   1559.63429211       2.33889011
   1560.85086394       2.34000158
   1562.02387565       2.34116777
   1563.17401270       2.34238358
   1564.35766017       2.34364369
   1565.56153421       2.34494307
   1566.81833091       2.34627679
   1568.03241441       2.34763903
   1569.26496399       2.34902365
   1570.46859746       2.35042464
   1571.66883519       2.35183594
   1572.91707847       2.35325179
   1574.12488468       2.35466651
   1575.34496805       2.35607346
   1576.60623476       2.35746599
   1577.85978789       2.35883656
   1579.04872724       2.36017856
   1580.28154338       2.36148442
   1581.51154461       2.36274799
   1582.84999480       2.36396280
   1584.05254220       2.36512332
   1585.25152088       2.36622482
   1586.48395230       2.36726396
   1587.65412783       2.36823789
   1588.85688508       2.36914445
   1590.02063491       2.36998329
   1591.19374067       2.37075480
   1592.45226383       2.37146091
   1593.65301624       2.37210363
   1594.82419088       2.37268503
   1596.05710437       2.37320662
   1597.27364123       2.37367010
   1598.45779865       2.37407780
   1599.66016220       2.37443212
   1600.89433049       2.37473533
   1602.06209142       2.37499024
   1603.29356627       2.37520040
   1604.49799374       2.37536962
   1605.69517789       2.37550306
   1606.95133278       2.37560525
   1608.15472853       2.37568094
   1609.37174414       2.37573528
   1610.57213074       2.37577412
   1611.80460423       2.37580381
   1613.02323052       2.37583069
   1614.30944004       2.37586124
   1615.53025975       2.37590240
   1616.78009150       2.37596190
   1618.01500794       2.37604653
   1619.22092983       2.37616284
   1620.42991521       2.37631584
   1621.63128627       2.37650983
   1622.90634724       2.37674903
   1624.12233492       2.37703675
   1625.32322769       2.37737664
   1626.57562763       2.37777096
   1627.74520294       2.37822201
   1628.99646908       2.37873079
   1630.16604297       2.37929853
   1631.36410004       2.37992570
   1632.56571072       2.38061205
   1633.74885532       2.38135688
   1634.93215305       2.38215940
   1636.15403236       2.38301836
   1637.35081857       2.38393108
   1638.55984649       2.38489388
   1639.77655633       2.38590199
   1640.99327514       2.38694999
   1642.24510747       2.38803143
   1643.46100913       2.38913961
   1644.66749059       2.39026728
   1645.84976795       2.39140681
   1647.01966841       2.39255028
   1648.21985084       2.39369019
   1649.49307191       2.39482011
   1650.71142834       2.39593342
   1651.91230552       2.39702406
   1653.07930979       2.39808569
   1654.33209681       2.39911318
   1655.58162703       2.40010195
   1656.87833242       2.40104825
   1658.08380390       2.40194941
   1659.26739843       2.40280369
   1660.43779279       2.40361062
   1661.67183252       2.40437020
   1662.87203291       2.40508312
   1664.04313099       2.40574924
   1665.25890930       2.40636959
   1666.50956623       2.40694577
   1667.74250761       2.40748169
   1668.94245846       2.40798222
   1670.15167779       2.40845274
   1671.33141719       2.40889929
   1672.53592926       2.40932802
   1673.70241318       2.40974625
   1674.90691816       2.41016156
   1676.05639781       2.41058211
   1677.26117502       2.41101617
   1678.46067735       2.41147273
   1679.64785952       2.41196117
   1680.84639772       2.41249046
   1682.03849888       2.41306944
   1683.18473590       2.41370650
   1684.38597463       2.41441063
   1685.60771168       2.41519046
   1686.81209426       2.41605376
   1688.04413530       2.41700691
   1689.21427822       2.41805613
   1690.41653449       2.41920677
   1691.57778324       2.42046432
   1692.79679141       2.42183389
   1693.99800178       2.42331999
   1695.16900864       2.42492634
   1696.38607955       2.42665462
   1697.57240628       2.42850559
   1698.79116869       2.43047867
   1699.99290839       2.43257269
   1701.19419721       2.43478466
   1702.41467805       2.43711055
   1703.60885116       2.43954466
   1704.81364113       2.44207950
   1706.01390343       2.44470582
   1707.21950725       2.44741250
   1708.42411290       2.45018750
   1709.68525294       2.45301748
   1710.88777246       2.45588936
   1712.08601386       2.45878927
   1713.25653912       2.46170299
   1714.51049729       2.46461425
   1715.73187232       2.46750603
   1716.95822684       2.47036077
   1718.15817958       2.47316096
   1719.34051222       2.47588946
   1720.59153780       2.47852882
   1721.79596716       2.48106236
   1723.04804857       2.48347451
   1724.24977409       2.48575039
   1725.44651729       2.48787571
   1726.65480226       2.48983788
   1727.90308997       2.49162652
   1729.10696070       2.49323258
   1730.34014453       2.49464917
   1731.54354500       2.49587013
   1732.76241044       2.49689153
   1733.94540711       2.49771185
   1735.18198055       2.49833286
   1736.41317561       2.49875868
   1737.60040740       2.49899608
   1738.78558283       2.49905294
   1740.04957701       2.49893830
   1741.25322466       2.49866251
   1742.44196126       2.49823688
   1743.67390778       2.49767391
   1744.91481464       2.49698669
   1746.10089325       2.49618874
   1747.33254013       2.49529314
   1748.49854056       2.49431311
   1749.68380248       2.49326135
   1750.85697535       2.49215035
   1752.07096433       2.49099227
   1753.28759523       2.48979898
   1754.45877413       2.48858199
   1755.65969951       2.48735074
   1756.83825264       2.48611389
   1758.03960763       2.48487872
   1759.24631028       2.48365145
   1760.53368433       2.48243700
   1761.80743284       2.48123991
   1762.96755865       2.48006386
   1764.13226317       2.47891207
   1765.34464289       2.47778701
   1766.53066951       2.47669054
   1767.71618806       2.47562445
   1768.94882035       2.47459020
   1770.12308968       2.47358887
   1771.35312967       2.47262181
   1772.57809895       2.47169093
   1773.80830765       2.47079817
   1774.97855975       2.46994543
   1776.17710409       2.46913526
   1777.36478817       2.46836678
   1778.70924911       2.46765478
   1780.19817097       2.46700352
   1781.47561487       2.46641728
   1782.88886799       2.46590034
   1784.20446339       2.46545696
   1785.40070136       2.46509143
   1786.63646757       2.46480802
   1787.90367459       2.46461100
   1789.16098692       2.46450465
   1790.34673044       2.46449323
   1791.50946415       2.46458103
   1792.72792928       2.46477232
   1793.91038717       2.46507137
   1795.15973685       2.46548245
   1796.45030531       2.46600985
   1797.69059020       2.46665783
   1798.88764060       2.46743067
   1800.06966463       2.46833264
