      0.47668535        2.76855469
      1.75039794        2.75390625
      3.00683687        2.89550781
      4.17251829        2.90527344
      5.39146407        2.83203125
      6.62400325        2.74414063
      7.82781727        2.74902344
      9.01244399        2.97851563
     10.23018271        2.91015625
     11.43323818        2.84667969
     12.61801851        2.86132813
     13.82193933        2.80273438
     15.03596140        2.79296875
     16.22262605        2.91503906
     17.42467389        2.69042969
     18.62576753        2.71484375
     19.83283740        2.83203125
     21.10831333        2.89550781
     22.26304800        2.90527344
     23.51165520        2.85644531
     24.75039983        2.84667969
     25.96773352        2.87109375
     27.14875560        2.88085938
     28.36893302        2.83203125
     29.55372894        2.81250000
     30.80678016        2.90039063
     31.98110148        2.85644531
     33.22535824        2.75878906
     34.42682997        2.88085938
     35.61728642        2.89550781
     36.81081583        2.77343750
     38.03082169        2.93457031
     39.26483685        2.82226563
     40.51698111        2.91015625
     41.66697544        2.74414063
     42.92003705        2.90039063
     44.11689179        2.79296875
     45.35734635        2.85156250
     46.57176683        2.79296875
     47.76080874        2.95898438
     48.97727423        2.76855469
     50.20978553        2.82714844
     51.46396204        2.76855469
     52.68296217        2.86132813
     53.88212895        2.91015625
     55.07332694        2.75390625
     56.28483988        2.79296875
     57.51846466        2.77343750
     58.71907764        2.84179688
     59.92358971        2.84179688
     61.12423625        2.80273438
     62.30745789        2.72949219
     63.52620281        2.69042969
     64.72747651        2.80761719
     65.91858517        2.80273438
     67.13201363        2.79296875
     68.30102369        2.87109375
     69.53521986        2.99804688
     70.73492589        2.84179688
     72.07024311        2.86621094
     73.29429741        2.79296875
     74.49689822        2.86621094
     75.72509925        2.91992188
     76.94311398        2.78808594
     78.18063217        2.77832031
     79.39531542        2.79785156
     80.62082349        2.75390625
     81.84454081        2.79296875
     83.00891449        2.81738281
     84.20972314        2.80761719
     85.42994121        2.82714844
     86.68350048        2.81738281
     87.90102889        2.78808594
     89.13996966        2.90039063
     90.32186041        2.73437500
     91.50793381        2.85156250
     92.68977636        2.89062500
     93.88872148        2.75390625
     95.09253597        2.91015625
     96.29508999        2.83203125
     97.50912008        2.91992188
     98.71658034        2.71972656
     99.88744069        2.84667969
    101.09041297        2.77832031
    102.34196032        2.84667969
    103.52597690        2.86621094
    104.72686684        2.80761719
    105.94777539        2.78808594
    107.15369066        2.88574219
    108.38118939        2.81250000
    109.61816549        2.74414063
    110.84087472        2.86132813
    112.05317457        2.80761719
    113.23752765        2.95410156
    114.43667741        2.81738281
    115.62447634        2.91992188
    116.80919334        2.82226563
    118.01201108        2.89062500
    119.21372904        2.70019531
    120.48538480        2.98339844
    121.73015672        2.77343750
    122.92986133        2.91015625
    124.11101102        2.90527344
    125.31355701        2.92968750
    126.53232650        2.76855469
    127.73307985        2.72949219
    128.91364255        2.91503906
    130.13630924        2.85156250
    131.34404456        2.84667969
    132.54350058        2.70019531
    133.74370664        2.77832031
    135.04144233        2.87597656
    136.22428918        2.77832031
    137.41528206        2.81738281
    138.64313666        2.77343750
    139.89652627        2.87109375
    141.09570202        2.86621094
    142.25164329        2.82226563
    143.50351154        2.74414063
    144.80190086        2.84667969
    146.00462739        2.75878906
    147.23754797        2.81738281
    148.49394531        2.78320313
    149.69431915        2.75878906
    150.91337269        2.71972656
    152.12740987        2.71484375
    153.40058085        2.93457031
    154.64944326        2.73437500
    155.81882054        2.82714844
    156.97479347        2.83691406
    158.25411885        2.83691406
    159.50807182        2.82714844
    160.72541307        2.74902344
    161.90926848        2.80761719
    163.11371392        2.87109375
    164.31162353        2.88574219
    165.54455026        2.76367188
    166.73458892        2.93457031
    167.94803344        2.92480469
    169.18492778        2.97363281
    170.38719162        2.76855469
    171.63607908        2.84667969
    172.82188687        2.82714844
    174.05486464        2.72460938
    175.26764798        2.85644531
    176.48888548        2.73925781
    177.72892933        2.73437500
    178.95929684        2.92480469
    180.19762936        2.84667969
    181.37069068        2.75390625
    182.58247396        2.80761719
    183.78669253        2.70019531
    184.98802059        2.82226563
    186.15570117        2.63671875
    187.35935545        2.76367188
    188.60780857        2.81250000
    189.77340917        2.81250000
    191.01304611        2.78808594
    192.24609288        2.89550781
    193.44976795        2.89550781
    194.71751423        2.86132813
    195.92604212        2.73925781
    197.16354472        2.81738281
    198.41359056        2.74414063
    199.63411536        2.87109375
    200.91815887        2.82714844
    202.11929079        2.74902344
    203.27279430        2.79785156
    204.47414504        2.81250000
    205.65788324        2.75390625
    206.85883888        2.71972656
    208.06217413        2.76855469
    209.30988478        2.78808594
    210.51272473        2.71484375
    211.71571403        2.85644531
    212.89885958        2.77343750
    214.13769637        2.79785156
    215.33876070        2.77832031
    216.52235996        2.73925781
    217.72238832        2.75390625
    218.94511456        2.71484375
    220.14818184        2.77343750
    221.34852496        2.79785156
    222.58148194        2.83691406
    223.78605167        2.71972656
    224.98576715        2.71484375
    226.20774193        2.79296875
    227.44205673        2.83691406
    228.69187761        2.67089844
    229.90738936        2.79785156
    231.06090232        2.78320313
    232.29673895        2.77832031
    233.49947020        2.74902344
    234.84498696        2.70996094
    236.05848300        2.79296875
    237.30659300        2.82714844
    238.55915695        2.73437500
    239.71604013        2.84667969
    240.96471681        2.84667969
    242.15056052        2.77832031
    243.41806152        2.66113281
    244.62051440        2.73437500
    245.80478524        2.76367188
    247.05759637        2.70996094
    248.25930629        2.82714844
    249.46347572        2.79296875
    250.72790470        2.75390625
    251.97993364        2.77832031
    253.28155330        2.74902344
    254.51729351        2.80761719
    255.77349377        2.78808594
    257.08589665        2.63671875
    258.28842609        2.77343750
    259.48855323        2.81738281
    260.62347487        2.73437500
    261.82447681        2.67089844
    263.02321965        2.79785156
    264.19384511        2.83691406
    265.39659432        2.78320313
    266.63133164        2.80273438
    267.83554360        2.80273438
    269.05620640        2.72949219
    270.25718424        2.76855469
    271.45556931        2.73925781
    272.64210825        2.70507813
    273.84407575        2.70996094
    275.04802777        2.70996094
    276.24981946        2.73925781
    277.46573152        2.72460938
    278.71868442        2.79296875
    279.89970840        2.71972656
    281.19985113        2.72949219
    282.40099722        2.74414063
    283.58504074        2.71972656
    284.82607237        2.74414063
    286.05619270        2.70019531
    287.27349330        2.65136719
    288.45787994        2.76855469
    289.70769562        2.70019531
    290.93472787        2.58789063
    292.13468769        2.75390625
    293.43426707        2.74414063
    294.61744900        2.71972656
    295.78821011        2.70019531
    297.07171201        2.70507813
    298.28439231        2.62207031
    299.48792843        2.70996094
    300.68914967        2.58300781
    301.87258068        2.71484375
    303.08946868        2.66601563
    304.29519349        2.86621094
    305.52888065        2.75878906
    306.72322769        2.67089844
    307.89544965        2.68554688
    309.08092708        2.68554688
    310.27992230        2.81738281
    311.48738019        2.71972656
    312.65915695        2.79785156
    313.88670671        2.65136719
    315.08577519        2.80761719
    316.25116075        2.44628906
    317.49093238        2.74902344
    318.70797777        2.78808594
    319.88895306        2.63183594
    321.09165879        2.70507813
    322.33079522        2.72949219
    323.53069361        2.72949219
    324.69942530        2.71972656
    325.93470660        2.70507813
    327.15046222        2.82714844
    328.39996172        2.75390625
    329.60702639        2.76855469
    330.82338034        2.61230469
    332.00807276        2.59277344
    333.21097747        2.69042969
    334.45751035        2.74902344
    335.66070098        2.65136719
    336.83327032        2.55371094
    338.03246971        2.63671875
    339.26848829        2.80273438
    340.42564418        2.76855469
    341.62113589        2.77343750
    342.77289166        2.69042969
    343.97558085        2.65625000
    345.17800064        2.77832031
    346.39257850        2.72949219
    347.57864718        2.56347656
    348.77893170        2.61718750
    350.02746800        2.59277344
    351.24830378        2.65136719
    352.43005369        2.58300781
    353.65235127        2.63671875
    354.85493743        2.66601563
    356.10395675        2.64160156
    357.35402386        2.66601563
    358.60508914        2.70019531
    359.80661427        2.55371094
    360.98847997        2.68554688
    362.15800093        2.76367188
    363.33725211        2.62207031
    364.56057574        2.67578125
    365.76306738        2.67578125
    366.94211865        2.68554688
    368.16412935        2.79296875
    369.36807758        2.66113281
    370.56829593        2.63671875
    371.80051657        2.58789063
    373.01860502        2.69042969
    374.22243653        2.56347656
    375.40485046        2.66113281
    376.55844660        2.65136719
    377.83147107        2.68066406
    379.03734380        2.63183594
    380.25936726        2.76367188
    381.47606953        2.70507813
    382.70988194        2.65625000
    383.91255222        2.74414063
    385.14545154        2.61718750
    386.36856674        2.66601563
    387.57181787        2.52441406
    388.75040456        2.58789063
    389.96913766        2.70996094
    391.22161985        2.59765625
    392.40529992        2.58789063
    393.66300735        2.52929688
    394.85897357        2.64648438
    396.00945091        2.56835938
    397.20768286        2.56835938
    398.41045144        2.54394531
    399.61571450        2.69042969
    400.79308326        2.68554688
    401.96517572        2.61718750
    403.17928711        2.53417969
    404.41464119        2.58300781
    405.63246167        2.66113281
    406.81874586        2.59765625
    408.04779902        2.58300781
    409.27153667        2.66601563
    410.53993138        2.64160156
    411.72315396        2.59765625
    412.89495056        2.51464844
    414.09613116        2.68066406
    415.29430119        2.77343750
    416.49733681        2.59765625
    417.68222111        2.53417969
    418.86888434        2.54394531
    420.12192799        2.68066406
    421.30422047        2.45117188
    422.50667713        2.70019531
    423.82512902        2.64160156
    424.98204057        2.52929688
    426.21367752        2.63671875
    427.40093295        2.69042969
    428.60310698        2.54882813
    429.83784619        2.55371094
    431.01772501        2.54394531
    432.24179963        2.54882813
    433.44719880        2.57324219
    434.66339254        2.65625000
    435.84525115        2.65625000
    437.04740959        2.59277344
    438.21755818        2.63671875
    439.45038235        2.53417969
    440.65576498        2.62695313
    441.94864406        2.51953125
    443.13046628        2.48535156
    444.35375919        2.48535156
    445.55810774        2.58789063
    446.75964091        2.57324219
    447.99232801        2.62695313
    449.19945649        2.58300781
    450.40464440        2.50488281
    451.65084409        2.57324219
    452.83936471        2.56347656
    454.05771547        2.39257813
    455.27228482        2.53906250
    456.51165520        2.60742188
    457.74661559        2.56835938
    458.94688026        2.65136719
    460.19684245        2.62695313
    461.39666191        2.57812500
    462.55547432        2.56835938
    463.78388945        2.57324219
    465.09598938        2.56347656
    466.32472021        2.43652344
    467.51947842        2.62695313
    468.73680833        2.59277344
    469.93564758        2.54882813
    471.13976785        2.72460938
    472.32285857        2.68066406
    473.54197970        2.60742188
    474.75776840        2.37792969
    475.97631057        2.58300781
    477.17884804        2.48046875
    478.38342108        2.53906250
    479.59933928        2.56835938
    480.83965111        2.61230469
    482.05345861        2.56835938
    483.27071951        2.45117188
    484.46919910        2.45117188
    485.67100308        2.50976563
    486.86519037        2.46582031
    488.14642655        2.55859375
    489.35641246        2.56347656
    490.56575467        2.54882813
    491.78161569        2.67089844
    493.01865890        2.66601563
    494.20082566        2.52929688
    495.39974431        2.59277344
    496.65505511        2.50488281
    497.86250638        2.60253906
    499.07414834        2.42675781
    500.26324697        2.51464844
    501.50900854        2.52929688
    502.71291708        2.56835938
    503.93065391        2.50488281
    505.11285186        2.55371094
    506.31755818        2.53906250
    507.57787634        2.50488281
    508.79252935        2.63183594
    510.00878500        2.48046875
    511.21282162        2.59765625
    512.48148903        2.60253906
    513.71626794        2.54882813
    514.91864283        2.51953125
    516.11946991        2.44140625
    517.32074976        2.38769531
    518.52303533        2.52929688
    519.69611462        2.47558594
    520.88027298        2.31933594
    522.06512420        2.45117188
    523.25222886        2.50488281
    524.45254740        2.50000000
    525.63458703        2.49511719
    526.85527724        2.48046875
    528.03706826        2.46093750
    529.24044038        2.48535156
    530.45872497        2.45117188
    531.70991928        2.46093750
    532.91188820        2.49023438
    534.14733964        2.43652344
    535.37016891        2.50000000
    536.60205588        2.58300781
    537.81712715        2.35839844
    538.97423200        2.44140625
    540.19034066        2.50488281
    541.37479347        2.44140625
    542.57365541        2.38769531
    543.77178904        2.61718750
    545.01110554        2.48535156
    546.22870579        2.43164063
    547.46130404        2.44140625
    548.66259996        2.39257813
    549.86527780        2.36816406
    551.08682109        2.40234375
    552.28887602        2.49511719
    553.49140641        2.49511719
    554.72388226        2.46093750
    555.92542016        2.41699219
    557.09890069        2.38281250
    558.30008176        2.45605469
    559.53090913        2.45605469
    560.75081763        2.34375000
    561.98258030        2.67578125
    563.18504168        2.46093750
    564.40569314        2.47070313
    565.59098248        2.59277344
    566.76063765        2.57324219
    568.01275876        2.50488281
    569.21275403        2.39257813
    570.41551789        2.45605469
    571.59311492        2.43164063
    572.84806133        2.42187500
    574.02216903        2.52929688
    575.21473760        2.38281250
    576.45779392        2.44140625
    577.72183678        2.38281250
    578.90299308        2.42187500
    580.08979999        2.42675781
    581.29151228        2.42187500
    582.59632541        2.44140625
    583.81062915        2.48046875
    585.03279250        2.29980469
    586.23371836        2.38281250
    587.43679935        2.31933594
    588.68586876        2.44628906
    589.91834934        2.39257813
    591.78168185        2.43652344
    592.93461491        2.40234375
    594.13238416        2.36328125
    595.31829593        2.61718750
    596.51642248        2.42187500
    597.73656493        2.38769531
    598.88903860        2.30957031
    600.06890277        2.39257813
    601.27100923        2.38769531
    602.44240222        2.38769531
    603.62280895        2.30957031
    604.78822476        2.43164063
    606.05068577        2.40234375
    607.23183498        2.44140625
    608.41167552        2.32421875
    609.64548557        2.37792969
    610.84782455        2.33886719
    612.07604070        2.51464844
    613.24677817        2.44628906
    614.46460858        2.41210938
    615.72689330        2.36816406
    616.92972853        2.32421875
    618.14294572        2.32421875
    619.31071894        2.39257813
    620.46554767        2.39257813
    621.69412254        2.46093750
    622.86265762        2.29003906
    624.06607275        2.43652344
    625.21674764        2.32910156
    626.41952663        2.47558594
    627.60272842        2.44140625
    628.80207195        2.28027344
    629.95610668        2.33886719
    631.16071564        2.32910156
    632.36037866        2.27050781
    633.57857156        2.40234375
    634.79347222        2.33398438
    636.01247566        2.32910156
    637.17903095        2.36328125
    638.41945999        2.38769531
    639.68847808        2.36816406
    640.85828213        2.38281250
    642.06263588        2.38769531
    643.26265478        2.32910156
    644.46663516        2.37304688
    645.66820472        2.40234375
    646.85330170        2.41210938
    648.06801993        2.38281250
    649.29479460        2.30468750
    650.49244381        2.22656250
    651.66197469        2.23632813
    652.86165756        2.30468750
    654.03152116        2.34375000
    655.19832316        2.33886719
    656.38212895        2.31933594
    657.55177184        2.26562500
    658.80296614        2.37304688
    659.95531977        2.31933594
    661.14483477        2.25585938
    662.34104817        2.30468750
    663.55819375        2.30957031
    664.73323865        2.31933594
    665.91197469        2.41210938
    667.12154234        2.36328125
    668.33840624        2.29003906
    669.51696363        2.25097656
    670.72321871        2.38769531
    671.92261801        2.38769531
    673.14199907        2.23632813
    674.28929665        2.27539063
    675.52571696        2.27539063
    676.70923209        2.38281250
    677.92778229        2.34863281
    679.08026637        2.24121094
    680.32066989        2.32421875
    681.48346929        2.36816406
    682.65500785        2.33398438
    683.85849245        2.26562500
    685.05809025        2.27539063
    686.28939448        2.32421875
    687.54797295        2.34375000
    688.74035531        2.36816406
    689.94288239        2.22656250
    691.12748596        2.31933594
    692.29381770        2.26074219
    693.49363953        2.30468750
    694.70859264        2.45117188
    695.92835132        2.22167969
    697.08421697        2.21191406
    698.24917528        2.43164063
    699.43308883        2.26074219
    700.63287568        2.32910156
    701.85341371        2.30957031
    703.09071828        2.21191406
    704.34012090        2.25585938
    705.53877110        2.33398438
    706.74295943        2.33398438
    707.95923965        2.19238281
    709.14150472        2.19726563
    710.36208811        2.25585938
    711.53429353        2.39746094
    712.71436707        2.26562500
    713.91372526        2.22656250
    715.17002713        2.15820313
    716.38618873        2.19238281
    717.58979621        2.27050781
    718.77181598        2.28515625
    720.04380305        2.29492188
    721.27667212        2.20214844
    722.47783570        2.27050781
    723.67739049        2.35351563
    724.85560287        2.29003906
    726.07775394        2.22167969
    727.23134535        2.23632813
    728.44608910        2.28515625
    730.09461312        2.23144531
    731.27747368        2.31933594
    732.48004613        2.26074219
    733.68080231        2.30468750
    734.88274288        2.19726563
    736.08786699        2.21679688
    737.25335085        2.16308594
    738.51048831        2.30957031
    739.84318440        2.21679688
    741.01079929        2.16308594
    742.21260327        2.21191406
    743.39458192        2.27050781
    744.59427614        2.29003906
    745.81865087        2.19238281
    747.04382952        2.10449219
    748.24092434        2.22656250
    749.43438522        2.18750000
    750.66904834        2.29980469
    751.87148515        2.26562500
    753.09524689        2.26562500
    754.32696325        2.19726563
    755.52742169        2.23632813
    756.72832958        2.14355469
    757.91508828        2.18750000
    759.13216581        2.12402344
    760.34675218        2.19238281
    761.50438021        2.23632813
    762.73439987        2.15332031
    763.97046808        2.13867188
    765.21619421        2.27539063
    766.38819167        2.21679688
    767.57493903        2.33398438
    768.79219143        2.18750000
    769.99360313        2.18750000
    771.22649678        2.19726563
    772.42995538        2.11425781
    773.65091688        2.15332031
    774.83304772        2.18750000
    776.05332864        2.19726563
    777.23583237        2.22167969
    778.40335605        2.13378906
    779.60250014        2.15820313
    780.81910883        2.18261719
    782.04161531        2.20214844
    783.26427917        2.23144531
    784.48367299        2.21679688
    785.66106490        2.20214844
    786.86547630        2.17773438
    788.08584891        2.15332031
    789.28979384        2.16308594
    790.53553840        2.14843750
    791.74339093        2.27539063
    792.94059446        2.08984375
    794.13933163        2.09960938
    795.32414551        2.21679688
    796.54410316        2.11425781
    797.76838904        2.17773438
    798.96616916        2.10937500
    800.18412481        2.05078125
    801.40390712        2.11914063
    802.57395174        2.11425781
    803.77260242        2.15332031
    805.00484716        2.16308594
    806.22787115        2.29003906
    807.45390334        2.19238281
    808.65252850        2.14843750
    809.86218925        2.23144531
    811.06962351        2.07519531
    812.23677666        2.22656250
    813.43786273        2.30468750
    814.64009490        2.09472656
    815.89477617        2.12402344
    817.11035692        2.12402344
    818.31163393        2.09472656
    819.51938342        2.04101563
    820.74668176        1.99218750
    821.94707309        2.12890625
    823.14711279        2.17285156
    824.35498374        2.18261719
    825.53890627        2.16796875
    826.69127172        2.12890625
    827.89481634        2.04101563
    829.11725570        2.21191406
    830.32415260        2.01171875
    831.55495208        2.06542969
    832.75703821        1.97265625
    834.02294270        2.26074219
    835.22543906        2.08984375
    836.47412613        2.09472656
    837.67391440        2.01171875
    838.83044076        2.07519531
    840.02904843        2.08984375
    841.22983156        2.05566406
    842.45056430        2.05566406
    843.63369520        2.18261719
    844.83649640        2.08496094
    846.01973789        2.07519531
    847.24004669        2.12890625
    848.46607700        2.10937500
    849.71067452        2.12402344
    850.91448712        2.01171875
    852.16866788        2.12402344
    853.40171229        2.05078125
    854.67106688        2.01660156
    855.85084504        2.08984375
    857.05393406        2.04589844
    858.27533603        2.14355469
    859.45568700        2.03613281
    860.76011069        2.11425781
    862.01213679        2.03613281
    863.21805395        2.01660156
    864.41448948        2.08007813
    865.65272605        2.08984375
    866.83820869        2.11914063
    868.00811105        2.01171875
    869.21212970        1.99218750
    870.44534047        2.13378906
    871.66115092        2.02148438
    872.94435176        1.99707031
    874.11655009        1.99218750
    875.29338337        2.21191406
    876.49709766        2.11425781
    877.70372516        2.06542969
    878.92061837        2.02636719
    880.10334565        2.05078125
    881.30382867        2.11425781
    882.52529066        2.10449219
    883.74382290        2.08007813
    884.94709152        2.08007813
    886.19740486        2.18750000
    887.40319489        1.92871094
    888.64925232        2.11425781
    889.85156861        2.06542969
    891.06864378        2.09960938
    892.30529283        2.20703125
    893.53712734        2.01171875
    894.73830605        2.00195313
    895.98657154        2.14355469
    897.17549010        2.29003906
    898.37554493        1.92871094
    899.57746659        2.06542969
    900.77970537        1.99707031
    902.04535938        2.06542969
    903.22517440        2.01660156
    904.42866467        2.08984375
    905.68598645        2.08984375
    906.90329934        2.03613281
    908.13581063        2.10937500
    909.33588341        2.02636719
    910.52334253        2.09472656
    911.77605535        2.02636719
    913.04056185        2.10449219
    914.24206193        1.99707031
    915.42581054        2.07519531
    916.69523224        2.08984375
    917.89379454        2.12890625
    919.04846116        2.01660156
    920.22755118        2.09472656
    921.48226743        2.02636719
    922.70390476        1.92871094
    923.90130868        2.03613281
    925.10578672        2.00195313
    926.30688413        2.03125000
    927.55878216        2.06542969
    928.73886752        2.06054688
    929.94348923        1.95800781
    931.19745401        1.99218750
    932.41627692        2.04101563
    933.61317561        1.95800781
    934.80490812        2.16796875
    936.02130650        1.92382813
    937.25233095        2.06542969
    938.45507496        1.97753906
    939.67608513        2.12890625
    940.87638713        1.92382813
    942.07831588        2.04101563
    943.26125584        1.93847656
    944.46122984        2.00195313
    945.64619024        2.10449219
    946.88250279        1.92871094
    948.08884956        1.98730469
    949.29986247        1.85058594
    950.53952871        2.06054688
    951.81004830        2.04101563
    953.06151530        2.07031250
    954.24819035        1.99707031
    955.51702885        2.05566406
    956.74532724        2.00195313
    958.02105696        1.91894531
    959.19719171        2.05566406
    960.41616018        1.97753906
    961.63219937        1.96777344
    962.82453589        1.97753906
    964.03919740        2.12402344
    965.25713604        2.07031250
    966.46070996        2.03125000
    967.69565098        1.94335938
    968.91217744        2.05566406
    970.11514122        2.00195313
    971.30068435        2.06542969
    972.55031382        1.93359375
    973.74976180        1.92382813
    974.92073653        1.94824219
    976.12418237        1.97753906
    977.35796643        2.08496094
    978.53618636        2.02636719
    979.77917179        1.88964844
    980.96890041        1.97265625
    982.16880636        1.93359375
    983.42863631        1.93847656
    984.71984848        2.19238281
    985.92991805        1.86523438
    987.11699482        1.96777344
    988.34066393        1.98730469
    989.57005927        1.98730469
    990.77260761        2.04101563
    992.04416035        1.94335938
    993.22834093        1.99218750
    994.42517487        1.94335938
    995.62647220        1.79199219
    996.82032913        2.01171875
    998.06687856        1.95312500
    999.25072263        2.08007813
   1000.49381392        1.95312500
   1001.71057527        1.95312500
   1002.89661276        1.95312500
   1004.09644356        1.89453125
   1005.34981426        1.96289063
   1006.60078076        1.97753906
   1007.82750392        1.85058594
   1009.02663762        1.99707031
   1010.27974885        1.83593750
   1011.54656030        1.92871094
   1012.77931593        1.91406250
   1013.96756716        1.92382813
   1015.23163554        1.89453125
   1016.43501569        1.94335938
   1017.63268947        1.95800781
   1018.83672656        1.88964844
   1020.09055712        1.99707031
   1021.31341664        2.09960938
   1022.55753871        1.93847656
   1023.80636804        1.83105469
   1025.01064333        1.94335938
   1026.20720504        2.06054688
   1027.46125300        1.93847656
   1028.66172184        1.97265625
   1029.91796747        2.00683594
   1031.09893000        1.89941406
   1032.31723018        2.07519531
   1033.50350587        1.96289063
   1034.70358858        2.02148438
   1035.87530578        1.79687500
   1037.05654999        1.92871094
   1038.27579589        1.90917969
   1039.47673923        1.86523438
   1040.76193688        1.87500000
   1041.96222045        1.77246094
   1043.18231421        1.92382813
   1044.43553415        1.95312500
   1045.63462720        1.84570313
   1046.81936074        1.90429688
   1048.08738492        1.93847656
   1049.32209672        1.98242188
   1050.52803373        2.01660156
   1051.78230145        1.84082031
   1052.97077575        1.95312500
   1054.18539804        1.80175781
   1055.38890343        1.73339844
   1056.60483676        2.08496094
   1057.84244192        1.98242188
   1059.02317665        1.85058594
   1060.24357809        1.84570313
   1061.46308723        1.82617188
   1062.64983978        1.90917969
   1063.89904579        1.86523438
   1065.16665076        1.92871094
   1066.38440791        1.97753906
   1067.58747141        1.87011719
   1068.83445517        1.94335938
   1070.03618069        1.92871094
   1071.28270223        1.86523438
   1072.52175029        1.94335938
   1073.68793410        1.91406250
   1074.88851400        1.88964844
   1076.05667855        1.87988281
   1077.29007411        1.89453125
   1078.52858574        1.84082031
   1079.79662174        1.83593750
   1080.99851031        2.04101563
   1082.15284657        1.81152344
   1083.40393690        1.93359375
   1084.60380315        1.81640625
   1085.80613504        1.87011719
   1087.01699860        1.93847656
   1088.25832136        1.92871094
   1089.46290905        1.93359375
   1090.66350596        1.88964844
   1091.86298939        1.91894531
   1093.11466907        1.78222656
   1094.32918171        1.88476563
   1095.51536902        1.73339844
   1096.72049502        1.73828125
   1097.87524151        1.98242188
   1099.07737159        1.82128906
   1100.32224228        1.87500000
   1101.52405855        1.88476563
   1102.74611604        1.97265625
   1103.94658062        1.85058594
   1105.14878301        1.95312500
   1106.39793183        1.89941406
   1107.63563435        1.87011719
   1108.89142673        1.89453125
   1110.10694699        1.98730469
   1111.30937388        1.87011719
   1112.54349632        1.81152344
   1113.74146927        1.74316406
   1114.94396610        1.87011719
   1116.21279657        1.90917969
   1117.51503157        1.89941406
   1118.75010019        2.02148438
   1120.01355181        1.83105469
   1121.21973600        1.92871094
   1122.45152750        1.87988281
   1123.66669754        1.81640625
   1124.90254788        1.82617188
   1126.14023574        1.82128906
   1127.37799544        1.88476563
   1128.58875173        1.89453125
   1129.77566025        1.86523438
   1130.92715844        1.87500000
   1132.15915931        1.91894531
   1133.36506796        1.87011719
   1134.54277747        1.95312500
   1135.74170322        1.89941406
   1136.94426574        1.80664063
   1138.14610186        1.91406250
   1139.34632304        1.85058594
   1140.56621926        1.86035156
   1141.81928701        1.94335938
   1143.06822031        1.89453125
   1144.21854217        1.71386719
   1145.45226761        1.84570313
   1146.64245893        1.92382813
   1147.82429580        1.77734375
   1149.00829017        1.80175781
   1150.21288306        1.89941406
   1151.41259665        1.83105469
   1152.61403435        1.79687500
   1153.81630196        1.89941406
   1155.03326985        1.86523438
   1156.23660416        1.77734375
   1157.42079655        1.85546875
   1158.61923502        1.91406250
   1159.82361712        1.91894531
   1160.99565902        1.77734375
   1162.19912802        1.89941406
   1163.41069390        1.94335938
   1164.69604893        2.02148438
   1165.94886997        1.88964844
   1167.19920648        1.83593750
   1168.40046505        1.87988281
   1169.61587047        1.74804688
   1170.84950470        1.84082031
   1172.03700257        1.88964844
   1173.30734682        1.87500000
   1174.49612596        1.90429688
   1175.69633580        1.86523438
   1176.89383613        2.00195313
   1178.06782568        1.83593750
   1179.29091678        1.95800781
   1180.48931556        1.91894531
   1181.69258465        1.78222656
   1182.92600384        1.79199219
   1184.12723878        1.79199219
   1185.37604779        1.91894531
   1186.56061591        1.87988281
   1187.74664442        1.84082031
   1188.94856041        1.90429688
   1190.23052205        1.93359375
   1191.43732584        1.97265625
   1192.66553349        1.92871094
   1193.85275063        1.88476563
   1195.10751035        1.93847656
   1196.34064739        1.98730469
   1197.55762331        1.78222656
   1198.79313146        1.82617188
   1199.99523839        1.76757813
   1201.21703925        1.84082031
   1202.41632512        1.85546875
   1203.61887536        1.91894531
   1204.81924022        1.90429688
   1206.02228576        1.92382813
   1207.19728435        1.88964844
   1208.44699699        1.81640625
   1209.62636586        1.95312500
   1210.85061109        1.90917969
   1212.10142636        1.87011719
   1213.30404749        1.91894531
   1214.50868008        1.87988281
   1215.72415827        1.87011719
   1216.91288400        1.89941406
   1218.14892291        1.87011719
   1219.40347326        1.89453125
   1220.63387999        1.82617188
   1221.85057754        1.86035156
   1223.00821266        1.88964844
   1224.18792512        2.07519531
   1225.38990964        1.87011719
   1226.57490406        1.90917969
   1227.76165000        1.92382813
   1228.94365465        1.79199219
   1230.16370966        1.97753906
   1231.36661578        1.79687500
   1232.53967900        1.82617188
   1233.74048386        1.79687500
   1234.97246488        2.06054688
   1236.14598938        1.82617188
   1237.33953580        1.93359375
   1238.49231006        1.90917969
   1239.64548462        1.90429688
   1240.84412349        1.80175781
   1241.99632871        2.02636719
   1243.20237017        1.84570313
   1244.39923720        1.87988281
   1245.63236715        1.82128906
   1246.83368338        1.78710938
   1248.07597879        1.84082031
   1249.29404172        1.74804688
   1250.49498554        1.81640625
   1251.69280630        1.96289063
   1252.86245534        1.85058594
   1254.01360663        1.84570313
   1255.21879596        1.87500000
   1256.42340917        1.84082031
   1257.59079910        1.98730469
   1258.77400656        1.80664063
   1260.04600214        1.70410156
   1261.28356287        1.78710938
   1262.50128174        1.77246094
   1263.69935393        2.00195313
   1264.90538830        1.77734375
   1266.15276528        1.85058594
   1267.37111982        1.97265625
   1268.60898539        1.85058594
   1269.79093285        1.86035156
   1271.01145434        1.85546875
   1272.26337930        1.94824219
   1273.51412746        1.81640625
   1274.71121047        1.93847656
   1275.95061487        1.95800781
   1277.16861211        1.83593750
   1278.35349878        1.92871094
   1279.57712914        1.96289063
   1280.80623050        1.96289063
   1282.02455385        1.84570313
   1283.30214662        1.88476563
   1284.54022676        1.88476563
   1285.74650878        1.85058594
   1286.97739191        1.88964844
   1288.20163289        1.93847656
   1289.41619704        1.82128906
   1290.60441802        1.85058594
   1291.79053491        1.95800781
   1292.99044984        1.83105469
   1294.19013602        1.86523438
   1295.36006343        1.84082031
   1296.54058217        1.82617188
   1297.72722602        1.89941406
   1298.99900892        1.84570313
   1300.20194434        1.86523438
   1301.37181645        1.87011719
   1302.57277587        1.94335938
   1303.77341957        1.74316406
   1304.97566214        1.86035156
   1306.18559181        1.87011719
   1307.37451888        1.83593750
   1308.56109373        1.89453125
   1309.78253493        1.85546875
   1310.99360502        1.88476563
   1312.19240552        1.87011719
   1313.41764892        1.94335938
   1314.66738520        1.87988281
   1315.90044710        1.84570313
   1317.10147504        1.90917969
   1318.32332883        1.90429688
   1319.55767718        1.90429688
   1320.72467106        1.78222656
   1321.92793164        1.88476563
   1323.14612407        1.87988281
   1324.36231308        1.71386719
   1325.57942653        1.82128906
   1327.13481247        1.74804688
   1328.93764769        1.72851563
   1330.15196467        1.83593750
   1331.37046619        1.79687500
   1332.56927425        1.80175781
   1333.77303817        1.84570313
   1334.99423739        1.92871094
   1336.17143174        1.78222656
   1337.43519292        1.76757813
   1338.69270044        1.82128906
   1339.88366779        1.83593750
   1341.11271717        1.82128906
   1342.29581403        1.89453125
   1343.51374180        1.96777344
   1344.68336248        1.79199219
   1345.88588909        1.91894531
   1347.07246772        1.92871094
   1348.28639195        1.94335938
   1349.47510634        1.89941406
   1350.67399191        2.01171875
   1351.89334509        1.84082031
   1353.09508715        1.82617188
   1354.33523073        1.88964844
   1355.55226809        1.81640625
   1356.80195191        1.81152344
   1358.05372327        1.90917969
   1359.20351769        1.91894531
   1360.43450243        1.75292969
   1361.63752434        1.80175781
   1362.81100488        1.87988281
   1364.03775923        1.98242188
   1365.20984271        1.82617188
   1366.39688640        1.83593750
   1367.61433068        1.67480469
   1368.81675709        1.93847656
   1370.00103409        1.80664063
   1371.17909570        1.83593750
   1372.38289222        1.89453125
   1373.58497552        1.82617188
   1374.80663176        1.86523438
   1376.00619789        1.81152344
   1377.21135934        1.76269531
   1378.41282303        1.83105469
   1379.62779695        1.81152344
   1380.84339660        1.82128906
   1382.04560136        1.76269531
   1383.24681031        1.91894531
   1384.44617559        1.84570313
   1385.66787389        1.95800781
   1386.86885173        1.89453125
   1388.10221279        1.86523438
   1389.26935885        1.86523438
   1390.47112171        1.88964844
   1391.62055173        1.89941406
   1392.82469753        1.87500000
   1394.15665633        1.84570313
   1395.35727310        1.93359375
   1396.57560117        1.87500000
   1397.76059134        1.93359375
   1398.97711354        1.74804688
   1400.19462257        1.80664063
   1401.40124062        1.88964844
   1402.63380910        1.91894531
   1403.86714889        1.80175781
   1405.08288844        1.91894531
   1406.23858914        1.82128906
   1407.43637068        1.86035156
   1408.59017430        1.82617188
   1409.79129346        1.89941406
   1411.04247689        1.87011719
   1412.24419012        1.80664063
   1413.42623306        1.84570313
   1414.62885844        1.86035156
   1415.83019075        1.95312500
   1417.03409362        1.85546875
   1418.23703707        1.88964844
   1419.43605214        1.94824219
   1420.76031297        1.85546875
   1422.00195616        1.83593750
   1423.26454478        1.87011719
   1424.46617152        1.89941406
   1425.71873594        1.86523438
   1426.91672448        1.82128906
   1428.14772860        1.90917969
   1429.33596896        1.80175781
   1430.53433465        2.00683594
   1431.76601414        1.83593750
   1433.01112729        1.89453125
   1434.22363792        1.88964844
   1435.37699066        1.84082031
   1436.62619336        2.12890625
   1437.77968552        1.87500000
   1438.98062886        1.85058594
   1440.16394786        1.84082031
   1441.36378670        1.95312500
   1442.61955687        1.90429688
   1443.81963249        1.87988281
   1445.04046732        1.85058594
   1446.22750770        1.85546875
   1447.42755686        1.85058594
   1448.59524170        1.92871094
   1449.75049719        1.87011719
   1450.93512817        1.90429688
   1452.16735070        1.79687500
   1453.38350899        1.93359375
   1454.61975348        1.95800781
   1455.83641842        2.03125000
   1457.04063179        2.02148438
   1458.26518517        1.95312500
   1459.47150595        1.92871094
   1460.66973930        1.88964844
   1461.82200928        1.87011719
   1463.05568227        1.92871094
   1464.25470632        2.00683594
   1465.47328251        1.81152344
   1466.63953485        1.92382813
   1467.82881213        1.85546875
   1468.99751262        1.93359375
   1470.21455848        2.02148438
   1471.46474611        1.86035156
   1472.68409787        1.95800781
   1473.88552045        1.90429688
   1475.19908029        1.84082031
   1476.46701183        1.91894531
   1477.68638628        1.97265625
   1478.90508535        1.97265625
   1480.10688082        1.79687500
   1481.31072320        1.89453125
   1482.49745071        1.97265625
   1483.72783475        1.87500000
   1484.93138789        1.95312500
   1486.12922614        1.96777344
   1487.30198499        1.93359375
   1488.48742367        1.96777344
   1489.65778494        1.95312500
   1490.88929429        1.95312500
   1492.06094769        1.90917969
   1493.29642844        1.84082031
   1494.50962956        1.81640625
   1495.71932151        1.89941406
   1496.93019878        1.91894531
   1498.13797380        1.87988281
   1499.36900013        1.86035156
   1500.60425544        1.92382813
   1501.82481473        1.87988281
   1502.99360597        2.01660156
   1504.22605394        2.00683594
   1505.48118041        1.93359375
   1506.66006815        1.99218750
   1507.90705097        1.96777344
   1509.07134242        1.89941406
   1510.26303713        1.98730469
   1511.45961728        1.93847656
   1512.66166796        1.93359375
   1513.83053340        1.92382813
   1515.01763238        1.86523438
   1516.25035399        1.89453125
   1517.49177080        1.93359375
   1518.69111812        1.92382813
   1519.89393727        1.89941406
   1521.09290366        1.93847656
   1522.29700172        1.94335938
   1523.49569210        1.94335938
   1524.71541108        1.91894531
   1525.96809602        1.91894531
   1527.14795026        1.81640625
   1528.32311473        1.85058594
   1529.52406611        1.95800781
   1530.77175974        1.86523438
   1531.95769278        2.01660156
   1533.15785489        1.83593750
   1534.33978297        1.98730469
   1535.63034199        1.96777344
   1536.81653733        1.90917969
   1538.05203414        1.93847656
   1539.27325085        1.73339844
   1540.45716014        2.02148438
   1541.69086101        1.89941406
   1542.87717876        1.99218750
   1544.12293986        1.91894531
   1545.29709104        1.91894531
   1546.50118060        1.86523438
   1547.71390060        1.96289063
   1548.93147390        1.97265625
   1550.12370787        2.03613281
   1551.29144564        1.87011719
   1552.54475159        1.85546875
   1553.74697809        1.96777344
   1554.94933030        2.12890625
   1556.18225088        1.94335938
   1557.38311766        1.95800781
   1558.59887234        2.01660156
   1559.80070987        2.03125000
   1561.02137503        1.91406250
   1562.17447161        1.96289063
   1563.34264561        1.85058594
   1564.52808949        1.93847656
   1565.71715456        2.00683594
   1566.98552659        1.94824219
   1568.18844074        1.91406250
   1569.41685540        1.87988281
   1570.62235571        1.89941406
   1571.83855795        1.89453125
   1573.06964289        1.97753906
   1574.27894351        2.03125000
   1575.50451632        1.91894531
   1576.77455999        1.94824219
   1578.00854018        1.82617188
   1579.21306029        1.89941406
   1580.43621472        1.94824219
   1581.68059956        1.82128906
   1583.01364066        1.98242188
   1584.21438645        1.96289063
   1585.41643288        2.01660156
   1586.63469715        1.92871094
   1587.81609732        1.93847656
   1589.01553538        1.89941406
   1590.17053850        1.87011719
   1591.36634875        2.01171875
   1592.60615961        1.88476563
   1593.80276670        2.02636719
   1595.00183044        2.00195313
   1596.21007288        1.92382813
   1597.43964592        1.93359375
   1598.61229654        1.85058594
   1599.81525181        2.00683594
   1601.04829244        1.97265625
   1602.21680341        1.93359375
   1603.44650831        1.95312500
   1604.64925941        1.98242188
   1605.87105838        1.92382813
   1607.09972021        1.93847656
   1608.32219360        1.95312500
   1609.52394134        1.96777344
   1610.72660501        2.04589844
   1611.97688432        1.93359375
   1613.19395098        2.01171875
   1614.46235798        1.88476563
   1615.68344660        1.96289063
   1616.93123145        1.98730469
   1618.18301841        1.97265625
   1619.37376127        2.01660156
   1620.58662448        2.01660156
   1621.78785990        1.93847656
   1623.07296019        1.98730469
   1624.27659177        1.93847656
   1625.48925742        1.94335938
   1626.72568104        2.04101563
   1627.89805755        1.97265625
   1629.14554748        2.04589844
   1630.32798505        2.09472656
   1631.52783145        1.98242188
   1632.71995151        2.05566406
   1633.89989083        2.01171875
   1635.08580969        2.00195313
   1636.30533915        2.05078125
   1637.52004934        2.10449219
   1638.73884767        1.95800781
   1639.93825501        1.92871094
   1641.16324744        2.03125000
   1642.39823478        1.89453125
   1643.61758606        1.98730469
   1644.81942171        2.08007813
   1646.00387168        2.08984375
   1647.16967692        2.03613281
   1648.40364104        1.95800781
   1649.67202913        1.97753906
   1650.87673356        1.95800781
   1652.07568057        1.97753906
   1653.25896412        1.97265625
   1654.51787058        1.96777344
   1655.76099543        1.98730469
   1657.06611623        1.99218750
   1658.24950092        1.92871094
   1659.42199652        1.99707031
   1660.60832514        2.08007813
   1661.84123249        2.08007813
   1663.02440214        2.06054688
   1664.19239371        1.98242188
   1665.43133259        2.03613281
   1666.67840898        1.98242188
   1667.91124402        1.98242188
   1669.11180785        1.89453125
   1670.32936934        1.93359375
   1671.50131387        1.89941406
   1672.68519056        2.05078125
   1673.85728917        1.80175781
   1675.05628438        1.97265625
   1676.22500142        2.00195313
   1677.41183999        1.91406250
   1678.62594996        1.99218750
   1679.80137910        1.94335938
   1681.00236497        2.00195313
   1682.18760705        1.97753906
   1683.35283712        1.90429688
   1684.55375541        2.03125000
   1685.77232026        1.91406250
   1686.97355427        1.96289063
   1688.19317447        2.08496094
   1689.37654073        2.00195313
   1690.57919069        1.95800781
   1691.73392017        2.00683594
   1692.94905618        1.89453125
   1694.15090695        1.88476563
   1695.33761272        2.03613281
   1696.54352137        1.96289063
   1697.74186910        1.93847656
   1698.94435696        1.95800781
   1700.14538348        1.87988281
   1701.34773900        1.84082031
   1702.59462210        2.04589844
   1703.76193830        1.96289063
   1704.98228302        1.89941406
   1706.18464563        2.02148438
   1707.37464081        1.94824219
   1708.60687799        1.98242188
   1709.85426395        2.08496094
   1711.05282341        1.90429688
   1712.23751536        1.96289063
   1713.41192932        1.97265625
   1714.66497060        1.92382813
   1715.90625603        2.08984375
   1717.12002855        2.00683594
   1718.32083341        1.92871094
   1719.49607681        1.96289063
   1720.74344717        2.00195313
   1721.94902027        2.06054688
   1723.19606925        2.10937500
   1724.39967342        1.84082031
   1725.59923200        1.97265625
   1726.80821975        1.99707031
   1728.05365663        1.93359375
   1729.25724379        2.02148438
   1730.50923965        1.97753906
   1731.70964185        2.02148438
   1732.91212592        2.05078125
   1734.09776358        1.95800781
   1735.34595535        2.00195313
   1736.56491436        2.09472656
   1737.75064985        2.12890625
   1738.93990633        2.06054688
   1740.22305282        1.98730469
   1741.40691249        2.07519531
   1742.59592085        1.95312500
   1743.83012931        2.16796875
   1745.07723878        2.01171875
   1746.24919041        2.13378906
   1747.48274619        1.93359375
   1748.65092397        1.94824219
   1749.85069286        2.08007813
   1751.00599609        2.01660156
   1752.24041486        2.05078125
   1753.44050419        2.01660156
   1754.61169348        2.08984375
   1755.82074409        2.01660156
   1757.01040607        1.91894531
   1758.20815736        2.01171875
   1759.41560816        2.06054688
   1760.70523848        1.91894531
   1761.97057678        1.97265625
   1763.12462711        2.05078125
   1764.29457247        2.10937500
   1765.49441414        2.17773438
   1766.68443295        2.09960938
   1767.87808004        2.08496094
   1769.10228227        2.11914063
   1770.28501616        1.98242188
   1771.52394276        2.00683594
   1772.75307484        2.08007813
   1773.95763985        2.01660156
   1775.13897905        2.03613281
   1776.34177836        2.04589844
   1777.55119099        1.94335938
   1778.88388472        2.09960938
   1780.40256347        1.94335938
   1781.68045021        2.09960938
   1783.18613721        1.93359375
   1784.38097955        1.96777344
   1785.55400684        2.19238281
   1786.80299450        2.00683594
   1788.05488544        2.05078125
   1789.31533546        2.01660156
   1790.51018489        1.98242188
   1791.68031410        1.89453125
   1792.88332136        1.97753906
   1794.07452360        2.03125000
   1795.32717971        1.97753906
   1796.62139015        2.04589844
   1797.87257311        2.02636719
   1799.04005378        2.00195313
   1800.22295546        1.97753906
