      0.00641955      30.65350123
      1.32095535      30.63772668
      2.47796567      30.62582953
      3.65657646      30.61774682
      4.82704927      30.61341594
      6.00770885      30.61277405
      7.18023990      30.61575843
      8.34412916      30.62230635
      9.53432614      30.63235496
     10.71302201      30.64584168
     11.88573265      30.66270365
     13.03861278      30.68287815
     14.19551109      30.70630234
     15.37546647      30.73291361
     16.54213330      30.76264913
     17.69519443      30.79544616
     18.85162911      30.83124199
     20.00934694      30.86997390
     21.16618617      30.91157890
     22.33848092      30.95599454
     23.50763985      31.00312382
     24.66455943      31.05291845
     25.85435422      31.10531783
     27.02655207      31.16026572
     28.21633977      31.21770998
     29.38366873      31.27760113
     30.54179774      31.33988914
     31.71828884      31.40452202
     32.88279345      31.47144830
     34.06337836      31.54061517
     35.21630764      31.61196852
     36.38450810      31.68545357
     37.55458769      31.76101381
     38.71865559      31.83858970
     39.88475764      31.91811972
     41.07693915      31.99953809
     42.25018716      32.08277575
     43.43800499      32.16776111
     44.58880891      32.25441900
     45.77786547      32.34267111
     46.94616377      32.43243062
     48.12752755      32.52360849
     49.28985718      32.61610903
     50.44649271      32.70983263
     51.60157429      32.80467844
     52.76058330      32.90054286
     53.91449184      32.99731778
     55.07477409      33.09488981
     56.22868972      33.19314210
     57.40767293      33.29195504
     58.57030030      33.39120569
     59.72720854      33.49077233
     60.90818808      33.59053190
     62.08905373      33.69036172
     63.28200229      33.79014285
     64.44682402      33.88976097
     65.62298996      33.98911047
     66.78907830      34.08809185
     67.97019774      34.18661738
     69.13483562      34.28460900
     70.30424693      34.38199882
     71.46935318      34.47873339
     72.63376704      34.57476506
     73.81454808      34.67005005
     74.97982305      34.76454944
     76.13637021      34.85823215
     77.31337647      34.95107938
     78.50209086      35.04308054
     79.66760875      35.13423353
     80.84541845      35.22454442
     82.00238246      35.31402752
     83.15522194      35.40270662
     84.30788514      35.49061628
     85.47646322      35.57779778
     86.65833459      35.66430338
     87.82001342      35.75019341
     89.00356778      35.83553167
     90.18487721      35.92038722
     91.37743681      36.00483231
     92.55435185      36.08894356
     93.72702516      36.17279624
     94.88503034      36.25646818
     96.06562423      36.34003466
     97.21086215      36.42356183
     98.38465036      36.50710926
     99.56167174      36.59073223
    100.72963353      36.67448436
    101.90269155      36.75841313
    103.07568671      36.84255864
    104.22814479      36.92695782
    105.38520426      37.01164188
    106.55637371      37.09663835
    107.72789289      37.18197185
    108.90932000      37.26766049
    110.09469393      37.35371898
    111.25758030      37.44015378
    112.41569371      37.52696438
    113.59614770      37.61414310
    114.75961917      37.70167220
    115.93878008      37.78952562
    117.10503478      37.87766446
    118.28132975      37.96604320
    119.44658345      38.05461195
    120.60226809      38.14331699
    121.75924107      38.23210474
    122.94819508      38.32091815
    124.10206581      38.40969994
    125.28286339      38.49839585
    126.44844698      38.58696024
    127.62521977      38.67535393
    128.84304167      38.76354543
    130.12544993      38.85151120
    131.29188517      38.93923812
    132.44518829      39.02671734
    133.62178101      39.11394448
    134.79027119      39.20092392
    135.97187175      39.28766611
    137.12056166      39.37418812
    138.28895637      39.46050754
    139.44704567      39.54664819
    140.61689510      39.63263602
    141.78197393      39.71850078
    142.94637739      39.80428324
    144.10361741      39.89003302
    145.28416025      39.97580265
    146.44510227      40.06164532
    147.60199917      40.14761567
    148.78221591      40.23377512
    149.95098304      40.32018796
    151.12325463      40.40691401
    152.28940299      40.49400936
    153.47057631      40.58152205
    154.65937293      40.66949285
    155.82014954      40.75795005
    156.97662816      40.84691365
    158.15372705      40.93639542
    159.32255799      41.02639073
    160.47942133      41.11688634
    161.63626293      41.20785381
    162.78958731      41.29925504
    163.96963580      41.39103946
    165.13468439      41.48314873
    166.32333450      41.57551643
    167.50359945      41.66806620
    168.69686655      41.76071535
    169.87595894      41.85337481
    171.06317324      41.94595409
    172.22730920      42.03835857
    173.41546260      42.13049100
    174.59432151      42.22224724
    175.75939940      42.31351826
    176.93723888      42.40418550
    178.10212016      42.49412999
    179.25953693      42.58323385
    180.44788646      42.67138182
    181.60118816      42.75846209
    182.78088360      42.84436245
    183.95279600      42.92898353
    185.12440309      43.01223482
    186.31491153      43.09403718
    187.51130121      43.17432725
    188.68781075      43.25305341
    189.84468732      43.33017584
    191.00901847      43.40567151
    192.17963542      43.47953473
    193.35263389      43.55178072
    194.50985264      43.62243859
    195.69836522      43.69154407
    196.87814385      43.75914888
    198.03938267      43.82531392
    199.22025115      43.89011207
    200.40877129      43.95362551
    201.62704548      44.01594965
    202.80449553      44.07718770
    204.01008280      44.13744564
    205.22646700      44.19683873
    206.43790810      44.25548076
    207.62742925      44.31349334
    208.78422784      44.37100191
    209.94901790      44.42813204
    211.12597548      44.48500878
    212.29865966      44.54175385
    213.44791860      44.59848795
    214.63332183      44.65533134
    215.79797200      44.71240536
    216.96729777      44.76982422
    218.13558236      44.82768913
    219.30885164      44.88608796
    220.48574494      44.94510168
    221.65908511      45.00480162
    222.82310197      45.06525434
    224.00781330      45.12652203
    225.19745969      45.18866039
    226.35418927      45.25171547
    227.51076668      45.31572618
    228.67225646      45.38072956
    229.82107728      45.44675195
    230.98515180      45.51381438
    232.15302616      45.58193618
    233.31387224      45.65113177
    234.48761461      45.72141133
    235.64812418      45.79278135
    236.82075118      45.86524461
    238.00991124      45.93880151
    239.19051317      46.01344318
    240.36702649      46.08914950
    241.57143458      46.16589600
    242.75885731      46.24364630
    243.97109997      46.32235711
    245.14805424      46.40197565
    246.34500633      46.48244673
    247.51012770      46.56370684
    248.69218718      46.64568348
    249.87514509      46.72829910
    251.04902783      46.81147072
    252.22186939      46.89511858
    253.38461680      46.97915585
    254.56392092      47.06348993
    255.73667363      47.14802989
    256.90554757      47.23268312
    258.11045995      47.31736097
    259.29223869      47.40197371
    260.44498365      47.48642885
    261.61750619      47.57062716
    262.79557536      47.65446516
    263.98639431      47.73784017
    265.15173214      47.82065784
    266.31603446      47.90282528
    267.48518631      47.98425847
    268.63425572      48.06487829
    269.81163204      48.14460771
    270.97782956      48.22337052
    272.15018243      48.30109660
    273.32246441      48.37772018
    274.50295102      48.45318435
    275.72010369      48.52744692
    276.96929977      48.60047519
    278.13407896      48.67224390
    279.30697015      48.74273557
    280.46839613      48.81194122
    281.63307985      48.87986003
    282.82239021      48.94649811
    283.98539473      49.01186485
    285.19967484      49.07597387
    286.36864520      49.13884701
    287.55003781      49.20051510
    288.72691268      49.26102115
    289.90796737      49.32042059
    291.07264259      49.37878197
    292.23710088      49.43617912
    293.40615252      49.49269131
    294.59303552      49.54840693
    295.75988572      49.60342270
    296.92476984      49.65784011
    298.10901233      49.71176039
    299.27428257      49.76529138
    300.44744456      49.81854595
    301.60821833      49.87163671
    302.77333592      49.92467321
    303.92961841      49.97775709
    305.10114657      50.03098559
    306.28329159      50.08444645
    307.44879814      50.13821946
    308.61757897      50.19238003
    309.78266064      50.24699870
    310.95117067      50.30213462
    312.12065807      50.35783634
    313.29778390      50.41413946
    314.46159045      50.47106780
    315.60305169      50.52863102
    316.78401185      50.58683110
    317.94892291      50.64566196
    319.11890844      50.70511049
    320.29912141      50.76514904
    321.46830491      50.82573475
    322.61898926      50.88681215
    323.77333166      50.94831630
    324.95044662      51.01017361
    326.11730958      51.07230350
    327.27577084      51.13462049
    328.44848668      51.19704057
    329.61672685      51.25948141
    330.77516163      51.32186602
    331.94803675      51.38412639
    333.11682326      51.44620189
    334.27318326      51.50803419
    335.44649460      51.56956718
    336.63439940      51.63074595
    337.82051912      51.69152352
    338.97643770      51.75186099
    340.13267151      51.81173070
    341.29569683      51.87111280
    342.44856561      51.92999910
    343.61772974      51.98838920
    344.78279156      52.04628653
    345.99268200      52.10369956
    347.19842855      52.16063769
    348.39960820      52.21711760
    349.59591848      52.27316203
    350.76036401      52.32879534
    351.91710163      52.38404876
    353.08560835      52.43896092
    354.25874104      52.49357284
    355.41583596      52.54792608
    356.59675549      52.60206257
    357.77312986      52.65602413
    358.93092850      52.70985007
    360.10475121      52.76357411
    361.29028442      52.81723107
    362.47133250      52.87084979
    363.63595714      52.92445184
    364.80445725      52.97805203
    365.97715655      53.03166162
    367.15704766      53.08528934
    368.34445101      53.13894246
    369.53191013      53.19262708
    370.69678290      53.24634874
    371.87394559      53.30011805
    373.03974658      53.35395113
    374.22125688      53.40786148
    375.38248814      53.46186552
    376.53956226      53.51598084
    377.72080080      53.57021909
    378.88556062      53.62458595
    380.07001531      53.67908474
    381.22723406      53.73372114
    382.38498592      53.78850403
    383.56287077      53.84344053
    384.75128221      53.89854046
    385.91543660      53.95380856
    387.09733066      54.00924657
    388.25812333      54.06485275
    389.41481795      54.12062619
    390.59621434      54.17656702
    391.79043377      54.23267589
    392.96063482      54.28895877
    394.11682940      54.34542280
    395.28973288      54.40207591
    396.46963722      54.45892949
    397.63589901      54.51599121
    398.81216373      54.57326504
    400.00223359      54.63075297
    401.16722262      54.68845036
    402.34389616      54.74634755
    403.53318147      54.80443199
    404.68850596      54.86268658
    405.85145660      54.92109375
    407.03252689      54.97962820
    408.19539530      55.03826098
    409.35132474      55.09696150
    410.52339925      55.15569748
    411.67939628      55.21443505
    412.84493166      55.27314020
    414.00946509      55.33177972
    415.19061431      55.39032225
    416.37570751      55.44874211
    417.54067622      55.50701246
    418.71699718      55.56510218
    419.88609184      55.62298376
    421.04236110      55.68062717
    422.21914144      55.73799826
    423.40703915      55.79506395
    424.58569011      55.85179328
    425.75038849      55.90815978
    426.91496068      55.96413541
    428.07156550      56.01969105
    429.22903236      56.07480367
    430.38241157      56.12945013
    431.56448948      56.18361547
    432.78182033      56.23729215
    433.94754854      56.29047817
    435.12078190      56.34317739
    436.30469545      56.39540409
    437.47798552      56.44718037
    438.65888283      56.49853176
    439.83929618      56.54948831
    441.02831966      56.60007952
    442.20122739      56.65033278
    443.37037167      56.70027667
    444.54989981      56.74993832
    445.71078086      56.79934234
    446.86787152      56.84851334
    448.03133826      56.89747607
    449.22049927      56.94625037
    450.38572603      56.99485358
    451.57532043      57.04329788
    452.74361731      57.09159582
    453.91580619      57.13975867
    455.08923994      57.18779594
    456.24200569      57.23571347
    457.40190701      57.28351600
    458.59493544      57.33120527
    459.77388084      57.37878286
    460.94737556      57.42624837
    462.11998601      57.47359532
    463.29790631      57.52081419
    464.49487400      57.56789280
    465.66410666      57.61481142
    466.82199132      57.66154679
    467.98682250      57.70807388
    469.13615375      57.75436504
    470.30530796      57.80039434
    471.47093597      57.84613835
    472.64788551      57.89157749
    473.80488118      57.93669893
    474.96936594      57.98149156
    476.13439704      58.02595496
    477.30801416      58.07009286
    478.55627588      58.11391464
    479.73787313      58.15743856
    480.93128155      58.20069017
    482.10297654      58.24369593
    483.28011371      58.28648467
    484.44530266      58.32908817
    485.61816407      58.37153699
    486.76004168      58.41386182
    487.92482041      58.45609521
    489.09344481      58.49826999
    490.24554323      58.54042015
    491.40960073      58.58257905
    492.59530644      58.62477897
    493.76108853      58.66705286
    494.92980415      58.70943485
    496.09035909      58.75196028
    497.24389805      58.79466302
    498.42448248      58.83757442
    499.59361117      58.88072243
    500.75842817      58.92412819
    501.91614742      58.96780759
    503.08730410      59.01177426
    504.24193196      59.05604144
    505.41521495      59.10061216
    506.66401450      59.14548510
    507.82200786      59.19065536
    508.97781018      59.23611065
    510.15836342      59.28183442
    511.32082349      59.32780854
    512.47643770      59.37401395
    513.65874057      59.42043267
    514.83727102      59.46705239
    516.00777360      59.51385841
    517.17979564      59.56083090
    518.36230694      59.60794814
    519.54774609      59.65518818
    520.72013678      59.70253328
    521.88481199      59.74995856
    523.06509018      59.79743810
    524.23332420      59.84494913
    525.40765308      59.89247194
    526.57235666      59.93998602
    527.72960990      59.98746860
    528.93917613      60.03489640
    530.12804129      60.08224600
    531.30914513      60.12949609
    532.46070571      60.17662789
    533.63453693      60.22362684
    534.79131520      60.27047865
    535.96085269      60.31716770
    537.18216676      60.36368526
    538.38593729      60.41002829
    539.55542658      60.45619216
    540.79624412      60.50216628
    541.99509849      60.54793265
    543.17224606      60.59347197
    544.34442123      60.63876145
    545.50990037      60.68377492
    546.68312901      60.72849212
    547.85183659      60.77289969
    549.03112889      60.81698624
    550.19852685      60.86073286
    551.37045154      60.90412963
    552.54733302      60.94716714
    553.71152050      60.98983151
    554.86869104      61.03211373
    556.04628949      61.07400719
    557.19921735      61.11550898
    558.35696779      61.15661381
    559.54788882      61.19731717
    560.73561450      61.23761153
    561.89983884      61.27748894
    563.05702261      61.31694214
    564.21068444      61.35597388
    565.38271358      61.39458829
    566.57105554      61.43278390
    567.74346844      61.47056958
    568.90814555      61.50796266
    570.34317589      61.54498379
    571.65297938      61.58165069
    572.90397092      61.61798467
    574.13448825      61.65401233
    575.40517373      61.68977203
    576.65329650      61.72530203
    577.89926036      61.76063738
    579.18459506      61.79581024
    580.46300546      61.83084814
    581.75767813      61.86577687
    583.01038244      61.90062223
    584.30673195      61.93539615
    585.60246139      61.97009146
    586.86885646      62.00468224
    588.14931612      62.03914030
    589.44625782      62.07343746
    590.75924344      62.10754156
    592.01001805      62.14141463
    593.34304261      62.17502359
    594.66817022      62.20832569
    595.99769647      62.24126536
    597.32178337      62.27377102
    598.63275091      62.30577730
    599.94690011      62.33721301
    601.21492334      62.36800551
    602.52802144      62.39808652
    603.79064172      62.42738960
    605.05939278      62.45585007
    606.37136747      62.48340426
    607.68351797      62.51000561
    609.02947095      62.53562236
    610.34051175      62.56023003
    611.65525833      62.58382239
    612.92930554      62.60641613
    614.23279108      62.62804047
    615.58695200      62.64874241
    616.92008195      62.66861033
    618.23062934      62.68775802
    619.54205579      62.70632706
    620.85355739      62.72447957
    622.15483298      62.74240103
    623.48097765      62.76029617
    624.79598370      62.77839561
    626.11944676      62.79692549
    627.38470187      62.81611963
    628.71850578      62.83622056
    629.94523035      62.85747309
    631.19691240      62.88012015
    632.40118721      62.90438814
    633.67032440      62.93048733
    634.90074390      62.95860866
    636.12158298      62.98892850
    637.34031561      63.02161637
    638.56032667      63.05681424
    639.82270686      63.09462903
    641.06125489      63.13512994
    642.25817579      63.17835985
    643.49510322      63.22431161
    644.79796586      63.27294102
    645.99389616      63.32417054
    647.19701921      63.37790650
    648.41404002      63.43402331
    649.66916035      63.49236088
    650.92329480      63.55272653
    652.13573927      63.61490247
    653.38526712      63.67864906
    654.59347884      63.74371609
    655.85408435      63.80984949
    657.07327400      63.87677762
    658.32314876      63.94421730
    659.57129941      64.01189014
    660.82044539      64.07952195
    662.04370286      64.14685194
    663.24321275      64.21363888
    664.47758710      64.27967053
    665.71724720      64.34473835
    666.96622824      64.40864942
    668.18127162      64.47122047
    669.41739229      64.53229576
    670.63427037      64.59174363
    671.88404966      64.64945730
    673.09120224      64.70532905
    674.29327703      64.75927778
    675.49438721      64.81124341
    676.71736819      64.86118016
    677.93095119      64.90905216
    679.18109912      64.95482820
    680.36776046      64.99849397
    681.61947086      65.04003850
    682.85705097      65.07945861
    684.07296822      65.11675272
    685.29303032      65.15190877
    686.50813042      65.18491606
    687.79509424      65.21576361
    689.02925591      65.24444822
    690.23432473      65.27095073
    691.44596433      65.29525776
    692.69808259      65.31735132
    693.93230051      65.33721408
    695.16853839      65.35481122
    696.38694491      65.37008812
    697.68226459      65.38298468
    698.92038254      65.39344495
    700.15439770      65.40140778
    701.48220315      65.40680980
    702.71587755      65.40957386
    703.97758663      65.40960337
    705.21797219      65.40680702
    706.42045815      65.40109683
    707.63523262      65.39239180
    708.90554852      65.38062103
    710.17027100      65.36571503
    711.40607974      65.34761096
    712.65611519      65.32623987
    713.88362478      65.30156115
    715.13300093      65.27355045
    716.35910874      65.24221041
    717.57332032      65.20755360
    718.77950971      65.16961297
    720.04448882      65.12843312
    721.32186466      65.08409158
    722.59211628      65.03669011
    723.79577717      64.98635124
    725.05512175      64.93320861
    726.29588115      64.87741771
    727.49318912      64.81915345
    728.76029170      64.75859540
    729.96695323      64.69593411
    731.13453504      64.63137043
    732.34069796      64.56512032
    733.55663176      64.49741361
    734.82261659      64.42848028
    736.09179916      64.35855270
    737.32273097      64.28785447
    738.52792597      64.21661690
    739.74432671      64.14505594
    740.96666824      64.07337761
    742.23248152      64.00176676
    743.46819007      63.93039118
    744.69669499      63.85941058
    745.96611434      63.78896562
    747.19705087      63.71916770
    748.43100885      63.65009425
    749.71602785      63.58178628
    750.96603824      63.51426310
    752.19684576      63.44753464
    753.43059956      63.38158199
    754.63542167      63.31636676
    755.92333119      63.25183153
    757.16672874      63.18789784
    758.41975065      63.12447635
    759.63386156      63.06146322
    760.84249721      62.99877242
    762.05796879      62.93630563
    763.26031155      62.87396469
    764.47863537      62.81165564
    765.73374766      62.74929550
    766.93280763      62.68680199
    768.19821067      62.62410590
    769.42346919      62.56115482
    770.68565656      62.49789808
    771.98235155      62.43428566
    773.21310471      62.37028064
    774.41851665      62.30584664
    775.64935866      62.24096327
    776.85354226      62.17563134
    778.05897924      62.10987677
    779.29363905      62.04374297
    780.52379152      61.97728484
    781.79427614      61.91056393
    783.04443210      61.84365684
    784.21100062      61.77665342
    785.46201297      61.70965212
    786.66899257      61.64272968
    787.85780810      61.57596325
    789.07113400      61.50942666
    790.32321351      61.44318396
    791.52597501      61.37728582
    792.75853451      61.31176745
    793.96224124      61.24663836
    795.16975537      61.18188506
    796.42081025      61.11748070
    797.62182260      61.05339391
    798.83770441      60.98957454
    800.07224039      60.92595881
    801.31166465      60.86247871
    802.58823563      60.79906530
    803.90040031      60.73564263
    805.12200314      60.67213911
    806.32427973      60.60848700
    807.60453334      60.54464460
    808.88454166      60.48056244
    810.12459969      60.41620426
    811.33768550      60.35153856
    812.62151823      60.28654100
    813.85634771      60.22119610
    815.10845464      60.15549922
    816.37223330      60.08944944
    817.57239163      60.02303657
    818.82100214      59.95625823
    820.04596716      59.88911654
    821.32203575      59.82162816
    822.58760799      59.75383677
    823.83759334      59.68578351
    825.07133439      59.61751669
    826.29621529      59.54908367
    827.51007099      59.48053196
    828.75886298      59.41190496
    829.98354822      59.34325189
    831.21285942      59.27461735
    832.43635839      59.20603071
    833.71143732      59.13749487
    834.94725599      59.06903050
    836.21361561      59.00064935
    837.42117086      58.93234442
    838.67021239      58.86409969
    839.88323913      58.79590088
    841.08586167      58.72772443
    842.37311615      58.65954918
    843.57238974      58.59135659
    844.82314687      58.52313462
    846.06276632      58.45487812
    847.29355398      58.38660706
    848.57144403      58.31834659
    849.77474148      58.25013971
    851.02543623      58.18203710
    852.27512241      58.11410915
    853.48224616      58.04643142
    854.73204530      57.97909270
    855.94625829      57.91217198
    857.16909985      57.84574602
    858.42093597      57.77988731
    859.65078265      57.71468121
    860.93667174      57.65020169
    862.18633051      57.58650154
    863.46237074      57.52362747
    864.69720731      57.46162263
    865.98353640      57.40052510
    867.18658383      57.34036442
    868.40075619      57.28117484
    869.64964885      57.22297899
    870.92118315      57.16577622
    872.14955054      57.10957538
    873.38274997      57.05437397
    874.58650963      57.00016787
    875.83670010      56.94694903
    877.06141605      56.89471095
    878.27489035      56.84343339
    879.49725362      56.79309201
    881.65595497      56.74365610
    882.82599675      56.69511666
    884.06116415      56.64743851
    885.37348621      56.60058393
    886.62599628      56.55452433
    887.83623410      56.50923259
    889.02447398      56.46467073
    890.26535011      56.42079589
    891.51346012      56.37755739
    892.76385145      56.33491459
    893.97814385      56.29283469
    895.21225353      56.25127520
    896.41560816      56.21016998
    897.64008261      56.16945921
    898.85437737      56.12907368
    900.08604458      56.08892964
    901.32643203      56.04892599
    902.56051666      56.00895979
    903.78907972      55.96891379
    905.04101934      55.92866601
    906.29031420      55.88810225
    907.52564559      55.84711082
    908.77562858      55.80555359
    910.01026003      55.76329677
    911.22915477      55.72022962
    912.43452133      55.67624919
    913.68502987      55.63125424
    914.89931612      55.58516501
    916.13381099      55.53791531
    917.37290300      55.48945725
    918.62409825      55.43976755
    919.83615611      55.38885613
    921.06112918      55.33674971
    922.32585733      55.28350612
    923.52579872      55.22919933
    924.76271811      55.17391759
    925.98093937      55.11776704
    927.23305953      55.06088104
    928.48382186      55.00340621
    929.70259845      54.94550492
    930.91975112      54.88733024
    932.16916886      54.82905381
    933.40017014      54.77083891
    934.60741677      54.71283784
    935.82556809      54.65519999
    937.05471293      54.59806642
    938.29459988      54.54157408
    939.52563567      54.48586826
    940.76480330      54.43107519
    941.98157882      54.37729159
    943.18025124      54.32460428
    944.40142447      54.27310482
    945.65079589      54.22285778
    946.89922774      54.17389797
    948.08930610      54.12624615
    949.97695663      54.07991476
    951.20235741      54.03489825
    952.47687582      53.99117769
    953.71369501      53.94871856
    954.91431367      53.90746593
    956.10203745      53.86734121
    957.32144829      53.82827479
    958.56163960      53.79019496
    959.80932803      53.75301029
    961.03999093      53.71662338
    962.27345076      53.68094134
    963.49338951      53.64586362
    964.72908672      53.61130685
    965.96113485      53.57718012
    967.20439250      53.54339412
    968.41565353      53.50986230
    969.62374237      53.47649973
    970.93701675      53.44321721
    972.15086158      53.40992477
    973.38841711      53.37655174
    974.58610271      53.34303462
    975.78973524      53.30930075
    977.02603645      53.27527591
    978.26387271      53.24088176
    979.51295820      53.20604724
    980.71208906      53.17070130
    981.93412623      53.13479657
    983.16700853      53.09830605
    984.43077868      53.06120514
    985.63820160      53.02349197
    986.83850644      52.98517939
    988.10610573      52.94627335
    989.33841995      52.90679475
    990.55663648      52.86678594
    991.82600006      52.82629733
    993.05598711      52.78537127
    994.30695597      52.74405963
    995.57693253      52.70243597
    996.83723604      52.66059319
    998.05535238      52.61862854
    999.30566762      52.57663901
   1000.54410127      52.53472279
   1001.76269117      52.49297753
   1002.98074135      52.45148817
   1004.21288778      52.41034511
   1005.43229956      52.36962931
   1006.68236573      52.32940442
   1007.89887612      52.28973832
   1009.14995274      52.25068196
   1010.35538216      52.21227490
   1011.61981162      52.17454678
   1012.85788986      52.13748503
   1014.15003450      52.10106292
   1015.40019425      52.06523693
   1016.63789676      52.02993756
   1017.87004178      51.99506573
   1019.08752387      51.96050499
   1020.32561913      51.92613810
   1021.58797333      51.89182361
   1022.83604080      51.85739690
   1024.10807182      51.82269418
   1025.33625253      51.78755374
   1026.61945715      51.75182169
   1027.88880608      51.71535260
   1029.18186145      51.67801602
   1030.45206061      51.63968095
   1031.73312144      51.60022233
   1032.95053973      51.55954054
   1034.74392971      51.51754056
   1035.94874662      51.47414511
   1037.21170199      51.42931928
   1038.46106206      51.38304916
   1039.69600403      51.33534176
   1040.99852685      51.28623467
   1042.23247443      51.23580913
   1043.46181400      51.18418118
   1044.67104987      51.13149004
   1045.91969913      51.07788243
   1047.16840983      51.02351636
   1048.40039794      50.96856345
   1049.66941793      50.91320192
   1050.91625328      50.85761492
   1052.15134459      50.80200781
   1053.42149129      50.74658714
   1054.63511778      50.69154981
   1055.83656304      50.63709561
   1057.04621954      50.58339922
   1058.30514443      50.53062881
   1059.52349802      50.47892015
   1060.74561175      50.42837843
   1061.98343904      50.37910647
   1063.20051657      50.33118908
   1064.43483137      50.28468461
   1065.65074437      50.23963621
   1066.90005104      50.19609165
   1068.11918493      50.15408558
   1069.33901403      50.11361841
   1070.58864491      50.07467161
   1071.82494943      50.03722044
   1073.04497467      50.00121964
   1074.32615035      49.96659803
   1075.57099316      49.93327105
   1076.79620631      49.90114119
   1078.02560920      49.87009450
   1079.24762416      49.84001575
   1080.48320084      49.81078252
   1081.70339859      49.78225497
   1082.95146228      49.75430540
   1084.16915373      49.72680823
   1085.40142210      49.69962560
   1086.63684283      49.67262583
   1087.85412972      49.64569208
   1089.13776018      49.61871243
   1090.38849179      49.59157147
   1091.60182950      49.56415740
   1092.83778711      49.53635881
   1094.07627465      49.50807380
   1095.27658327      49.47920923
   1096.47674585      49.44968080
   1097.70074910      49.41941335
   1098.96103134      49.38834880
   1100.27620186      49.35642840
   1101.52403350      49.32360318
   1102.72719436      49.28984272
   1104.02627228      49.25512134
   1105.24300622      49.21942237
   1106.48274808      49.18273416
   1107.69771159      49.14507617
   1108.90100053      49.10649101
   1110.15010965      49.06702485
   1111.36923880      49.02673592
   1112.63789204      48.98570479
   1113.88950460      48.94401127
   1115.14993809      48.90171224
   1116.36922368      48.85886395
   1117.58636312      48.81552977
   1118.83683526      48.77178183
   1120.05661758      48.72768111
   1121.30637796      48.68328810
   1122.51007666      48.63867557
   1123.74273683      48.59391470
   1124.96380513      48.54907074
   1126.21265809      48.50420680
   1127.45137106      48.45937911
   1128.66911970      48.41463968
   1129.86832854      48.37005269
   1131.10695077      48.32567264
   1132.33826540      48.28156293
   1133.58815954      48.23780294
   1134.80588124      48.19447975
   1136.05509008      48.15167883
   1137.29375484      48.10949386
   1138.51147655      48.06802833
   1139.74419154      48.02738001
   1140.98327741      47.98765185
   1142.24369246      47.94895289
   1143.49345993      47.91139693
   1144.70210787      47.87509827
   1145.92986606      47.84018093
   1147.16878415      47.80676423
   1148.38286718      47.77496054
   1149.57203764      47.74487834
   1150.85588597      47.71660974
   1152.10822306      47.69022553
   1153.35886156      47.66579372
   1154.57060372      47.64336856
   1155.80976709      47.62297229
   1157.02493478      47.60460291
   1158.26502495      47.58824998
   1159.47949269      47.57387393
   1160.73167429      47.56139616
   1161.95107898      47.55072868
   1163.16880022      47.54178270
   1164.41752746      47.53444403
   1165.63299715      47.52857822
   1166.85728538      47.52402663
   1168.07541590      47.52063048
   1169.31094958      47.51822276
   1170.52427973      47.51662140
   1171.74370664      47.51563058
   1173.01288022      47.51505498
   1174.24741290      47.51470327
   1175.49706552      47.51438292
   1176.76337458      47.51392112
   1178.01547725      47.51315895
   1179.21238208      47.51196568
   1180.43472078      47.51022195
   1181.71251583      47.50782084
   1182.99728954      47.50467914
   1184.24832032      47.50073186
   1185.46349651      47.49592741
   1186.70130300      47.49023508
   1187.93580638      47.48365685
   1189.18544577      47.47619737
   1190.43535739      47.46786364
   1191.64855710      47.45866135
   1192.88928295      47.44860731
   1194.13844831      47.43770166
   1195.38942284      47.42593564
   1196.60205872      47.41330279
   1197.83724928      47.39978154
   1199.10164045      47.38533959
   1200.37353394      47.36995366
   1201.60218774      47.35358869
   1202.81039473      47.33620895
   1204.02547073      47.31778585
   1205.25777360      47.29829187
   1206.47656153      47.27768296
   1207.72930223      47.25592153
   1208.96294639      47.23297926
   1210.22892177      47.20881646
   1211.47919684      47.18337887
   1212.72768446      47.15662548
   1213.93702289      47.12852467
   1215.19765488      47.09905697
   1216.39874709      47.06819871
   1217.66403719      47.03592779
   1218.91458306      47.00222674
   1220.12171201      46.96709781
   1221.35327240      46.93056759
   1222.62087122      46.89266931
   1223.89016532      46.85347031
   1225.13918181      46.81305024
   1226.40002694      46.77150016
   1227.60395911      46.72892683
   1228.80950905      46.68545782
   1230.03934675      46.64124238
   1231.24880097      46.59641972
   1232.49876789      46.55114333
   1233.71156965      46.50557570
   1234.96132626      46.45986001
   1236.16527875      46.41410753
   1237.39955101      46.36844105
   1238.65095185      46.32298418
   1239.83644536      46.27786274
   1241.10447615      46.23317637
   1242.33669962      46.18902577
   1243.53937227      46.14550701
   1244.79010624      46.10270794
   1246.00897357      46.06071616
   1247.29079154      46.01961835
   1248.51015039      45.97949098
   1249.77409872      45.94040445
   1250.96266187      45.90241460
   1252.20223311      45.86555623
   1253.41584542      45.82984429
   1254.66471019      45.79528474
   1255.88792087      45.76185508
   1257.13996729      45.72950953
   1258.37208301      45.69818748
   1259.60325018      45.66781921
   1260.82693395      45.63831036
   1262.07588048      45.60955561
   1263.29164508      45.58143653
   1264.55587557      45.55383378
   1265.77364454      45.52663023
   1266.98135149      45.49972454
   1268.27338554      45.47301958
   1269.79010105      45.44640844
   1271.48277785      45.41980855
   1273.66892121      45.39314051
   1275.16617578      45.36633975
   1277.24543830      45.33936565
   1278.82365304      45.31218367
   1280.04390561      45.28477053
   1281.66473335      45.25710135
   1283.16853413      45.22919253
   1284.79461123      45.20106432
   1286.71342184      45.17275272
   1288.00871836      45.14432679
   1289.24117814      45.11590086
   1290.44893945      45.08759627
   1291.71064994      45.05954057
   1292.98123807      45.03186253
   1294.25977466      45.00471429
   1295.48360209      44.97825730
   1296.69968666      44.95265934
   1297.93305291      44.92808489
   1299.16629015      44.90468109
   1300.39096641      44.88258567
   1301.67089107      44.86191245
   1302.95687563      44.84275007
   1304.19683678      44.82515597
   1305.44438342      44.80915792
   1306.69853064      44.79475276
   1307.98636690      44.78189748
   1309.17237698      44.77053240
   1310.40652116      44.76057324
   1311.65445252      44.75191651
   1312.89942530      44.74444260
   1314.08735892      44.73802925
   1315.38525105      44.73253924
   1316.62302068      44.72782702
   1317.85454988      44.72373789
   1319.05703206      44.72011506
   1320.27370739      44.71678864
   1321.52781916      44.71359242
   1322.72906876      44.71037317
   1323.96261036      44.70698005
   1325.21286604      44.70327545
   1326.41432076      44.69913406
   1327.61799110      44.69443110
   1328.85580279      44.68906348
   1330.11956018      44.68294508
   1331.47512713      44.67602613
   1332.71066507      44.66826455
   1333.91209379      44.65965454
   1335.43445800      44.65020785
   1336.59031420      44.63995189
   1337.72172335      44.62892053
   1338.90733974      44.61716140
   1340.07026911      44.60474026
   1341.23931367      44.59174048
   1342.37161370      44.57825125
   1343.47716836      44.56435434
   1344.61153799      44.55012900
   1345.72878188      44.53565225
   1346.86125064      44.52101394
   1348.00078691      44.50629504
   1349.16475934      44.49157588
   1350.28226317      44.47693109
   1351.38340690      44.46243502
   1352.52252916      44.44815821
   1353.67101159      44.43417145
   1354.91100630      44.42055942
   1356.11358867      44.40739822
   1357.31504433      44.39476431
   1358.51612379      44.38272121
   1359.71820283      44.37132292
   1360.90299025      44.36060754
   1362.08847950      44.35059929
   1363.27463514      44.34131377
   1364.42298949      44.33276039
   1365.57815661      44.32493424
   1366.76849254      44.31782197
   1367.97073038      44.31140028
   1369.13408133      44.30563504
   1370.37433975      44.30047848
   1371.57621935      44.29586192
   1372.75966974      44.29169790
   1373.92681768      44.28789909
   1375.12767076      44.28437286
   1376.34439760      44.28102751
   1377.52906308      44.27775984
   1378.74613069      44.27446543
   1379.91766499      44.27103527
   1381.08814867      44.26735898
   1382.33698319      44.26332384
   1383.55327571      44.25880825
   1384.75591574      44.25369389
   1385.95811199      44.24785773
   1387.20416753      44.24117643
   1388.49063841      44.23352680
   1389.74368253      44.22481159
   1391.03886421      44.21495206
   1392.26295820      44.20388590
   1393.49494017      44.19155262
   1394.69581120      44.17790527
   1395.88235911      44.16290294
   1397.11352109      44.14650912
   1398.31488033      44.12870264
   1399.51521542      44.10947900
   1400.66904361      44.08884666
   1401.92259769      44.06681000
   1403.18828667      44.04337669
   1404.42674112      44.01855942
   1405.63748180      43.99238798
   1406.87486011      43.96490656
   1408.07687345      43.93616703
   1409.30932094      43.90624429
   1410.48046770      43.87522115
   1411.68161238      43.84318669
   1412.89840161      43.81024106
   1414.14717895      43.77650428
   1415.38616084      43.74210100
   1416.58825548      43.70716103
   1417.82212744      43.67181998
   1419.05579901      43.63622899
   1420.27388084      43.60055846
   1421.49738029      43.56498626
   1422.74490094      43.52969166
   1423.98002817      43.49485357
   1425.24260591      43.46065618
   1426.44576772      43.42727879
   1427.66223415      43.39487832
   1428.86459156      43.36360352
   1430.06592009      43.33359105
   1431.28469195      43.30497696
   1432.46917406      43.27787862
   1433.70295716      43.25241245
   1434.93536023      43.22867771
   1436.20562366      43.20676649
   1437.37488279      43.18673833
   1438.56088861      43.16861984
   1439.80848678      43.15239843
   1440.99392073      43.13803561
   1442.20203320      43.12545410
   1443.47421168      43.11455586
   1444.71390107      43.10523091
   1445.89072915      43.09733741
   1447.04507817      43.09070891
   1448.22999036      43.08515445
   1449.37832533      43.08048047
   1450.56394644      43.07649746
   1451.73292105      43.07300484
   1452.96560816      43.06979989
   1454.13553321      43.06667843
   1455.32768068      43.06345759
   1456.52302872      43.05995716
   1457.71792209      43.05601240
   1458.92018876      43.05148291
   1460.12205843      43.04625251
   1461.27713245      43.04020887
   1462.52988827      43.03325935
   1463.76298656      43.02533053
   1465.00212394      43.01637819
   1466.25021031      43.00637272
   1467.48282653      42.99529994
   1468.69714256      42.98316369
   1469.94824943      42.96998144
   1471.14739588      42.95578429
   1472.36422245      42.94060888
   1473.61957672      42.92451133
   1474.85547574      42.90758108
   1476.08714058      42.88990970
   1477.30363111      42.87160437
   1478.48971161      42.85277280
   1479.70864699      42.83353566
   1480.93168327      42.81399312
   1482.16838431      42.79424985
   1483.43231516      42.77440271
   1484.62930365      42.75454750
   1485.84003110      42.73476983
   1487.04133127      42.71515319
   1488.26013006      42.69577050
   1489.53149092      42.67669704
   1490.73353876      42.65799104
   1491.88743265      42.63969325
   1493.08855370      42.62184363
   1494.27459686      42.60447248
   1495.49261915      42.58760906
   1496.67111367      42.57125692
   1497.91042592      42.55539808
   1499.14314233      42.54001824
   1500.44491890      42.52509173
   1501.66145906      42.51059553
   1502.84674698      42.49648240
   1504.04831465      42.48269822
   1505.21904361      42.46917498
   1506.43743029      42.45582667
   1507.66945999      42.44254545
   1508.85556837      42.42922082
   1510.04236157      42.41573543
   1511.32781538      42.40197375
   1512.51472248      42.38780584
   1513.69822249      42.37311076
   1514.86442331      42.35776718
   1515.99654045      42.34165758
   1517.18236337      42.32468909
   1518.40154687      42.30678932
   1519.58445186      42.28791091
   1520.77183630      42.26801732
   1521.97216525      42.24707761
   1523.15639781      42.22510141
   1524.41710163      42.20211614
   1525.64095459      42.17817022
   1526.78957455      42.15332768
   1528.00734588      42.12769241
   1529.24251281      42.10139381
   1530.47671040      42.07457519
   1531.66323374      42.04738673
   1532.82578407      42.01999780
   1534.09633486      41.99258572
   1535.28372025      41.96533784
   1536.48503554      41.93844340
   1537.70315330      41.91209941
   1538.90500406      41.88649974
   1540.10667855      41.86183001
   1541.36122181      41.83827443
   1542.63159206      41.81599774
   1543.84805376      41.79516904
   1545.08099089      41.77594606
   1546.31312220      41.75846139
   1547.49856892      41.74284443
   1548.71490396      41.72918741
   1550.00133514      41.71756827
   1551.15654763      41.70802857
   1552.34123485      41.70059184
   1553.54287956      41.69525255
   1554.74432577      41.69198341
   1555.94647806      41.69072610
   1557.16354330      41.69140332
   1558.36661058      41.69390803
   1559.56653638      41.69812590
   1560.79969658      41.70392039
   1562.00198452      41.71115095
   1563.17278579      41.71966755
   1564.35863329      41.72929975
   1565.54217914      41.73985820
   1566.74011050      41.75113978
   1567.96356079      41.76294324
   1569.16420544      41.77506771
   1570.34224011      41.78729433
   1571.57962361      41.79940385
   1572.84235684      41.81117873
   1574.08168752      41.82241017
   1575.31525606      41.83289279
   1576.53233879      41.84241040
   1577.78669726      41.85075763
   1579.01963580      41.85774406
   1580.25128646      41.86318644
   1581.49161531      41.86692730
   1582.75889653      41.86882518
   1583.97940479      41.86875849
   1585.21193310      41.86663142
   1586.42880031      41.86238537
   1587.66570032      41.85599173
   1588.88612256      41.84744232
   1590.08677950      41.83676227
   1591.35118249      41.82399630
   1592.57151303      41.80921852
   1593.76843347      41.79253479
   1595.00685908      41.77404407
   1596.20897782      41.75386878
   1597.47675530      41.73213844
   1598.72846475      41.70900748
   1600.05009122      41.68463270
   1601.27804365      41.65918003
   1602.44826172      41.63282334
   1603.71904881      41.60574868
   1604.93525531      41.57814023
   1606.13659092      41.55018960
   1607.38499301      41.52208164
   1608.58756971      41.49399339
   1609.82776386      41.46609079
   1611.09067669      41.43853673
   1612.29327797      41.41147609
   1613.49377753      41.38504742
   1614.71758417      41.35937880
   1615.91908331      41.33457663
   1617.15347799      41.31073603
   1618.38728614      41.28794037
   1619.57245685      41.26624761
   1620.77432652      41.24570142
   1621.99066960      41.22631767
   1623.22981927      41.20808948
   1624.46149923      41.19101196
   1625.73141388      41.17507425
   1626.98011182      41.16025214
   1628.26506560      41.14651891
   1629.56750099      41.13382916
   1630.83790243      41.12213632
   1632.07033811      41.11139421
   1633.34048386      41.10154911
   1634.57334253      41.09253114
   1635.80668894      41.08426159
   1637.04653619      41.07665259
   1638.24857270      41.06960793
   1639.44864784      41.06302786
   1640.62845955      41.05680359
   1641.85166692      41.05081870
   1643.06826143      41.04497883
   1644.26964856      41.03919705
   1645.50127323      41.03339502
   1646.70400070      41.02749362
   1647.90447095      41.02141584
   1649.12245780      41.01509816
   1650.29064692      41.00848844
   1651.56155737      41.00154078
   1652.76253096      40.99423069
   1653.96393794      40.98654189
   1655.16611481      40.97846923
   1656.36861306      40.97003004
   1657.57108201      40.96124378
   1658.83453362      40.95211824
   1660.01975443      40.94268042
   1661.17330236      40.93296115
   1662.42242755      40.92299061
   1663.62322107      40.91280557
   1664.83935242      40.90242972
   1666.05744088      40.89187802
   1667.27902244      40.88118157
   1668.51190852      40.87036760
   1669.68314744      40.85947478
   1670.93109439      40.84854173
   1672.13377460      40.83759069
   1673.33842326      40.82662403
   1674.53842278      40.81563315
   1675.72345218      40.80459980
   1676.92495746      40.79350479
   1678.12614893      40.78231967
   1679.36461094      40.77099958
   1680.58178866      40.75948524
   1681.76753597      40.74771341
   1683.00151852      40.73560455
   1684.27259249      40.72309489
   1685.48938976      40.71012317
   1686.75869851      40.69663605
   1687.97726667      40.68259517
   1689.17844396      40.66796678
   1690.42635121      40.65272046
   1691.67282360      40.63682761
   1692.98957691      40.62026521
   1694.24380825      40.60302546
   1695.44577434      40.58512927
   1696.69395854      40.56660230
   1697.94213188      40.54747763
   1699.18261196      40.52780489
   1700.43053198      40.50763369
   1701.68389937      40.48701829
   1702.85243256      40.46601744
   1704.03955423      40.44468261
   1705.17332174      40.42307600
   1706.33609326      40.40128704
   1707.51148978      40.37939964
   1708.72309725      40.35749847
   1709.94060013      40.33567498
   1711.12635735      40.31401557
   1712.34324962      40.29261709
   1713.49852780      40.27158687
   1714.66801473      40.25101500
   1715.85279080      40.23098023
   1717.01783986      40.21154395
   1718.17085563      40.19275564
   1719.35320340      40.17465938
   1720.53855795      40.15729458
   1721.74077122      40.14070771
   1722.96135887      40.12493659
   1724.12789950      40.11001141
   1725.32826862      40.09595028
   1726.48241205      40.08276817
   1727.68490935      40.07048094
   1728.88572887      40.05910250
   1730.07860796      40.04867743
   1731.22106405      40.03922995
   1732.38944742      40.03078626
   1733.55315755      40.02336926
   1734.75613267      40.01699600
   1735.91094013      40.01169521
   1737.11192553      40.00749281
   1738.29822816      40.00440907
   1739.47648732      40.00246579
   1740.69933172      40.00167266
   1741.94453230      40.00201114
   1743.18336153      40.00345992
   1744.38529123      40.00598885
   1745.56504669      40.00955531
   1746.78823657      40.01410623
   1748.00583303      40.01958090
   1749.20708216      40.02591393
   1750.40858035      40.03303493
   1751.62491540      40.04086650
   1752.84203594      40.04931098
   1753.99561790      40.05827073
   1755.14454270      40.06763630
   1756.31419788      40.07728610
   1757.47625480      40.08709388
   1758.61479195      40.09692232
   1759.76248748      40.10662015
   1760.88246971      40.11602899
   1762.04831890      40.12499309
   1763.20142116      40.13336229
   1764.36496871      40.14098823
   1765.51916366      40.14772603
   1766.63543679      40.15344694
   1767.80650699      40.15801745
   1769.00881572      40.16131702
   1770.18814063      40.16323740
   1771.35726223      40.16369523
   1772.62352118      40.16262978
   1773.80922500      40.16000320
   1774.96245156      40.15579909
   1776.16419268      40.14999296
   1777.36685965      40.14259501
   1778.52977674      40.13364109
   1779.66785167      40.12319207
   1780.81547347      40.11133198
   1781.96870144      40.09814761
   1783.13160151      40.08373319
   1784.33305197      40.06819985
   1785.51981398      40.05165850
   1786.67434070      40.03423191
   1787.87536439      40.01605943
   1789.02279572      39.99728952
   1790.22426225      39.97808400
   1791.35639450      39.95860127
   1792.52628410      39.93900713
   1793.68195833      39.91946989
   1794.84474970      39.90015732
   1796.04549407      39.88123789
   1797.26281547      39.86287619
   1798.38638911      39.84522757
   1799.55048821      39.82842011
   1800.68868036      39.81257331
   1801.83817939      39.79779593
   1803.00644035      39.78417702
   1804.24064739      39.77178089
   1805.41013337      39.76064817
   1806.61145717      39.75079857
   1807.72893784      39.74222057
   1808.89819650      39.73486509
   1810.06243549      39.72865473
   1811.20207337      39.72349538
   1812.34905335      39.71925965
   1813.51930922      39.71580910
   1814.70530134      39.71299397
   1815.83837789      39.71065135
   1817.00777738      39.70860235
   1818.15518413      39.70665101
   1819.32628693      39.70459408
   1820.49370049      39.70222817
   1821.76129790      39.69936196
   1822.99537072      39.69580940
   1824.19775460      39.69138986
   1825.46724153      39.68593624
   1826.78466595      39.67928934
   1828.02406753      39.67130693
   1829.25690635      39.66187586
   1830.48920402      39.65090470
   1831.69167250      39.63834238
   1832.89359557      39.62416878
   1834.13208972      39.60840917
   1835.33923238      39.59112166
   1836.58345889      39.57239488
   1837.83809904      39.55236514
   1839.03919031      39.53120378
   1840.21852893      39.50911618
   1841.40532733      39.48633666
   1842.59083833      39.46312260
   1843.77618343      39.43974328
   1844.97879936      39.41648820
   1846.14869511      39.39367177
   1847.36567008      39.37161288
   1848.56630858      39.35061124
   1849.85346759      39.33094789
   1851.05514727      39.31287888
   1852.30254220      39.29662479
   1853.57052385      39.28237246
   1854.79054625      39.27027816
   1855.99215551      39.26047765
   1857.17038301      39.25308446
   1858.41066223      39.24817891
   1859.59528329      39.24581208
   1860.77554729      39.24599760
   1862.01480661      39.24870383
   1863.24815207      39.25386053
   1864.44894654      39.26135547
   1865.68403501      39.27103451
   1866.90465480      39.28270737
   1868.09477948      39.29614169
   1869.26555239      39.31108196
   1870.41886827      39.32724832
   1871.64448456      39.34434384
   1872.83245647      39.36204393
   1874.03245222      39.38001753
   1875.24956567      39.39793688
   1876.45571583      39.41546853
   1877.64028489      39.43229253
   1878.84194756      39.44810440
   1880.04012798      39.46262838
   1881.24551440      39.47561268
   1882.41771887      39.48683829
   1883.63384171      39.49612341
   1884.85048963      39.50331534
   1886.05242027      39.50829724
   1887.72939392      39.51098786
   1889.01672496      39.51134328
   1890.28530068      39.50935171
   1891.64198868      39.50504174
   1892.91155075      39.49846471
   1894.16025389      39.48968399
   1895.41493232      39.47876537
   1896.66093729      39.46579311
   1897.84699558      39.45086859
   1899.14871212      39.43412068
   1900.31166938      39.41571333
   1901.51946141      39.39583178
   1902.76797975      39.37468551
   1903.96978657      39.35249483
   1905.20213197      39.32947621
   1906.35483723      39.30583529
   1907.53939165      39.28176908
   1908.82253200      39.25745689
   1910.06117407      39.23306080
   1911.29334178      39.20871249
   1912.49406677      39.18451820
   1913.74820217      39.16056499
   1914.92783145      39.13692155
   1916.13333129      39.11364557
   1917.38571422      39.09076351
   1918.60891922      39.06827669
   1919.77649300      39.04615521
   1920.97508460      39.02435884
   1922.17616075      39.00283201
   1923.43191580      38.98151333
   1924.64937095      38.96035277
   1925.83431858      38.93930560
   1927.03599306      38.91833082
   1928.26891034      38.89739044
   1929.48472692      38.87643617
   1930.73989735      38.85541547
   1931.98721761      38.83426893
   1933.27872894      38.81294284
   1934.49535040      38.79139471
   1935.69941821      38.76958815
   1936.90028168      38.74748520
   1938.10177515      38.72506507
   1939.32416536      38.70230355
   1940.52495463      38.67918463
   1941.77414598      38.65570567
   1942.94601584      38.63189246
   1944.18259306      38.60780389
   1945.40199161      38.58352174
   1946.60339102      38.55914497
   1947.83668923      38.53477773
   1949.00707649      38.51053250
   1950.20844235      38.48651962
   1951.44138278      38.46284892
   1952.67371779      38.43963539
   1953.91247188      38.41699164
   1955.09208934      38.39502021
   1956.27773456      38.37381797
   1957.46444127      38.35346854
   1958.61885598      38.33405223
   1959.79957512      38.31563813
   1960.96852988      38.29828300
   1962.12270308      38.28201992
   1963.32326975      38.26686118
   1964.52163402      38.25281647
   1965.72473250      38.23988986
   1966.92574154      38.22809553
   1968.14220797      38.21745928
   1969.34402140      38.20801061
   1970.56156162      38.19976805
   1971.77990671      38.19273107
   1973.05028121      38.18687916
   1974.28298249      38.18216892
   1975.53687402      38.17852823
   1976.78635792      38.17588154
   1978.02088256      38.17414839
   1979.25726459      38.17325589
   1980.44275857      38.17313190
   1981.69244617      38.17368739
   1982.91001711      38.17483210
   1984.09716383      38.17649194
   1985.34944137      38.17858592
   1986.54994659      38.18104657
   1987.69823005      38.18381777
   1988.90143486      38.18685270
   1990.08777955      38.19011600
   1991.32002098      38.19357290
   1992.56769949      38.19719705
   1993.87038868      38.20096252
   1995.12500331      38.20484363
   1996.34310169      38.20882968
   1997.54487731      38.21291920
   1998.74744645      38.21710625
   2000.00242925      38.22137414
   2001.28054757      38.22570766
   2002.45283523      38.23009068
   2003.65476587      38.23450068
   2004.88764438      38.23891135
   2006.07363414      38.24327504
   2007.24325198      38.24754452
   2008.47604826      38.25168181
   2009.71525370      38.25566071
   2010.93320982      38.25946813
   2012.12021145      38.26309386
   2013.32044445      38.26653104
   2014.53854377      38.26977000
   2015.78680833      38.27277158
   2017.02586063      38.27547888
   2018.22676759      38.27782692
   2019.44500728      38.27974571
   2020.64607256      38.28116406
   2021.89422982      38.28201396
   2023.09675927      38.28223467
   2024.38277974      38.28176083
   2025.61785971      38.28053223
   2026.85310556      38.27847820
   2028.03985670      38.27552228
   2029.25617143      38.27161774
   2030.40448230      38.26673164
   2031.58987135      38.26083448
   2032.77478874      38.25392135
   2034.02395930      38.24600417
   2035.27822419      38.23711297
   2036.45934977      38.22730002
   2037.66425081      38.21663545
   2038.93086186      38.20520037
   2040.13309592      38.19308305
   2041.38810802      38.18038073
   2042.58872006      38.16721436
   2043.81253852      38.15369363
   2045.09834017      38.13992282
   2046.37030834      38.12601413
   2047.55610337      38.11208678
   2048.77287653      38.09825748
   2049.97549814      38.08463341
   2051.17783570      38.07131884
   2052.38029094      38.05841063
   2053.58606065      38.04603356
   2054.80314243      38.03430830
   2056.05288532      38.02333648
   2057.25425355      38.01320967
   2058.49277653      38.00399693
   2059.69472229      37.99575106
   2060.87424003      37.98851374
   2062.09853489      37.98229768
   2063.27982589      37.97710447
   2064.51850010      37.97292907
   2065.70498374      37.96975534
   2066.92200692      37.96755484
   2068.13887271      37.96627066
   2069.30931433      37.96581442
   2070.47368187      37.96607337
   2071.71213727      37.96692830
   2073.03576621      37.96824622
   2074.30331351      37.96990315
   2075.52421073      37.97179283
   2076.75702970      37.97379988
   2077.98915250      37.97582214
   2079.27580061      37.97777402
   2080.45708830      37.97956737
   2081.60379984      37.98111248
   2082.82094920      37.98232243
   2084.05856145      37.98311424
   2085.31062253      37.98339913
   2086.55952937      37.98308830
   2087.76012392      37.98210053
   2088.96127332      37.98037426
   2090.16640641      37.97784070
   2091.34891629      37.97445209
   2092.53534652      37.97017917
   2093.73648175      37.96500501
   2094.99086763      37.95892722
   2096.20799998      37.95195508
   2097.41062915      37.94412364
   2098.64604798      37.93549245
   2099.89751167      37.92615348
   2101.11408586      37.91619035
   2102.31567102      37.90570494
   2103.54761565      37.89482085
   2104.78315216      37.88367344
   2106.02056638      37.87241977
   2107.25338677      37.86122340
   2108.45459903      37.85023716
   2109.70929401      37.83961136
   2110.92761830      37.82950439
   2112.13405014      37.82005242
   2113.33645670      37.81137148
   2114.58589523      37.80353779
   2115.75515058      37.79661606
   2116.95738274      37.79066835
   2118.17480623      37.78575605
   2119.47556052      37.78192733
   2120.79147352      37.77922110
   2121.99848715      37.77766500
   2123.26078795      37.77726579
   2125.00773059      37.77801592
   2126.50993582      37.77987066
   2127.87126916      37.78275262
   2129.18699312      37.78656268
   2130.47727990      37.79118599
   2131.92981833      37.79648744
   2133.09924523      37.80230455
   2134.31501550      37.80846133
   2135.51809413      37.81478074
   2136.73392395      37.82108069
   2137.91909513      37.82716297
   2139.20556081      37.83283479
   2140.40668469      37.83790349
   2141.62347676      37.84218528
   2142.81227952      37.84550998
   2144.12659225      37.84772808
   2145.47676759      37.84872341
   2147.35403898      37.84840689
   2148.89919797      37.84670789
   2150.65269061      37.84356420
   2152.13375759      37.83894539
   2153.33750969      37.83283876
   2154.67511390      37.82523835
   2156.15117303      37.81614867
   2157.30546014      37.80557104
   2158.44617181      37.79351432
   2159.80530985      37.77999518
   2161.09355871      37.76504882
   2162.43151691      37.74870449
   2163.77225410      37.73100943
   2164.94254164      37.71201827
   2166.10560949      37.69181863
   2167.25991361      37.67051119
   2168.42673261      37.64821028
   2169.65873774      37.62503777
   2170.79086243      37.60112863
   2172.00802456      37.57663172
   2173.16328903      37.55168836
   2174.37942558      37.52643443
   2175.56591347      37.50099592
   2176.74977692      37.47550514
   2177.93614335      37.45008265
   2179.12144829      37.42483851
   2180.33849226      37.39986498
   2181.57568388      37.37523350
   2182.77746564      37.35100983
   2183.97813723      37.32725259
   2185.12577226      37.30400876
   2186.34361022      37.28131658
   2187.52893028      37.25921786
   2188.71099164      37.23776090
   2190.07776339      37.21700471
   2191.28757491      37.19701718
   2192.46468514      37.17787690
   2193.89111008      37.15966035
   2195.19896355      37.14243278
   2196.47704076      37.12624591
   2197.66319735      37.11114315
   2198.85179831      37.09715440
   2200.30929448      37.08429092
   2201.66644280      37.07254608
   2203.10156294      37.06190758
   2204.38929240      37.05235450
   2205.78342156      37.04386702
   2206.96245345      37.03641918
   2208.26639838      37.02999657
   2209.38988506      37.02458410
   2210.53704463      37.02016827
   2211.66941273      37.01673149
   2212.83294138      37.01425946
   2213.98123948      37.01272850
   2215.11302957      37.01211704
   2216.28310207      37.01239148
   2217.45317078      37.01351092
   2218.63909295      37.01541886
   2219.80270857      37.01803075
   2220.95692667      37.02124470
   2222.12039435      37.02493303
   2223.37433172      37.02895282
   2224.54543972      37.03312861
   2225.75065127      37.03726736
   2226.97901251      37.04115747
   2228.22728132      37.04458341
   2229.41376401      37.04734297
   2230.59907651      37.04924535
   2231.81525559      37.05011642
   2233.01550608      37.04980269
   2234.21663091      37.04817818
   2235.41769571      37.04513757
   2236.60391421      37.04059709
   2237.90518366      37.03449430
   2239.07664329      37.02678301
   2240.26203046      37.01742855
   2241.49509093      37.00641598
   2242.66423994      36.99374952
   2243.84315084      36.97944942
   2245.08225845      36.96354837
   2246.28306473      36.94610723
   2247.51544227      36.92721267
   2248.66880683      36.90698312
   2249.86935223      36.88555937
   2251.07117559      36.86311251
   2252.28838923      36.83983441
   2253.47415165      36.81594618
   2254.69059209      36.79167858
   2255.88254627      36.76726529
   2257.08548264      36.74295059
   2258.31797030      36.71898071
   2259.51980642      36.69559781
   2260.73697941      36.67303530
   2262.02661115      36.65151364
   2263.36950583      36.63124307
   2264.74365701      36.61241017
   2265.99176560      36.59517386
   2267.41370210      36.57967255
   2268.78957408      36.56601778
   2270.24504509      36.55429928
   2271.68216298      36.54457630
   2272.95602586      36.53689108
   2274.33616462      36.53127338
   2276.17985046      36.52775297
   2277.35215986      36.52634891
   2278.79895174      36.52706040
   2280.38755837      36.52986363
   2281.56597917      36.53470831
   2282.69640622      36.54151082
   2283.88197677      36.55016079
   2285.51441906      36.56052671
   2286.91462701      36.57245363
   2288.13623599      36.58576555
   2289.62987173      36.60026731
   2290.93728614      36.61574784
   2292.12868027      36.63197878
   2293.58921631      36.64872007
   2294.89920270      36.66572508
   2296.32400372      36.68274915
   2297.53345086      36.69954787
   2298.68672515      36.71588638
   2299.83434741      36.73153112
   2301.00337401      36.74626775
   2302.16737858      36.75989619
   2303.32042271      36.77224110
   2304.49108881      36.78314293
   2305.69150094      36.79245676
   2306.85517846      36.80006775
   2308.10404276      36.80588221
   2309.29512591      36.80983915
   2310.49662646      36.81191315
   2311.66155122      36.81211971
   2312.81639932      36.81050261
   2313.97962266      36.80713199
   2315.18120404      36.80210867
   2316.38567499      36.79555718
   2317.56748351      36.78761658
   2318.76908757      36.77844816
   2320.00816729      36.76823825
   2321.22543008      36.75719286
   2322.45691674      36.74553218
   2323.65771877      36.73347784
   2324.81182061      36.72123811
   2325.97491824      36.70900990
   2327.17765421      36.69697316
   2328.39962994      36.68529329
   2329.61836163      36.67411981
   2330.85220806      36.66360357
   2332.12152721      36.65387584
   2333.37025068      36.64504511
   2334.57090620      36.63720441
   2335.78798939      36.63041871
   2337.00403284      36.62472029
   2338.32912689      36.62011485
   2339.59219521      36.61658001
   2340.87537904      36.61406776
   2342.14509802      36.61250703
   2343.41435478      36.61181393
   2344.68972201      36.61188803
   2345.95395627      36.61261778
   2347.21596830      36.61389468
   2348.49797200      36.61559859
   2349.78146587      36.61760418
   2351.03778475      36.61977266
   2352.31520833      36.62196007
   2353.59773806      36.62403883
   2354.88043887      36.62589451
   2356.14185729      36.62743910
   2357.43556676      36.62859426
   2358.72821946      36.62929305
   2360.05098824      36.62947446
   2361.33752434      36.62908703
   2362.58072859      36.62808165
   2363.82930176      36.62641427
   2365.01423994      36.62405604
   2366.24764259      36.62100153
   2367.46672874      36.61725776
   2368.66855776      36.61283320
   2369.85441188      36.60774690
   2371.05594835      36.60202467
   2372.28938550      36.59571453
   2373.47616973      36.58888423
   2374.69669546      36.58162151
   2375.87841938      36.57402799
   2377.13273532      36.56621957
   2378.33647702      36.55832833
   2379.55302380      36.55047810
   2380.75410326      36.54279658
   2381.97160047      36.53541014
   2383.20333100      36.52842450
   2384.42717215      36.52193229
   2385.60750610      36.51602110
   2386.79312248      36.51076516
   2387.97697932      36.50622641
   2389.17802711      36.50245750
   2390.39401478      36.49951163
   2391.63315358      36.49741817
   2392.83666938      36.49619261
   2394.05838847      36.49582992
   2395.33817844      36.49629900
   2396.60918530      36.49755777
   2397.82518999      36.49954696
   2399.07437945      36.50220397
   2400.27563756      36.50546993
   2401.50907896      36.50927337
   2402.69510416      36.51352962
   2403.85858177      36.51812580
   2405.10262728      36.52294415
   2406.35064843      36.52785645
   2407.55819470      36.53272045
   2408.80740827      36.53739708
   2410.05448324      36.54176011
   2411.30878027      36.54569085
   2412.50523848      36.54908290
   2413.71159896      36.55183730
   2414.87466491      36.55387664
   2416.06043679      36.55514812
   2417.24534473      36.55562738
   2418.46286462      36.55532093
   2419.64833072      36.55424992
   2420.83463051      36.55245419
   2422.03605639      36.54997965
   2423.26773777      36.54689656
   2424.50031287      36.54328749
   2425.73987324      36.53923608
   2426.94157136      36.53483018
   2428.14375579      36.53015209
   2429.29155387      36.52528333
   2430.53172014      36.52030804
   2431.76384956      36.51530947
   2432.94272454      36.51035986
   2434.21320065      36.50552868
   2435.42943929      36.50088526
   2436.64891818      36.49648504
   2437.87159763      36.49235000
   2439.03509509      36.48849985
   2440.23508942      36.48494530
   2441.40516759      36.48168715
   2442.62267189      36.47870794
   2443.83950271      36.47596981
   2445.00943295      36.47342316
   2446.24200900      36.47099347
   2447.48125697      36.46857900
   2448.68343715      36.46606305
   2449.88490793      36.46331156
   2451.03375711      36.46020148
   2452.23590657      36.45660379
   2453.42250222      36.45239108
   2454.61903700      36.44745655
   2455.87554776      36.44169555
   2457.09288428      36.43500869
   2458.27792219      36.42731791
   2459.49628665      36.41855691
   2460.69890258      36.40868561
   2461.91936216      36.39767277
   2463.12219029      36.38551376
   2464.32434826      36.37221851
   2465.58847808      36.35781745
   2466.77347203      36.34235875
   2467.94864832      36.32590419
   2469.14969753      36.30854549
   2470.36654300      36.29037645
   2471.55173261      36.27150002
   2472.71632370      36.25203145
   2473.90299544      36.23209975
   2475.08699737      36.21185035
   2476.27286472      36.19143278
   2477.50554285      36.17100726
   2478.72238879      36.15074463
   2479.92316388      36.13082365
   2481.16329281      36.11141780
   2482.37976776      36.09269434
   2483.56299979      36.07481323
   2484.71774014      36.05793948
   2485.91893727      36.04221296
   2487.12010511      36.02773806
   2488.32126538      36.01458942
   2489.52218651      36.00282712
   2490.70162816      35.99248395
   2491.90279742      35.98356047
   2493.08714388      35.97604290
   2494.30499603      35.96990425
   2495.52845814      35.96510178
   2496.73063454      35.96158997
   2497.93275186      35.95929221
   2499.16555854      35.95810476
   2500.38290026      35.95790138
   2501.55409333      35.95852382
   2502.71747453      35.95979728
   2503.90428002      35.96153770
   2505.10549039      35.96354171
   2506.32311899      35.96560235
   2507.52338082      35.96749904
   2508.70931905      35.96902232
   2509.92576658      35.96995307
   2511.11246479      35.97007375
   2512.32999839      35.96916404
   2513.55386506      35.96701686
   2514.77074314      35.96344630
   2515.97309441      35.95827744
   2517.15917254      35.95136616
   2518.33933304      35.94260331
   2519.49357903      35.93191373
   2520.76447388      35.91926157
   2521.96580099      35.90463807
   2523.13023423      35.88807277
   2524.36864425      35.86962294
   2525.63012553      35.84936838
   2526.87785980      35.82742104
   2528.19318534      35.80392196
   2529.42733662      35.77902345
   2530.97886695      35.75289819
   2532.70732272      35.72572045
   2533.95215986      35.69768527
   2535.42998138      35.66901732
   2536.68094268      35.63995863
   2538.13109864      35.61075174
   2539.32157684      35.58165561
   2540.79787228      35.55294320
   2542.12127342      35.52488817
   2543.36946235      35.49775502
   2544.60308477      35.47178921
   2545.82664849      35.44719821
   2547.02747320      35.42416385
   2548.33579456      35.40285046
   2549.66637616      35.38339803
   2550.90208802      35.36592579
   2552.15398321      35.35052915
   2553.35301860      35.33726751
   2554.70708925      35.32617528
   2555.92453447      35.31725563
   2557.11096612      35.31048170
   2558.34468165      35.30578747
   2559.54597472      35.30308931
   2560.74661370      35.30229300
   2561.94870314      35.30329877
   2563.13425667      35.30598516
   2564.38246687      35.31021944
   2565.56801189      35.31586255
   2566.76904456      35.32276760
   2567.93912604      35.33076947
   2569.12497495      35.33968568
   2570.35721591      35.34930848
   2571.52652608      35.35942829
   2572.72768683      35.36983973
   2574.02753512      35.38034538
   2575.22996531      35.39076158
   2576.43180710      35.40090930
   2577.64814025      35.41061957
   2578.85005104      35.41974974
   2580.08334452      35.42816803
   2581.33638675      35.43578166
   2582.58739484      35.44252132
   2583.82996342      35.44833287
   2585.04357998      35.45319025
   2586.24418256      35.45710128
   2587.44669925      35.46008790
   2588.66335473      35.46218466
   2589.84918852      35.46343457
   2591.06640783      35.46389320
   2592.25382158      35.46362604
   2593.41713613      35.46271686
   2594.60300253      35.46126199
   2595.81941982      35.45936146
   2597.05843148      35.45712152
   2598.26027138      35.45464314
   2599.46130972      35.45202411
   2600.63841664      35.44936365
   2601.84224011      35.44675706
   2603.06477021      35.44428834
   2604.31373188      35.44203940
   2605.53175416      35.44009243
   2606.76993733      35.43851251
   2608.00254268      35.43733353
   2609.19410600      35.43655376
   2610.41068822      35.43615971
   2611.61274363      35.43610334
   2612.81552167      35.43631002
   2614.00151426      35.43667338
   2615.23417349      35.43707127
   2616.45009500      35.43737640
   2617.65074673      35.43747048
   2618.80500643      35.43723998
   2620.02154706      35.43656434
   2621.25448230      35.43532383
   2622.45883037      35.43340305
   2623.66010880      35.43068637
   2624.84525068      35.42706724
   2626.13183167      35.42244725
   2627.33235202      35.41675677
   2628.51819290      35.40993177
   2629.71935649      35.40192593
   2630.92038017      35.39272086
   2632.12219644      35.38231286
   2633.37149318      35.37071014
   2634.55675558      35.35794364
   2635.77424145      35.34406750
   2636.97495841      35.32916111
   2638.13112606      35.31332145
   2639.37931688      35.29667053
   2640.57020389      35.27934861
   2641.77157069      35.26151712
   2642.98846626      35.24335483
   2644.19557584      35.22505082
   2645.42818165      35.20681244
   2646.65062291      35.18885604
   2647.85201902      35.17140140
   2649.11566299      35.15466553
   2650.31690786      35.13886742
   2651.52082538      35.12421297
   2652.70732698      35.11088821
   2653.92259958      35.09906358
   2655.13692695      35.08888410
   2656.34058500      35.08051848
   2657.56373518      35.07411148
   2658.81200919      35.06979569
   2660.01372431      35.06768728
   2661.23104666      35.06789000
   2662.43359311      35.07049249
   2663.63492873      35.07556305
   2664.82105129      35.08314651
   2666.03751536      35.09326195
   2667.25803495      35.10590936
   2668.52407840      35.12106782
   2669.72521646      35.13869342
   2670.92613995      35.15873004
   2672.13963221      35.18110651
   2673.34357667      35.20573878
   2674.59621387      35.23252300
   2675.83133543      35.26134748
   2677.06412698      35.29209062
   2678.25412405      35.32481448
   2679.40354179      35.35900234
   2680.58959818      35.39453750
   2681.82249182      35.43130364
   2683.02446689      35.46918407
   2684.20870702      35.50806232
   2685.41003790      35.54782197
   2686.59633486      35.58834643
   2687.82913209      35.62951914
   2689.03848233      35.67122365
   2690.23919268      35.71334338
   2691.45777927      35.75576203
   2692.69642844      35.79836274
   2693.91358442      35.84102923
   2695.09871259      35.88364490
   2696.30113617      35.92609332
   2697.50016258      35.96825804
   2698.70203509      36.01002222
   2699.93960291      36.05126969
