      0.62496550      22.85927062
      1.80459667      22.75249969
      2.97020814      22.65426491
      4.14386827      22.56427308
      5.32958485      22.48223101
      6.51591395      22.40784577
      7.66336796      22.34082417
      8.84385551      22.28087300
     10.03659659      22.22769935
     11.21087018      22.18101003
     12.37420411      22.14051182
     13.52448343      22.10591181
     14.68996446      22.07691666
     15.86584116      22.05323346
     17.03084343      22.03456900
     18.18521135      22.02063022
     19.33891194      22.01112393
     20.48803240      22.00575706
     21.66283721      22.00423657
     22.83050268      22.00626938
     23.98476946      22.01118629
     25.17015048      22.01887416
     26.35344159      22.02904352
     27.53103957      22.04140988
     28.71031675      22.05569635
     29.86494319      22.07163890
     31.03075363      22.08899340
     32.20952511      22.10752542
     33.37253247      22.12701699
     34.53759287      22.14726316
     35.71309810      22.16807343
     36.87242329      22.18927486
     38.04256149      22.21070971
     39.20545021      22.23223439
     40.38648789      22.25372030
     41.55913379      22.27504617
     42.74727962      22.29610644
     43.92173327      22.31680514
     45.09756933      22.33705160
     46.27037639      22.35676315
     47.44544634      22.37583094
     48.61901431      22.39416401
     49.77886033      22.41167998
     50.93552564      22.42829704
     52.09266972      22.44394668
     53.24171125      22.45856654
     54.40128221      22.47209340
     55.55758550      22.48447006
     56.73160387      22.49564545
     57.90370815      22.50556852
     59.05523234      22.51419449
     60.22404862      22.52148190
     61.40517090      22.52741385
     62.59167061      22.53198436
     63.77460347      22.53520642
     64.94791340      22.53710293
     66.11210749      22.53771107
     67.28905845      22.53707948
     68.45757274      22.53526764
     69.63253162      22.53235622
     70.78972673      22.52844592
     71.95261735      22.52363914
     73.12643534      22.51805645
     74.30243823      22.51183344
     75.46621784      22.50511699
     76.63484366      22.49804827
     77.80926234      22.49077918
     78.98827296      22.48346302
     80.16759693      22.47624971
     81.31805632      22.46928497
     82.47673592      22.46269824
     83.63654224      22.45660753
     84.79643269      22.45111909
     85.97573823      22.44632118
     87.14876978      22.44229474
     88.31264580      22.43909070
     89.49574881      22.43673780
     90.68706685      22.43524776
     91.87405382      22.43461545
     93.04520341      22.43482527
     94.21469081      22.43585033
     95.37647078      22.43763857
     96.54021731      22.44012935
     97.70283901      22.44323513
     98.87888018      22.44685509
    100.05763701      22.45087480
    101.22663856      22.45517084
    102.39258559      22.45961005
    103.55634819      22.46406342
    104.71481369      22.46840665
    105.88049984      22.47253235
    107.05690587      22.47633266
    108.21760733      22.47970648
    109.39800272      22.48255653
    110.58664102      22.48480288
    111.74671484      22.48637115
    112.90123400      22.48720212
    114.08696004      22.48725061
    115.24779713      22.48647184
    116.43289837      22.48482362
    117.59333280      22.48228264
    118.77896856      22.47883502
    119.93086375      22.47447734
    121.08858300      22.46920616
    122.26046609      22.46303421
    123.43453599      22.45598122
    124.59410505      22.44806565
    125.77553973      22.43932083
    126.94175000      22.42979594
    128.13528839      22.41956308
    129.40637560      22.40871264
    130.61684878      22.39734131
    131.77470934      22.38555305
    132.94086857      22.37345243
    134.10906904      22.36116145
    135.28402698      22.34881411
    136.44970083      22.33655273
    137.60475972      22.32451962
    138.77924126      22.31284364
    139.94102785      22.30163564
    141.10502722      22.29100474
    142.27573586      22.28104792
    143.42941235      22.27186057
    144.60519831      22.26352494
    145.77279524      22.25611611
    146.92788249      22.24969930
    148.09639394      22.24432828
    149.26979791      22.24005213
    150.45160926      22.23690587
    151.61428436      22.23491210
    152.78370654      22.23407826
    153.97391156      22.23440450
    155.14086999      22.23588009
    156.30225911      22.23847056
    157.47552980      22.24213371
    158.65149441      22.24681048
    159.80892206      22.25243293
    160.96855682      22.25893356
    162.11879218      22.26624585
    163.28478836      22.27429142
    164.45811341      22.28298920
    165.63105233      22.29225621
    166.81963580      22.30203468
    168.01373329      22.31227626
    169.19360219      22.32294091
    170.37433267      22.33402405
    171.54898057      22.34553727
    172.73555117      22.35750831
    173.90900713      22.36997321
    175.08611311      22.38296659
    176.25733123      22.39653193
    177.43006314      22.41072715
    178.59322977      22.42561017
    179.75847118      22.44122620
    180.93553368      22.45760699
    182.09091064      22.47476811
    183.27037119      22.49270515
    184.44652249      22.51140422
    185.62720901      22.53085232
    186.81936027      22.55101897
    187.99208178      22.57185068
    189.16867686      22.59327324
    190.33166815      22.61519752
    191.50098068      22.63751941
    192.67450092      22.66011777
    193.83782540      22.68286989
    195.01573813      22.70563115
    196.19923058      22.72825297
    197.35759684      22.75057028
    198.53736885      22.77241690
    199.73055750      22.79361948
    200.90873585      22.81400496
    202.12655444      22.83340329
    203.31400930      22.85164411
    204.55953977      22.86856767
    205.75172080      22.88401750
    206.93219842      22.89784372
    208.09300480      22.90991473
    209.26902235      22.92013071
    210.44377091      22.92842387
    211.61378953      22.93475801
    212.78037365      22.93910968
    213.95221421      22.94148576
    215.11281547      22.94193114
    216.28501002      22.94050747
    217.45368499      22.93730614
    218.63238889      22.93242613
    219.79913039      22.92598715
    220.97696845      22.91813237
    222.14840208      22.90901825
    223.33105894      22.89879598
    224.51313638      22.88763188
    225.68117710      22.87570447
    226.83270790      22.86320195
    227.99376288      22.85031583
    229.15099533      22.83724064
    230.30313487      22.82416559
    231.47682335      22.81125245
    232.63390268      22.79865696
    233.80817674      22.78653375
    234.97360578      22.77503226
    236.14357620      22.76428308
    237.31885362      22.75440149
    238.51380844      22.74550005
    239.68626954      22.73766572
    240.89514717      22.73097688
    242.07399285      22.72549187
    243.28744730      22.72125762
    244.47894777      22.71830416
    245.65858414      22.71663992
    246.82568624      22.71624474
    248.00306775      22.71708730
    249.18428786      22.71912712
    250.37024028      22.72230900
    251.54150613      22.72657600
    252.70918578      22.73187207
    253.87687676      22.73813684
    255.04388292      22.74529953
    256.22244314      22.75328132
    257.41983477      22.76200670
    258.60651313      22.77140772
    259.77024406      22.78141832
    260.93582197      22.79197684
    262.12015615      22.80303066
    263.29230958      22.81452543
    264.47393189      22.82643182
    265.64798713      22.83871952
    266.80579333      22.85136349
    267.96928654      22.86434758
    269.13034813      22.87767335
    270.30350256      22.89133737
    271.46905117      22.90534180
    272.64357430      22.91968505
    273.81621028      22.93435811
    275.02140575      22.94934769
    276.28332609      22.96463948
    277.46089239      22.98023477
    278.62503781      22.99613685
    279.78669017      23.01234214
    280.95948778      23.02883863
    282.13993894      23.04561802
    283.30793051      23.06267174
    284.50852600      23.07997675
    285.69296557      23.09750230
    286.85401441      23.11520192
    288.05161493      23.13302511
    289.21911734      23.15091451
    290.39574361      23.16880006
    291.56234664      23.18661052
    292.72984668      23.20428439
    293.90347704      23.22174701
    295.08402414      23.23891858
    296.24756555      23.25572072
    297.42548916      23.27207060
    298.60024198      23.28788487
    299.76007997      23.30307611
    300.93403170      23.31757397
    302.09183555      23.33131938
    303.26070760      23.34425698
    304.42451415      23.35634444
    305.59518309      23.36756488
    306.77216146      23.37791517
    307.93938692      23.38740258
    309.09447228      23.39604786
    310.27431896      23.40387247
    311.44346702      23.41092130
    312.60944004      23.41725445
    313.79121973      23.42294097
    314.93371410      23.42805726
    316.09493639      23.43269756
    317.27292805      23.43695641
    318.44632210      23.44093221
    319.61553349      23.44473467
    320.78933541      23.44847377
    321.95017676      23.45226265
    323.09633817      23.45620985
    324.27137409      23.46040906
    325.44494442      23.46494666
    326.59187856      23.46989861
    327.77157069      23.47533084
    328.95125196      23.48129755
    330.10809639      23.48783551
    331.27346683      23.49497445
    332.45372422      23.50274042
    333.60471624      23.51114198
    334.76305083      23.52017386
    335.95002930      23.52981903
    337.14162523      23.54004045
    338.31904314      23.55077075
    339.46068397      23.56194599
    340.61728879      23.57348496
    341.78138316      23.58529867
    342.94811237      23.59729588
    344.10131151      23.60938349
    345.31029973      23.62148310
    346.51580383      23.63350864
    347.71788192      23.64537141
    348.90186636      23.65699404
    350.07674112      23.66831160
    351.24561884      23.67925829
    352.41630102      23.68978049
    353.57741176      23.69983671
    354.74073861      23.70940994
    355.90395911      23.71851004
    357.09357100      23.72716176
    358.26053462      23.73540056
    359.42836267      23.74327508
    360.60931338      23.75084410
    361.78586451      23.75817041
    362.95789317      23.76532895
    364.12941424      23.77240110
    365.29778626      23.77947082
    366.47394559      23.78663494
    367.65342742      23.79399442
    368.83560788      23.80165012
    370.01671409      23.80970842
    371.19638354      23.81827805
    372.37105223      23.82747526
    373.53234777      23.83741120
    374.70843006      23.84817954
    375.86968543      23.85986825
    377.03002911      23.87254354
    378.20729909      23.88625934
    379.39305301      23.90105913
    380.55749712      23.91696021
    381.71563888      23.93395886
    382.88875078      23.95203434
    384.06142125      23.97115991
    385.24572187      23.99127551
    386.41441859      24.01231618
    387.58239787      24.03419927
    388.74951131      24.05683353
    389.90942681      24.08011856
    391.11252292      24.10393263
    392.28689103      24.12814402
    393.44989650      24.15262559
    394.61526977      24.17725548
    395.78502042      24.20191583
    396.96121803      24.22649880
    398.13103579      24.25089942
    399.31662334      24.27502900
    400.49349585      24.29880789
    401.66429712      24.32215813
    402.84955858      24.34500822
    404.00404229      24.36729764
    405.18079192      24.38897993
    406.34746394      24.41002661
    407.52171059      24.43043326
    408.67956217      24.45020502
    409.85126472      24.46936935
    411.00701930      24.48797417
    412.15982381      24.50607611
    413.33930941      24.52374283
    414.49876458      24.54104941
    415.68758531      24.55808811
    416.85891780      24.57495618
    418.04016816      24.59174587
    419.20350256      24.60854214
    420.37527932      24.62543595
    421.53304063      24.64251112
    422.71696741      24.65986276
    423.90423417      24.67757196
    425.07252680      24.69570136
    426.24718131      24.71430689
    427.40334707      24.73342875
    428.56008611      24.75309767
    429.71549001      24.77332640
    430.87348526      24.79412450
    432.09320330      24.81548298
    433.26556279      24.83738653
    434.44047158      24.85980038
    435.62393425      24.88266692
    436.80374360      24.90591761
    437.96790508      24.92948153
    439.15770696      24.95328459
    440.34239891      24.97723497
    441.52100308      25.00123082
    442.69892243      25.02516475
    443.87007014      25.04893377
    445.03709190      25.07243504
    446.19201183      25.09556932
    447.35360559      25.11823876
    448.52833242      25.14035341
    449.70503337      25.16183646
    450.88719871      25.18262728
    452.06548386      25.20267708
    453.23294279      25.22193724
    454.40928881      25.24038744
    455.57541827      25.25801483
    456.73361911      25.27482283
    457.90942587      25.29083389
    459.09641379      25.30609293
    460.26939760      25.32067060
    461.44238000      25.33464771
    462.60797824      25.34812008
    463.81163582      25.36119198
    464.99458854      25.37398670
    466.15176853      25.38663782
    467.30493364      25.39929781
    468.46945715      25.41211613
    469.62956784      25.42523838
    470.79178498      25.43880972
    471.96945621      25.45295832
    473.14094230      25.46781174
    474.28608948      25.48348483
    475.45295574      25.50007815
    476.62140859      25.51766449
    477.85514963      25.53630192
    479.05474271      25.55602247
    480.25389058      25.57683545
    481.42605488      25.59874200
    482.60260459      25.62172853
    483.76797172      25.64576386
    484.93373774      25.67078235
    486.09836144      25.69671161
    487.25487977      25.72346957
    488.41496729      25.75096839
    489.57392102      25.77910839
    490.73114307      25.80778388
    491.90362072      25.83686985
    493.08801492      25.86623843
    494.25666106      25.89575648
    495.41363593      25.92528740
    496.57341484      25.95469517
    497.73243284      25.98384007
    498.91524803      26.01259951
    500.08848611      26.04084836
    501.24239749      26.06848348
    502.41421725      26.09540992
    503.57490453      26.12154585
    504.73639951      26.14682150
    505.97962786      26.17117406
    507.15995094      26.19455848
    508.30333856      26.21693644
    509.47673498      26.23830321
    510.64971690      26.25866495
    511.79887517      26.27803896
    512.97349377      26.29644426
    514.15963760      26.31389329
    515.33432945      26.33040051
    516.49648610      26.34597992
    517.66964053      26.36066829
    518.85921697      26.37450323
    520.03911848      26.38751349
    521.20666011      26.39973139
    522.38378878      26.41121600
    523.55173261      26.42202411
    524.72639469      26.43222135
    525.89840870      26.44188597
    527.05623287      26.45108977
    528.25651833      26.45989595
    529.43611547      26.46836460
    530.63249995      26.47657079
    531.79426622      26.48459234
    532.96381317      26.49251206
    534.12485113      26.50040417
    535.28338091      26.50833676
    536.48670860      26.51635645
    537.71377630      26.52450043
    538.88031552      26.53279516
    540.09250477      26.54126638
    541.32328346      26.54994313
    542.48707016      26.55882969
    543.65946887      26.56793809
    544.83171635      26.57727204
    546.00940271      26.58684355
    547.17997713      26.59664461
    548.34867147      26.60667895
    549.51998790      26.61695157
    550.68754135      26.62747277
    551.86995482      26.63825999
    553.04060391      26.64932568
    554.20121179      26.66070360
    555.36001002      26.67240847
    556.52585685      26.68446175
    557.68051213      26.69687688
    558.85695833      26.70965730
    560.04419627      26.72280300
    561.22315349      26.73632200
    562.38793835      26.75022587
    563.53459695      26.76451206
    564.70773721      26.77917626
    565.88599306      26.79423349
    567.06711723      26.80971192
    568.23149422      26.82562258
    569.54502429      26.84198663
    570.93009103      26.85881523
    572.23349387      26.87611065
    573.46147560      26.89387577
    574.73271641      26.91212375
    575.98291727      26.93087002
    577.22319319      26.95012202
    578.46838762      26.96987819
    579.76450697      26.99011164
    581.06119298      27.01078388
    582.30950810      27.03184401
    583.58716657      27.05323653
    584.90931527      27.07490809
    586.17822514      27.09681320
    587.43076734      27.11890268
    588.73305528      27.14110858
    590.04521050      27.16338928
    591.30891922      27.18571118
    592.59388623      27.20805510
    593.94065684      27.23039801
    595.27042838      27.25274608
    596.60657788      27.27510330
    597.91158525      27.29748612
    599.23259684      27.31991099
    600.49971359      27.34240123
    601.82540551      27.36499286
    603.10004395      27.38770822
    604.33854330      27.41057446
    605.66538745      27.43359317
    606.97199038      27.45675391
    608.30300868      27.48004236
    609.63174944      27.50345368
    610.93671191      27.52697970
    612.22281509      27.55062500
    613.52544331      27.57440918
    614.85223926      27.59835927
    616.19735902      27.62251274
    617.51020143      27.64689962
    618.83783768      27.67155897
    620.15436225      27.69652053
    621.44094325      27.72181992
    622.75964043      27.74748645
    624.07156739      27.77353800
    625.40092160      27.79996642
    626.68906129      27.82674611
    628.00671163      27.85384189
    629.25872828      27.88119583
    630.49399021      27.90875858
    631.73087841      27.93646451
    632.97297011      27.96423922
    634.23421602      27.99201351
    635.44726828      28.01972058
    636.66092359      28.04728505
    637.89227792      28.07463741
    639.14472607      28.10173876
    640.37254523      28.12855164
    641.59290508      28.15503699
    642.82149838      28.18115090
    644.12171531      28.20686563
    645.31553538      28.23214485
    646.52561818      28.25696281
    647.73856079      28.28129063
    648.99593172      28.30510799
    650.24258606      28.32838929
    651.45662514      28.35110636
    652.70858177      28.37322802
    653.92122805      28.39472652
    655.17742830      28.41559599
    656.39316927      28.43586705
    657.65037148      28.45559791
    658.89781368      28.47487623
    660.13098758      28.49382603
    661.36910600      28.51258374
    662.57299185      28.53130584
    663.80917160      28.55016768
    665.03845492      28.56933658
    666.27654971      28.58899006
    667.51485103      28.60929531
    668.75140509      28.63040921
    669.95733454      28.65246608
    671.20903596      28.67557775
    672.41300499      28.69983706
    673.62501182      28.72533482
    674.81877989      28.75214412
    676.04658818      28.78031344
    677.25347184      28.80988741
    678.50608258      28.84087261
    679.69939552      28.87328190
    680.94050324      28.90712860
    682.17343517      28.94241155
    683.40699520      28.97911917
    684.62305991      29.01722887
    685.84089835      29.05670402
    687.11143307      29.09746883
    688.34774893      29.13942460
    689.55684207      29.18245421
    690.78142711      29.22642306
    692.01744664      29.27116883
    693.25371807      29.31650828
    694.49897442      29.36223906
    695.70175672      29.40814018
    697.00257482      29.45398008
    698.23590279      29.49952607
    699.47244882      29.54454844
    700.81191041      29.58883452
    702.04295518      29.63218922
    703.31707091      29.67443978
    704.54308940      29.71542899
    705.75141974      29.75502114
    706.95537790      29.79309765
    708.23263985      29.82955183
    709.48221402      29.86430116
    710.72019869      29.89727225
    711.97684415      29.92840920
    713.21170388      29.95767895
    714.46521825      29.98505177
    715.68499253      30.01051134
    716.90010870      30.03404923
    718.10985311      30.05567531
    719.36507931      30.07542805
    720.64195748      30.09336852
    721.91283438      30.10957181
    723.12573208      30.12414032
    724.38644772      30.13721408
    725.61510908      30.14895843
    726.82602841      30.15957988
    728.07964629      30.16930300
    729.29335028      30.17835948
    730.47223472      30.18697716
    731.66468231      30.19537114
    732.88125792      30.20375841
    734.15676787      30.21233461
    735.40749853      30.22129212
    736.64080005      30.23081257
    737.85516948      30.24105472
    739.06857005      30.25214687
    740.28290451      30.26419457
    741.55913332      30.27728450
    742.79412868      30.29147728
    744.01932766      30.30682657
    745.29548840      30.32336583
    746.53074465      30.34111493
    747.76022411      30.36007960
    749.04333847      30.38025926
    750.29922869      30.40163319
    751.52470131      30.42417076
    752.75270195      30.44782078
    753.96813052      30.47252676
    755.24417973      30.49822647
    756.49122871      30.52484340
    757.74279732      30.55229159
    758.95642570      30.58046678
    760.16977711      30.60924110
    761.37831351      30.63846566
    762.59305017      30.66798242
    763.81377063      30.69762990
    765.04774751      30.72726709
    766.26144725      30.75676411
    767.51771887      30.78600154
    768.74542365      30.81488856
    770.00155396      30.84336739
    771.30243965      30.87141557
    772.53379681      30.89903196
    773.75045560      30.92623543
    774.98660274      30.95306733
    776.17803325      30.97956269
    777.38592453      31.00575383
    778.61767066      31.03169955
    779.84784723      31.05747750
    781.11587472      31.08315461
    782.37129232      31.10881227
    783.54462304      31.13453601
    784.79524453      31.16038790
    785.99970131      31.18641700
    787.18958589      31.21266993
    788.40435705      31.23918732
    789.64156757      31.26601035
    790.85042583      31.29318150
    792.08394710      31.32072480
    793.29636227      31.34867072
    794.49552243      31.37703613
    795.73925034      31.40583104
    796.94825794      31.43503357
    798.15618844      31.46461369
    799.40593985      31.49452549
    800.64319479      31.52471160
    801.91672118      31.55508008
    803.20536373      31.58551448
    804.44059162      31.61587981
    805.65342553      31.64600013
    806.92174084      31.67570082
    808.21977050      31.70480624
    809.45001182      31.73314848
    810.65952842      31.76057980
    811.93286812      31.78697733
    813.17510728      31.81222765
    814.43282180      31.83624968
    815.68953769      31.85899994
    816.90217262      31.88046282
    818.15396903      31.90064134
    819.37392338      31.91955167
    820.64591187      31.93722911
    821.91996900      31.95371459
    823.16684689      31.96905057
    824.39636936      31.98330400
    825.61070996      31.99656770
    826.83471227      32.00892362
    828.08290309      32.02043770
    829.31288542      32.03118287
    830.54841957      32.04121592
    831.76294733      32.05057147
    833.03615753      32.05929212
    834.26677127      32.06743367
    835.54660898      32.07506762
    836.74257188      32.08227193
    837.98884294      32.08910394
    839.20651738      32.09562130
    840.42255799      32.10189323
    841.67592349      32.10797150
    842.89339329      32.11390446
    844.14536410      32.11972528
    845.38286245      32.12546859
    846.61620082      32.13117142
    847.89457531      32.13685666
    849.10977466      32.14254991
    850.35626501      32.14830351
    851.59476624      32.15416024
    852.80836390      32.16015870
    854.06395353      32.16637671
    855.27832486      32.17288720
    856.49536410      32.17977313
    857.74062376      32.18713377
    858.97539983      32.19507508
    860.25243350      32.20370849
    861.51476832      32.21316186
    862.79332287      32.22356478
    864.01599949      32.23504081
    865.30834452      32.24769765
    866.51473524      32.26163514
    867.72753322      32.27694638
    868.98292767      32.29369388
    870.22192846      32.31193070
    871.48304204      32.33169145
    872.70681844      32.35297483
    873.92490075      32.37573782
    875.15954118      32.39992003
    876.39186201      32.42544697
    877.61047318      32.45223081
    878.82977532      32.48018002
    880.08173809      32.50920749
    882.14555693      32.53922784
    883.38425147      32.57014367
    884.63321644      32.60182554
    885.94615196      32.63413014
    887.16669943      32.66693676
    888.35609628      32.70012082
    889.59083171      32.73354316
    890.83171116      32.76706934
    892.08400854      32.80057449
    893.29769978      32.83394877
    894.53234399      32.86709507
    895.74262529      32.89991628
    896.95655519      32.93233230
    898.18321455      32.96425745
    899.41453721      32.99557833
    900.64889030      33.02619109
    901.88155897      33.05599790
    903.11987164      33.08488392
    904.37072424      33.11274703
    905.61997372      33.13949954
    906.84945602      33.16506252
    908.09839783      33.18936531
    909.32924504      33.21234869
    910.55117776      33.23396748
    911.76651039      33.25418233
    913.01519557      33.27295506
    914.23441169      33.29026136
    915.46844197      33.30608477
    916.70097643      33.32040757
    917.94549029      33.33323390
    919.15813184      33.34458364
    920.39179727      33.35447824
    921.64434703      33.36295647
    922.86190899      33.37007954
    924.09308751      33.37590852
    925.30623240      33.38052693
    926.55435563      33.38403161
    927.80628533      33.38652268
    929.01783702      33.38810625
    930.24608437      33.38888130
    931.49858120      33.38894080
    932.73184113      33.38839573
    933.92814621      33.38737325
    935.15502722      33.38599163
    936.38249003      33.38435986
    937.62306936      33.38259207
    938.85175624      33.38080268
    940.08922765      33.37908023
    941.30044662      33.37747707
    942.51070760      33.37602980
    943.72790706      33.37474873
    944.97014906      33.37360767
    946.22365635      33.37255859
    947.41542621      33.37155641
    948.64879199      33.37054508
    950.52553642      33.36948141
    951.80635764      33.36833363
    953.03774694      33.36708560
    954.23592311      33.36573258
    955.42847137      33.36428245
    956.64217205      33.36277354
    957.88332939      33.36127349
    959.13889729      33.35986470
    960.36970528      33.35865299
    961.60542138      33.35776781
    962.82065618      33.35736105
    964.05173309      33.35760405
    965.29602766      33.35868203
    966.52292474      33.36078564
    967.73576573      33.36409838
    968.95108607      33.36880819
    970.26340813      33.37509728
    971.47193839      33.38314386
    972.71300452      33.39313586
    973.92333497      33.40523777
    975.10946084      33.41959275
    976.34531968      33.43632065
    977.59268342      33.45551287
    978.83132928      33.47723421
    980.04893756      33.50154043
    981.26342798      33.52845370
    982.49282379      33.55794586
    983.76215286      33.58993080
    984.96014850      33.62429081
    986.16842259      33.66086142
    987.43589334      33.69941163
    988.66824111      33.73967170
    989.88350615      33.78135130
    991.15232905      33.82410587
    992.38762359      33.86756140
    993.64092056      33.91133932
    994.89636132      33.95506188
    996.16077188      33.99834550
    997.38934628      34.04081659
    998.63899276      34.08209529
    999.86830822      34.12181916
   1001.07805499      34.15964338
   1002.30719512      34.19525071
   1003.54339755      34.22836240
   1004.75794941      34.25873459
   1006.01318789      34.28614889
   1007.22288362      34.31041663
   1008.47597217      34.33136906
   1009.67234342      34.34888203
   1010.94327136      34.36285385
   1012.18004046      34.37321114
   1013.48048991      34.37992029
   1014.73596092      34.38299361
   1015.96741639      34.38248072
   1017.20098635      34.37847259
   1018.41424466      34.37110252
   1019.64521807      34.36053999
   1020.92111887      34.34697694
   1022.16830161      34.33064264
   1023.42481521      34.31178810
   1024.66491672      34.29069994
   1025.94901176      34.26769096
   1027.20267406      34.24309797
   1028.50673195      34.21725581
   1029.76707186      34.19050186
   1031.05464818      34.16317953
   1032.26974356      34.13564824
   1033.51882054      34.10824210
   1035.28164263      34.08127690
   1036.53789345      34.05505930
   1037.79304497      34.02987977
   1039.02173895      34.00599690
   1040.31317041      33.98366671
   1041.55483392      33.96313277
   1042.79155292      33.94461248
   1043.99080477      33.92829148
   1045.24313950      33.91431910
   1046.49538254      33.90280674
   1047.72429155      33.89384037
   1048.99118759      33.88747433
   1050.23846296      33.88373294
   1051.47644526      33.88260991
   1052.73922576      33.88407649
   1053.96691022      33.88804757
   1055.17316483      33.89440517
   1056.36370824      33.90299997
   1057.62282927      33.91366848
   1058.84474450      33.92620647
   1060.07925119      33.94039496
   1061.30946226      33.95601371
   1062.51991086      33.97283043
   1063.75581129      33.99059083
   1064.96852610      34.00904262
   1066.22136652      34.02792919
   1067.43872715      34.04699970
   1068.66958145      34.06599899
   1069.90674282      34.08468705
   1071.14860295      34.10284034
   1072.36841598      34.12026420
   1073.65467465      34.13678271
   1074.90256631      34.15223956
   1076.11994820      34.16650185
   1077.35470017      34.17946663
   1078.57082160      34.19104850
   1079.80498185      34.20118310
   1081.02105601      34.20982638
   1082.27587859      34.21698635
   1083.48536306      34.22270477
   1084.72788107      34.22706502
   1085.96234947      34.23018368
   1087.17796567      34.23221964
   1088.45665728      34.23334997
   1089.70582027      34.23375659
   1090.93007637      34.23362672
   1092.16292559      34.23314945
   1093.39670492      34.23252343
   1094.60869331      34.23195576
   1095.81219256      34.23165712
   1097.02947615      34.23184592
   1098.29024047      34.23273911
   1099.57552555      34.23453836
   1100.85147409      34.23740601
   1102.06047129      34.24149266
   1103.35085638      34.24690472
   1104.57394417      34.25371156
   1105.80538499      34.26194808
   1107.02740231      34.27162643
   1108.22569475      34.28273159
   1109.48657911      34.29520208
   1110.70055154      34.30893862
   1111.96029879      34.32382679
   1113.20994811      34.33971185
   1114.48432142      34.35641058
   1115.69666144      34.37371244
   1116.91196145      34.39139661
   1118.15896648      34.40923310
   1119.39220513      34.42698406
   1120.63704511      34.44441293
   1121.82868357      34.46128900
   1123.07681296      34.47740448
   1124.29714918      34.49256368
   1125.53299242      34.50658227
   1126.77101064      34.51932278
   1128.00248218      34.53069240
   1129.19525493      34.54063778
   1130.43311152      34.54912688
   1131.65613031      34.55615712
   1132.91380513      34.56175068
   1134.12926536      34.56594846
   1135.38170123      34.56879823
   1136.62465404      34.57035663
   1137.83872904      34.57071720
   1139.06947511      34.57000422
   1140.28280763      34.56836072
   1141.57671654      34.56595704
   1142.81338072      34.56298012
   1144.02514037      34.55962404
   1145.25448324      34.55607417
   1146.49041723      34.55249225
   1147.71631520      34.54902490
   1148.90454326      34.54579282
   1150.17805027      34.54289371
   1151.43601480      34.54042939
   1152.68310443      34.53850170
   1153.90791586      34.53718716
   1155.13461491      34.53652896
   1156.35023442      34.53653053
   1157.59289326      34.53716127
   1158.80573284      34.53836654
   1160.02940006      34.54003493
   1161.26189623      34.54202626
   1162.48821767      34.54418723
   1163.74709955      34.54635505
   1164.96684122      34.54836713
   1166.18392442      34.55006412
   1167.39152031      34.55128441
   1168.63557716      34.55186237
   1169.85403709      34.55162609
   1171.06999924      34.55038492
   1172.32244362      34.54795736
   1173.56896469      34.54418136
   1174.82627323      34.53889144
   1176.08042895      34.53192742
   1177.33249192      34.52313983
   1178.54668365      34.51238350
   1179.76004499      34.49953901
   1181.03246025      34.48450680
   1182.32289875      34.46722625
   1183.57074172      34.44768348
   1184.78873944      34.42592138
   1186.01949874      34.40202307
   1187.25463590      34.37610896
   1188.51172467      34.34835942
   1189.76107577      34.31899655
   1190.97605299      34.28827738
   1192.22047233      34.25649854
   1193.47060419      34.22399028
   1194.70850852      34.19113160
   1195.92574579      34.15832641
   1197.16200966      34.12603139
   1198.42364217      34.09471953
   1199.70120470      34.06485593
   1200.93993090      34.03687297
   1202.13378831      34.01117769
   1203.36388595      33.98815827
   1204.59006560      33.96818170
   1205.79293344      33.95159281
   1207.05950952      33.93869168
   1208.28364605      33.92975706
   1209.54931329      33.92504983
   1210.80257860      33.92477579
   1212.04833072      33.92908298
   1213.26220012      33.93805064
   1214.51794525      33.95166976
   1215.73168374      33.96984908
   1216.98734805      33.99242170
   1218.23912415      34.01915061
   1219.45575694      34.04974550
   1220.68275658      34.08384620
   1221.95334991      34.12103997
   1223.20280073      34.16086639
   1224.46060363      34.20281172
   1225.71718528      34.24632018
   1226.93585175      34.29083295
   1228.14065401      34.33578467
   1229.36797739      34.38062369
   1230.57025918      34.42481008
   1231.81998176      34.46781580
   1233.03445659      34.50914756
   1234.28838876      34.54835140
   1235.48602945      34.58502884
   1236.72179519      34.61882247
   1237.96980736      34.64942093
   1239.16524992      34.67657120
   1240.43841569      34.70007762
   1241.66894247      34.71980576
   1242.86759788      34.73566364
   1244.11062631      34.74761895
   1245.33204199      34.75566095
   1246.61459393      34.75982741
   1247.83014821      34.76019870
   1249.10819423      34.75691757
   1250.29219190      34.75019469
   1251.52809422      34.74029250
   1252.74790442      34.72751666
   1253.99980717      34.71219970
   1255.20564588      34.69470833
   1256.45127276      34.67542400
   1257.67783475      34.65472243
   1258.93053529      34.63299438
   1260.14291075      34.61063530
   1261.40169622      34.58802063
   1262.61176012      34.56551967
   1263.87463419      34.54350114
   1265.09879388      34.52230943
   1266.30381874      34.50227407
   1267.60006144      34.48369314
   1269.02150784      34.46684423
   1270.61222801      34.45195792
   1272.70482778      34.43922942
   1274.46478014      34.42883180
   1276.29960158      34.42092567
   1278.13467635      34.41563589
   1279.35016400      34.41304843
   1280.68219275      34.41320189
   1282.45781282      34.41608942
   1284.00321852      34.42168484
   1285.92034284      34.42992122
   1287.33769826      34.44068827
   1288.54930384      34.45382926
   1289.77053850      34.46914851
   1291.00347657      34.48641619
   1292.30479753      34.50537256
   1293.57539889      34.52572743
   1294.80810774      34.54715242
   1296.02567962      34.56930168
   1297.25602303      34.59181251
   1298.49769883      34.61433120
   1299.71448523      34.63650321
   1300.96219682      34.65799298
   1302.28440460      34.67848487
   1303.49006229      34.69766951
   1304.74012940      34.71524927
   1306.02226922      34.73094439
   1307.28532006      34.74450444
   1308.51097747      34.75571402
   1309.71631803      34.76440678
   1310.96862582      34.77046031
   1312.20086678      34.77377920
   1313.44520436      34.77428508
   1314.70809781      34.77194591
   1315.94828818      34.76676669
   1317.17798410      34.75876903
   1318.39394909      34.74801313
   1319.61744948      34.73458295
   1320.85095469      34.71859463
   1322.07039199      34.70018246
   1323.27455243      34.67951751
   1324.54388812      34.65679014
   1325.75966785      34.63221318
   1326.93050362      34.60599800
   1328.18458939      34.57835530
   1329.43316729      34.54950174
   1330.76456841      34.51965202
   1332.03504688      34.48903469
   1333.23821247      34.45786828
   1334.66918398      34.42636905
   1335.93051638      34.39474496
   1337.04957417      34.36318566
   1338.23471085      34.33186565
   1339.38738019      34.30095211
   1340.53779940      34.27058735
   1341.71686391      34.24088795
   1342.81788192      34.21197433
   1343.93765478      34.18394946
   1345.08882025      34.15690088
   1346.20800660      34.13089223
   1347.32572405      34.10597544
   1348.48998998      34.08219484
   1349.62494943      34.05957245
   1350.74404928      34.03811757
   1351.83195739      34.01783521
   1353.00107048      33.99872494
   1354.23301369      33.98078533
   1355.43549587      33.96400380
   1356.65772256      33.94834400
   1357.85817154      33.93374316
   1359.04216118      33.92012062
   1360.23273390      33.90739312
   1361.43096820      33.89546127
   1362.61565873      33.88421637
   1363.76731856      33.87356258
   1364.91815179      33.86340038
   1366.08997486      33.85363636
   1367.30849481      33.84417784
   1368.46437983      33.83494172
   1369.71741828      33.82584677
   1370.91533499      33.81683377
   1372.07218935      33.80784866
   1373.26950016      33.79885096
   1374.45242311      33.78982338
   1375.66972513      33.78076289
   1376.87404720      33.77169912
   1378.07457323      33.76267468
   1379.27863395      33.75374506
   1380.42953617      33.74495604
   1381.66086546      33.73635353
   1382.86966038      33.72799615
   1384.08141530      33.71995172
   1385.28435214      33.71227328
   1386.52682572      33.70502121
   1387.78536448      33.69825956
   1389.05365522      33.69202511
   1390.33372734      33.68634788
   1391.58833866      33.68124818
   1392.85715258      33.67675019
   1394.03817797      33.67287007
   1395.20718330      33.66959480
   1396.43757680      33.66690093
   1397.62263077      33.66475956
   1398.86138581      33.66312779
   1400.00961680      33.66194998
   1401.24628382      33.66115276
   1402.51273607      33.66064502
   1403.74248681      33.66031707
   1404.96571970      33.66004861
   1406.19940498      33.65972037
   1407.40615725      33.65920762
   1408.63299620      33.65839166
   1409.82199227      33.65716208
   1411.00683451      33.65540974
   1412.20673668      33.65303710
   1413.45527440      33.64995548
   1414.71542857      33.64609553
   1415.91063246      33.64141032
   1417.16164764      33.63588212
   1418.38120546      33.62950207
   1419.58684850      33.62227988
   1420.82222338      33.61424789
   1422.07076157      33.60545501
   1423.29110252      33.59597060
   1424.58722754      33.58587233
   1425.76711156      33.57524815
   1426.98852251      33.56419262
   1428.18666040      33.55281485
   1429.38950791      33.54124613
   1430.60150245      33.52962594
   1431.79254069      33.51809885
   1433.02705399      33.50682734
   1434.26750477      33.49597018
   1435.50065174      33.48567682
   1436.70383292      33.47610345
   1437.90037148      33.46740368
   1439.13554597      33.45972567
   1440.30187156      33.45319773
   1441.50960924      33.44793556
   1442.75354651      33.44406087
   1444.05157712      33.44168823
   1445.20301718      33.44091561
   1446.37009188      33.44182654
   1447.55576970      33.44448451
   1448.72409069      33.44892343
   1449.87464081      33.45515345
   1451.05954969      33.46315712
   1452.29181523      33.47290198
   1453.47716033      33.48432824
   1454.62756205      33.49736081
   1455.83072575      33.51190515
   1457.03061610      33.52784685
   1458.23688725      33.54504945
   1459.43628136      33.56336064
   1460.63594769      33.58261665
   1461.84343772      33.60264128
   1463.07101348      33.62324559
   1464.32588001      33.64422376
   1465.57314498      33.66536742
   1466.81386988      33.68648032
   1468.03256187      33.70737783
   1469.26184188      33.72788617
   1470.45083700      33.74784772
   1471.66205267      33.76711617
   1472.93131085      33.78555566
   1474.18581583      33.80304474
   1475.42059332      33.81949103
   1476.61132578      33.83481571
   1477.81438834      33.84895658
   1479.01399560      33.86186243
   1480.24391034      33.87348835
   1481.47665605      33.88379873
   1482.76360994      33.89277612
   1483.97869066      33.90041465
   1485.17888774      33.90671446
   1486.35546108      33.91168930
   1487.57137503      33.91538220
   1488.83149753      33.91785381
   1490.06070571      33.91916836
   1491.22559550      33.91940006
   1492.40925052      33.91863087
   1493.61275923      33.91693545
   1494.83311814      33.91439290
   1496.01631614      33.91107744
   1497.23433465      33.90704628
   1498.46635442      33.90235664
   1499.74023621      33.89705385
   1500.98965442      33.89117381
   1502.17220400      33.88473326
   1503.39072348      33.87772990
   1504.54459752      33.87014415
   1505.75204265      33.86194753
   1507.00199491      33.85309987
   1508.18046581      33.84356197
   1509.38666087      33.83329650
   1510.65261735      33.82227601
   1511.85290990      33.81049104
   1513.03993941      33.79795305
   1514.18947483      33.78467505
   1515.35775658      33.77066763
   1516.51394928      33.75594350
   1517.74484186      33.74051140
   1518.91101622      33.72438377
   1520.09693933      33.70758521
   1521.30273645      33.69014533
   1522.48270743      33.67209288
   1523.73087368      33.65346117
   1524.98074465      33.63428754
   1526.13442539      33.61461575
   1527.31465679      33.59449473
   1528.56996569      33.57398525
   1529.81764183      33.55315825
   1530.98714955      33.53210384
   1532.17054086      33.51095132
   1533.40503809      33.48986144
   1534.59940687      33.46900012
   1535.81321672      33.44854699
   1537.01262595      33.42869914
   1538.24907603      33.40965295
   1539.42119402      33.39158862
   1540.67138496      33.37468251
   1541.92272624      33.35907148
   1543.15739834      33.34486883
   1544.40976993      33.33217337
   1545.65807135      33.32105933
   1546.82537006      33.31156934
   1548.03009764      33.30371513
   1549.32824782      33.29748654
   1550.51234616      33.29285525
   1551.68218472      33.28977650
   1552.88338044      33.28819779
   1554.06919249      33.28806521
   1555.27191098      33.28931210
   1556.48564711      33.29186996
   1557.69080194      33.29566026
   1558.87606811      33.30057989
   1560.12279902      33.30650598
   1561.32744721      33.31329794
   1562.49913275      33.32079760
   1563.68915156      33.32883102
   1564.88425383      33.33721242
   1566.08774316      33.34574271
   1567.25757037      33.35420435
   1568.50174396      33.36238222
   1569.68873613      33.37006008
   1570.89084731      33.37703097
   1572.17333072      33.38309065
   1573.40639356      33.38806005
   1574.63589618      33.39179586
   1575.84190550      33.39418924
   1577.09807598      33.39517897
   1578.34500822      33.39474489
   1579.56617625      33.39288256
   1580.81408350      33.38959986
   1582.06780961      33.38492366
   1583.30475405      33.37888515
   1584.55195380      33.37150006
   1585.72559786      33.36277311
   1586.97553642      33.35271260
   1588.21216893      33.34131938
   1589.42432558      33.32861019
   1590.67762728      33.31461892
   1591.89829669      33.29938119
   1593.08412670      33.28293662
   1594.33115630      33.26533798
   1595.53474914      33.24665993
   1596.81478345      33.22699587
   1598.03480443      33.20645535
   1599.31491956      33.18517869
   1600.59172779      33.16332420
   1601.77947237      33.14105709
   1603.02925780      33.11855756
   1604.27425657      33.09599552
   1605.49437634      33.07351888
   1606.69848526      33.05127093
   1607.91762245      33.02936309
   1609.13661124      33.00787861
   1610.40502108      32.98688313
   1611.63581583      32.96643400
   1612.80883793      32.94658101
   1614.04121217      32.92736847
   1615.24440186      32.90885019
   1616.46219682      32.89108564
   1617.71396724      32.87414291
   1618.91511286      32.85809423
   1620.11813950      32.84303872
   1621.30387357      32.82908278
   1622.51989905      32.81632954
   1623.77267662      32.80488397
   1625.07098323      32.79483032
   1626.30453617      32.78621808
   1627.58953769      32.77907284
   1628.87500898      32.77338617
   1630.16077613      32.76911902
   1631.39357572      32.76620132
   1632.66668100      32.76455467
   1633.89807031      32.76409685
   1635.11541628      32.76474332
   1636.37176825      32.76640928
   1637.58629459      32.76901490
   1638.77350039      32.77245451
   1639.97245023      32.77663827
   1641.17731393      32.78149168
   1642.37794535      32.78695294
   1643.59529936      32.79296385
   1644.84367166      32.79947763
   1646.04465612      32.80645638
   1647.22920109      32.81384205
   1648.44674320      32.82156267
   1649.64948485      32.82953002
   1650.90220665      32.83762136
   1652.08598928      32.84568682
   1653.28559087      32.85357107
   1654.50444732      32.86110190
   1655.70591432      32.86812371
   1656.89643269      32.87451763
   1658.16146662      32.88019672
   1659.35282861      32.88509146
   1660.51477872      32.88916195
   1661.72056166      32.89240976
   1662.96600516      32.89485449
   1664.17052716      32.89653045
   1665.37280517      32.89749344
   1666.62111698      32.89781539
   1667.83664149      32.89756180
   1669.00869473      32.89679676
   1670.26038528      32.89557605
   1671.46266991      32.89392854
   1672.68061279      32.89186384
   1673.88380768      32.88939508
   1675.04976322      32.88651685
   1676.25092207      32.88322713
   1677.45124156      32.87951950
   1678.67379341      32.87540067
   1679.90731185      32.87089052
   1681.10863943      32.86601066
   1682.30830246      32.86078567
   1683.56443985      32.85523860
   1684.79883831      32.84938044
   1686.06939429      32.84326613
   1687.31820047      32.83694257
   1688.50598191      32.83043822
   1689.73702431      32.82376325
   1690.97392291      32.81691751
   1692.30048916      32.80986967
   1693.57022610      32.80256740
   1694.73662306      32.79494674
   1695.99082273      32.78692405
   1697.25876893      32.77840105
   1698.49551818      32.76929051
   1699.74615668      32.75952949
   1701.00830340      32.74908753
   1702.19200144      32.73796978
   1703.34773050      32.72621685
   1704.49823525      32.71386723
   1705.66693952      32.70096896
   1706.85021173      32.68759313
   1708.03333790      32.67381325
   1709.25101707      32.65968583
   1710.43970688      32.64528279
   1711.65710295      32.63066922
   1712.80977277      32.61588517
   1713.99182515      32.60095795
   1715.16012912      32.58589915
   1716.34333374      32.57070418
   1717.51248464      32.55535676
   1718.66524189      32.53984156
   1719.84477664      32.52414930
   1721.06787105      32.50826338
   1722.27281131      32.49219025
   1723.45594693      32.47594205
   1724.65308382      32.45954811
   1725.82065996      32.44305276
   1726.97466161      32.42648977
   1728.21014897      32.40989917
   1729.38547413      32.39330899
   1730.56245534      32.37676216
   1731.71875484      32.36030858
   1732.86693574      32.34394639
   1734.06264438      32.32765371
   1735.22074456      32.31140308
   1736.41895854      32.29515359
   1737.62390400      32.27884833
   1738.79040777      32.26243336
   1739.99308373      32.24584405
   1741.22547214      32.22902018
   1742.47401223      32.21191912
   1743.69177364      32.19452343
   1744.87940620      32.17682811
   1746.08165019      32.15884573
   1747.31645415      32.14058074
   1748.51702081      32.12204257
   1749.71808798      32.10322665
   1750.93450337      32.08414455
   1752.15363962      32.06481789
   1753.32225032      32.04525337
   1754.48832826      32.02546545
   1755.62503450      32.00548001
   1756.79216307      31.98528476
   1757.93944222      31.96486095
   1759.09219332      31.94420987
   1760.22872705      31.92333811
   1761.37514178      31.90226568
   1762.52536344      31.88102505
   1763.69371987      31.85966271
   1764.84282143      31.83825647
   1765.99482343      31.81690528
   1767.13016003      31.79572959
   1768.35060070      31.77485397
   1769.53423020      31.75441914
   1770.69969233      31.73456901
   1771.93404210      31.71543099
   1773.09140405      31.69713167
   1774.28667599      31.67979620
   1775.49020549      31.66355386
   1776.65828308      31.64849048
   1777.85966974      31.63465783
   1779.01016362      31.62210954
   1780.15876373      31.61087723
   1781.29444865      31.60096374
   1782.44649129      31.59236967
   1783.64588020      31.58509327
   1784.86132578      31.57912184
   1785.99906847      31.57444350
   1787.20226998      31.57104094
   1788.36772454      31.56888455
   1789.53133259      31.56792986
   1790.70162864      31.56812623
   1791.87271821      31.56940001
   1793.00585525      31.57168784
   1794.15650179      31.57491348
   1795.35942870      31.57899169
   1796.57884332      31.58383365
   1797.72724682      31.58932853
   1798.86566015      31.59538177
   1800.02792219      31.60187267
   1801.18264552      31.60867121
   1802.32975878      31.61568673
   1803.55019897      31.62284526
   1804.72009897      31.63007517
   1805.91992221      31.63732281
   1807.09017572      31.64455959
   1808.22344509      31.65178535
   1809.39029624      31.65902684
   1810.53980661      31.66630938
   1811.67633703      31.67366601
   1812.84454411      31.68114578
   1814.03137560      31.68880591
   1815.18483846      31.69669745
   1816.33236006      31.70486603
   1817.48740855      31.71336042
   1818.65087859      31.72222825
   1819.80542517      31.73148768
   1821.10383576      31.74112756
   1822.30806709      31.75114230
   1823.52793589      31.76152562
   1824.79867384      31.77225263
   1826.11090232      31.78330631
   1827.36110271      31.79468251
   1828.56465820      31.80636435
   1829.80725892      31.81832423
   1831.00187960      31.83052712
   1832.22313789      31.84293166
   1833.45467040      31.85548310
   1834.65980679      31.86811405
   1835.89021353      31.88074916
   1837.16616254      31.89330832
   1838.33639431      31.90572059
   1839.54832836      31.91788800
   1840.73303212      31.92971315
   1841.93362998      31.94111481
   1843.11619515      31.95200744
   1844.30413209      31.96231239
   1845.49206429      31.97192924
   1846.68768408      31.98079234
   1847.89328128      31.98884908
   1849.19320944      31.99602449
   1850.37960234      32.00226324
   1851.62615744      32.00753371
   1852.88379539      32.01180858
   1854.11374369      32.01505224
   1855.28648931      32.01722050
   1856.50262302      32.01826215
   1857.73305575      32.01814129
   1858.92227584      32.01682560
   1860.09252557      32.01427547
   1861.33868981      32.01044169
   1862.57005501      32.00527992
   1863.77929608      31.99874240
   1864.99621198      31.99079107
   1866.21987589      31.98139219
   1867.43822618      31.97053589
   1868.58875173      31.95823975
   1869.76378197      31.94453039
   1870.96332542      31.92944713
   1872.15771877      31.91305033
   1873.35561516      31.89539548
   1874.56335095      31.87655424
   1875.78008819      31.85661700
   1876.96498573      31.83568002
   1878.16541155      31.81385127
   1879.38228066      31.79124290
   1880.55215041      31.76797990
   1881.75843857      31.74421389
   1882.95879209      31.72010933
   1884.17878377      31.69583501
   1885.36722971      31.67155639
   1886.70997741      31.64746213
   1888.32458693      31.62374789
   1889.61777180      31.60058473
   1890.96661436      31.57812725
   1892.22124175      31.55652434
   1893.48664480      31.53592761
   1894.70882328      31.51644863
   1895.98485028      31.49816876
   1897.19088795      31.48118241
   1898.46142125      31.46555480
   1899.64155812      31.45132597
   1900.84355587      31.43851880
   1902.09183035      31.42714489
   1903.27983440      31.41720924
   1904.52839528      31.40871528
   1905.69653288      31.40163798
   1906.88299336      31.39594359
   1908.13152116      31.39158519
   1909.38739957      31.38852317
   1910.61801993      31.38670632
   1911.85415808      31.38610119
   1913.05707602      31.38666456
   1914.24102028      31.38834181
   1915.45773153      31.39106429
   1916.70097548      31.39474904
   1917.93152116      31.39930396
   1919.13354302      31.40462076
   1920.30406308      31.41057904
   1921.50542233      31.41708681
   1922.75989234      31.42402480
   1923.99191211      31.43125385
   1925.15894474      31.43864781
   1926.35928455      31.44608496
   1927.59164319      31.45345933
   1928.81351731      31.46067164
   1930.04844415      31.46760878
   1931.31618759      31.47416160
   1932.58100129      31.48022958
   1933.84043755      31.48572345
   1935.04068378      31.49054768
   1936.21719899      31.49459528
   1937.43156512      31.49777158
   1938.62045910      31.49999319
   1939.86433541      31.50118630
   1941.10453192      31.50128556
   1942.29176749      31.50025578
   1943.50771452      31.49811241
   1944.69547375      31.49488076
   1945.94398501      31.49062434
   1947.17669244      31.48541037
   1948.34731743      31.47933081
   1949.54960395      31.47250137
   1950.75191741      31.46505678
   1952.00010256      31.45713492
   1953.20729862      31.44890069
   1954.42250884      31.44051700
   1955.58958873      31.43215176
   1956.78719067      31.42395086
   1957.94833781      31.41606089
   1959.11253852      31.40858412
   1960.29347127      31.40158606
   1961.45416612      31.39511476
   1962.64985680      31.38919582
   1963.83503223      31.38382123
   1965.02101395      31.37894980
   1966.23787502      31.37452418
   1967.45250345      31.37046757
   1968.65318402      31.36663908
   1969.87027714      31.36288853
   1971.07425752      31.35906348
   1972.37286755      31.35498712
   1973.60850993      31.35046139
   1974.83541931      31.34525800
   1976.11225637      31.33913296
   1977.33163034      31.33185986
   1978.56859274      31.32321172
   1979.76794856      31.31296770
   1981.01669660      31.30091099
   1982.23769165      31.28684607
   1983.42732007      31.27060302
   1984.67499291      31.25203624
   1985.89033877      31.23104534
   1987.04056705      31.20757581
   1988.24305254      31.18162281
   1989.42935611      31.15323222
   1990.63171872      31.12247501
   1991.88147248      31.08947159
   1993.19238000      31.05436685
   1994.43666560      31.01738147
   1995.64131803      30.97878749
   1996.87419277      30.93888899
   1998.07552271      30.89800733
   1999.31120574      30.85647877
   2000.59548604      30.81464070
   2001.79748095      30.77284039
   2002.98016901      30.73142754
   2004.20650179      30.69075798
   2005.40098399      30.65116169
   2006.58461302      30.61297590
   2007.78582103      30.57654818
   2009.04008687      30.54220033
   2010.26139384      30.51022941
   2011.44404503      30.48090716
   2012.64343819      30.45447659
   2013.86202904      30.43113736
   2015.11357213      30.41103965
   2016.33244560      30.39431489
   2017.56878556      30.38105777
   2018.75353281      30.37132264
   2019.97148042      30.36511379
   2021.22106972      30.36239531
   2022.42518527      30.36310586
   2023.68948334      30.36715347
   2024.95959695      30.37439195
   2026.17968883      30.38465170
   2027.38109486      30.39773061
   2028.58414040      30.41340428
   2029.73260440      30.43140997
   2030.93550532      30.45147021
   2032.09654470      30.47331440
   2033.34993383      30.49665506
   2034.57364832      30.52119140
   2035.80359661      30.54662652
   2036.97644999      30.57265476
   2038.25942681      30.59899079
   2039.45748199      30.62536544
   2040.71724011      30.65154471
   2041.91489073      30.67728676
   2043.13732490      30.70233699
   2044.42165482      30.72644541
   2045.70762236      30.74939060
   2046.89272832      30.77099151
   2048.08295556      30.79109737
   2049.30084551      30.80958806
   2050.50613409      30.82636617
   2051.70431924      30.84136576
   2052.91180407      30.85457067
   2054.11278475      30.86598477
   2055.38182128      30.87562179
   2056.58129951      30.88352663
   2057.78616604      30.88976380
   2059.01687903      30.89442098
   2060.19091773      30.89760543
   2061.42151398      30.89944029
   2062.62429675      30.90006360
   2063.84388859      30.89961250
   2065.04562830      30.89820542
   2066.24655935      30.89593490
   2067.47979564      30.89288518
   2068.64909210      30.88913063
   2069.80115838      30.88473405
   2071.05794752      30.87974362
   2072.32786311      30.87421314
   2073.61458495      30.86816948
   2074.81894153      30.86162509
   2076.06969015      30.85457024
   2077.33109014      30.84700079
   2078.57992419      30.83890616
   2079.79626869      30.83025558
   2080.94903019      30.82102719
   2082.13040862      30.81120782
   2083.38367960      30.80078145
   2084.64981473      30.78975652
   2085.89030522      30.77814647
   2087.07458552      30.76596590
   2088.30688555      30.75322124
   2089.50712611      30.73992879
   2090.67880315      30.72614062
   2091.87647456      30.71194698
   2093.06009887      30.69746728
   2094.28155236      30.68283069
   2095.53427416      30.66819567
   2096.73507713      30.65373356
   2097.96486710      30.63963646
   2099.22134147      30.62611231
   2100.43646757      30.61336465
   2101.64091442      30.60160028
   2102.87238832      30.59103446
   2104.09335170      30.58186814
   2105.34533244      30.57428753
   2106.57880740      30.56844239
   2107.78439467      30.56443383
   2109.00470821      30.56231449
   2110.25272038      30.56209037
   2111.45959790      30.56371127
   2112.66126907      30.56709739
   2113.90842723      30.57214416
   2115.08208500      30.57873003
   2116.28464610      30.58670810
   2117.48295272      30.59590431
   2118.71401261      30.60611929
   2120.10340331      30.61711376
   2121.33728661      30.62864042
   2122.52576422      30.64044569
   2124.24282804      30.65228072
   2125.75188999      30.66389362
   2127.14218859      30.67504398
   2128.52681012      30.68550640
   2129.78182269      30.69505903
   2131.25935875      30.70349149
   2132.44320141      30.71060583
   2133.64401904      30.71620154
   2134.83923616      30.72008910
   2136.04683583      30.72210560
   2137.24709057      30.72212549
   2138.52897471      30.72009038
   2139.70279080      30.71597427
   2140.95425686      30.70978172
   2142.15176050      30.70153548
   2143.43549587      30.69129089
   2144.66275876      30.67911175
   2146.57610167      30.66509803
   2148.13804327      30.64937588
   2149.81452398      30.63207945
   2151.43899985      30.61336365
   2152.68028858      30.59340638
   2153.96260138      30.57238430
   2155.31951339      30.55046717
   2156.64813364      30.52780559
   2157.78081460      30.50454974
   2159.13254343      30.48085882
   2160.37942227      30.45689557
   2161.72675152      30.43282649
   2163.04236961      30.40884221
   2164.25323412      30.38514385
   2165.43542450      30.36194550
   2166.58357516      30.33944425
   2167.72679453      30.31783405
   2168.98511730      30.29729711
   2170.13797994      30.27801435
   2171.30267974      30.26016828
   2172.47228104      30.24393467
   2173.69682685      30.22946284
   2174.87624298      30.21687336
   2176.06146284      30.20625691
   2177.26184046      30.19766970
   2178.46617814      30.19112588
   2179.66909607      30.18659757
   2180.86744617      30.18401354
   2182.10126141      30.18327639
   2183.28687827      30.18428100
   2184.45121841      30.18692910
   2185.67085326      30.19110629
   2186.85940176      30.19670356
   2188.07317712      30.20356189
   2189.41787814      30.21151193
   2190.59960442      30.22037275
   2191.80053358      30.22996572
   2193.19860673      30.24011047
   2194.41629062      30.25064154
   2195.72662202      30.26139114
   2196.95334991      30.27219467
   2198.15588644      30.28290151
   2199.63385636      30.29336149
   2200.96372195      30.30341114
   2202.15301907      30.31288082
   2203.71001191      30.32162221
   2205.01740316      30.32951518
   2206.27730826      30.33645575
   2207.55667760      30.34235710
   2208.73152116      30.34717032
   2209.86459346      30.35087495
   2211.01519510      30.35346198
   2212.15569172      30.35493356
   2213.31211127      30.35528011
   2214.46037346      30.35451893
   2215.58135528      30.35267835
   2216.77878093      30.34980183
   2217.96308581      30.34592643
   2219.13084958      30.34110077
   2220.26542857      30.33535288
   2221.46773068      30.32871224
   2222.71427444      30.32121016
   2223.88896109      30.31287724
   2225.08538244      30.30373366
   2226.29243908      30.29380173
   2227.55566006      30.28311891
   2228.73661786      30.27174300
   2229.92418899      30.25975437
   2231.14748332      30.24723826
   2232.34705465      30.23426733
   2233.54632966      30.22093098
   2234.74401242      30.20729070
   2235.94762321      30.19342257
   2237.23143467      30.17939970
   2238.43262614      30.16529773
   2239.58577377      30.15118075
   2240.80739787      30.13711325
   2242.00388774      30.12315545
   2243.16265006      30.10935927
   2244.39101272      30.09575761
   2245.60875900      30.08236690
   2246.84145178      30.06918845
   2248.00994102      30.05622753
   2249.16617294      30.04349889
   2250.39410883      30.03100853
   2251.61424372      30.01875644
   2252.81511050      30.00674578
   2254.01460480      29.99499915
   2255.20890032      29.98351597
   2256.40976520      29.97228480
   2257.64480264      29.96130120
   2258.84250147      29.95055102
   2260.06453391      29.94005514
   2261.26532507      29.92983287
   2262.67907963      29.91990880
   2263.88165161      29.91030897
   2265.29294572      29.90107629
   2266.73149328      29.89224021
   2268.12386808      29.88385337
   2269.41167458      29.87597399
   2270.99092387      29.86865727
   2272.18227735      29.86195998
   2273.50180445      29.85595337
   2275.30675558      29.85072123
   2276.68526996      29.84634610
   2278.02670993      29.84290692
   2279.71834414      29.84045719
   2280.87676333      29.83903781
   2282.03997060      29.83866724
   2283.17749163      29.83932873
   2284.73433229      29.84100083
   2286.05333100      29.84365523
   2287.45842675      29.84725459
   2288.94580411      29.85173842
   2290.27063869      29.85704078
   2291.45320387      29.86306957
   2292.87319555      29.86970135
   2294.20588313      29.87678694
   2295.64128070      29.88416374
   2296.85776934      29.89164994
   2298.01345823      29.89906722
   2299.16052848      29.90622261
   2300.31556610      29.91292161
   2301.51498998      29.91896512
   2302.66039284      29.92416050
   2303.78583804      29.92833611
   2305.01954553      29.93130102
   2306.18298108      29.93289360
   2307.43312192      29.93298185
   2308.61955546      29.93144047
   2309.79066629      29.92819581
   2310.98926026      29.92319308
   2312.14666522      29.91641213
   2313.34331720      29.90785967
   2314.52841844      29.89758405
   2315.70217687      29.88565749
   2316.92758852      29.87218998
   2318.09862469      29.85729837
   2319.33573123      29.84111968
   2320.53340738      29.82382326
   2321.78051449      29.80560761
   2323.00170945      29.78668112
   2324.15147882      29.76725906
   2325.30092680      29.74755810
   2326.50238860      29.72778620
   2327.74114269      29.70816519
   2328.94186485      29.68890116
   2330.19277889      29.67020681
   2331.44616283      29.65229967
   2332.71314252      29.63538912
   2333.90461510      29.61964923
   2335.11651795      29.60521087
   2336.31551789      29.59218445
   2337.62136700      29.58062833
   2338.88687544      29.57056524
   2340.16293788      29.56198046
   2341.44047489      29.55482793
   2342.71329092      29.54903084
   2343.98733198      29.54449209
   2345.24741621      29.54107437
   2346.50373934      29.53862335
   2347.78890013      29.53694667
   2349.06744806      29.53584066
   2350.34470244      29.53509307
   2351.60304979      29.53445246
   2352.88377649      29.53368284
   2354.16453438      29.53254494
   2355.43611216      29.53080704
   2356.72018215      29.52827107
   2358.02250695      29.52474121
   2359.34702913      29.52003712
   2360.64381203      29.51399375
   2361.88824744      29.50647250
   2363.12702233      29.49734294
   2364.37082018      29.48651023
   2365.57033716      29.47391217
   2366.79294005      29.45954504
   2367.99436310      29.44345245
   2369.20028073      29.42572151
   2370.38174424      29.40647151
   2371.63275706      29.38586434
   2372.80260743      29.36409109
   2374.00818052      29.34138131
   2375.20535569      29.31800204
   2376.45802598      29.29422272
   2377.67998658      29.27034414
   2378.88173337      29.24667238
   2380.08084201      29.22350750
   2381.30138146      29.20113626
   2382.52303533      29.17984630
   2383.75119383      29.15993037
   2384.92218415      29.14164335
   2386.12396970      29.12523067
   2387.32188498      29.11091016
   2388.50870985      29.09888148
   2389.72150973      29.08930811
   2390.97282738      29.08231391
   2392.17222669      29.07797354
   2393.39466038      29.07632274
   2394.66670511      29.07733951
   2395.93267199      29.08097548
   2397.15339150      29.08713399
   2398.41935838      29.09566371
   2399.60474129      29.10639987
   2400.84728576      29.11914496
   2402.01915468      29.13367801
   2403.20374785      29.14974542
   2404.42459591      29.16706431
   2405.66377536      29.18534145
   2406.89533386      29.20428467
   2408.09793278      29.22361091
   2409.37766839      29.24305142
   2410.64617181      29.26237251
   2411.82392574      29.28135592
   2413.01772927      29.29980484
   2414.20266887      29.31753992
   2415.38538717      29.33441042
   2416.55985358      29.35027002
   2417.78690379      29.36499958
   2418.99056421      29.37850313
   2420.16482220      29.39072561
   2421.36060552      29.40163326
   2422.59948768      29.41119919
   2423.81831295      29.41943628
   2425.06711723      29.42637442
   2426.25145897      29.43206810
   2427.46706808      29.43658983
   2428.65269202      29.44003859
   2429.85515247      29.44253251
   2431.09513441      29.44418016
   2432.27290631      29.44511740
   2433.55700890      29.44547554
   2434.76023971      29.44538700
   2435.99392168      29.44496436
   2437.21205031      29.44431274
   2438.36560438      29.44352339
   2439.56457408      29.44267196
   2440.74637267      29.44181367
   2441.94608248      29.44099843
   2443.18470944      29.44025241
   2444.35172978      29.43959650
   2445.55195191      29.43905486
   2446.77070061      29.43863909
   2448.02127106      29.43835290
   2449.22413180      29.43818870
   2450.37657240      29.43814408
   2451.56075959      29.43822274
   2452.78091810      29.43843270
   2453.93368433      29.43876738
   2455.17589844      29.43920733
   2456.40857563      29.43972193
   2457.60836295      29.44026085
   2458.80890599      29.44076172
   2460.01033282      29.44115161
   2461.24258654      29.44134183
   2462.44681976      29.44122569
   2463.66579485      29.44071839
   2464.91869435      29.43973809
   2466.11978231      29.43821073
   2467.28714199      29.43604705
   2468.47603409      29.43315594
   2469.68994697      29.42947820
   2470.87456330      29.42496520
   2472.06012817      29.41958203
   2473.23313231      29.41329866
   2474.44581545      29.40611652
   2475.58264646      29.39804577
   2476.80359898      29.38907968
   2478.04979347      29.37923228
   2479.25155774      29.36851156
   2480.45765355      29.35692812
   2481.69011664      29.34448467
   2482.90851513      29.33119665
   2484.05550031      29.31708496
   2485.24366647      29.30216990
   2486.46212214      29.28648064
   2487.66078795      29.27007426
   2488.84512780      29.25301725
   2490.04586933      29.23539130
   2491.24825179      29.21726690
   2492.41546165      29.19871671
   2493.63502089      29.17981268
   2494.85173498      29.16062532
   2496.07078284      29.14122629
   2497.27259155      29.12167307
   2498.50347373      29.10200815
   2499.70575505      29.08224698
   2500.88155756      29.06239784
   2502.06173460      29.04246832
   2503.23325945      29.02245500
   2504.43600771      29.00234627
   2505.63812031      28.98213128
   2506.86968495      28.96180057
   2508.04205248      28.94135102
   2509.23708055      28.92078662
   2510.44160349      28.90011251
   2511.64060627      28.87933758
   2512.87676239      28.85847025
   2514.09239229      28.83753040
   2515.29775460      28.81655452
   2516.49994754      28.79557663
   2517.68245222      28.77463207
   2518.85348177      28.75374714
   2520.10281727      28.73295519
   2521.26127616      28.71226735
   2522.45710201      28.69167964
   2523.69296463      28.67120763
   2524.95382772      28.65086906
   2526.20227234      28.63067724
   2527.50314243      28.61064474
   2528.73782540      28.59079847
   2530.12241337      28.57116702
   2531.86376732      28.55178614
   2533.25243728      28.53270577
   2534.69781368      28.51398867
   2536.00607643      28.49567706
   2537.41791737      28.47780395
   2538.62821048      28.46038509
   2540.04255345      28.44345281
   2541.43624733      28.42703841
   2542.69428465      28.41117409
   2543.91649952      28.39589117
   2545.15635291      28.38120566
   2546.35816067      28.36714846
   2547.56766310      28.35374760
   2548.92012212      28.34104399
   2550.20909787      28.32909812
   2551.47817835      28.31796607
   2552.69665340      28.30770718
   2554.00010776      28.29837967
   2555.25030200      28.29003560
   2556.44872535      28.28272088
   2557.66629677      28.27647541
   2558.88659329      28.27135183
   2560.08538433      28.26738904
   2561.30885920      28.26460792
   2562.46917925      28.26301705
   2563.70934505      28.26261415
   2564.89261726      28.26339864
   2566.09348923      28.26534678
   2567.26966652      28.26841553
   2568.46356599      28.27256454
   2569.68006550      28.27774075
   2570.86706997      28.28389239
   2572.06679632      28.29097112
   2573.31957909      28.29892059
   2574.55357534      28.30766627
   2575.75373036      28.31714153
   2576.97310575      28.32728214
   2578.17154186      28.33802373
   2579.40820651      28.34929695
   2580.63027157      28.36101341
   2581.93106745      28.37308614
   2583.13623740      28.38541045
   2584.38536590      28.39788737
   2585.58301085      28.41042393
   2586.78755742      28.42294061
   2587.98622701      28.43536861
   2589.19014642      28.44763929
   2590.39232518      28.45968170
   2591.59128826      28.47142018
   2592.77895816      28.48280625
   2593.94830992      28.49378240
   2595.13054521      28.50430775
   2596.38329064      28.51434624
   2597.59950328      28.52384480
   2598.79942010      28.53274882
   2599.98460310      28.54100636
   2601.17389030      28.54857924
   2602.38882829      28.55543814
   2603.61983525      28.56156261
   2604.84510653      28.56694321
   2606.06558926      28.57155476
   2607.32786217      28.57536666
   2608.53237755      28.57836088
   2609.73710229      28.58053729
   2610.93881978      28.58191534
   2612.14345851      28.58249001
   2613.32700909      28.58227605
   2614.54853914      28.58130019
   2615.77331607      28.57959218
   2616.99417689      28.57719666
   2618.14423077      28.57415881
   2619.33542403      28.57053456
   2620.55256300      28.56638798
   2621.79942861      28.56179445
   2622.98383793      28.55681519
   2624.16622162      28.55150667
   2625.45400495      28.54591683
   2626.66041222      28.54009715
   2627.84671295      28.53412128
   2629.04292304      28.52805431
   2630.24734295      28.52196975
   2631.44440138      28.51594096
   2632.69807834      28.51004247
   2633.89931376      28.50435023
   2635.11853933      28.49891657
   2636.30140840      28.49379027
   2637.46999310      28.48901853
   2638.70145282      28.48465813
   2639.89409466      28.48074869
   2641.08531344      28.47733254
   2642.29937662      28.47443829
   2643.51977286      28.47208939
   2644.73309970      28.47031531
   2645.99042432      28.46914937
   2647.17421073      28.46862290
   2648.44562452      28.46875162
   2649.64596716      28.46953897
   2650.84797862      28.47097637
   2652.04740723      28.47304137
   2653.25443834      28.47570864
   2654.45122077      28.47896031
   2655.67224843      28.48277478
   2656.90191032      28.48711702
   2658.15559247      28.49193338
   2659.34033546      28.49718153
   2660.56018111      28.50280942
   2661.75937482      28.50876240
   2662.96148458      28.51498370
   2664.16481086      28.52140594
   2665.34703906      28.52796249
   2666.57190436      28.53457639
   2667.84808921      28.54116011
   2669.05064607      28.54761797
   2670.25360843      28.55385872
   2671.47295073      28.55979396
   2672.66622587      28.56533961
   2673.90652873      28.57041185
   2675.15525786      28.57491813
   2676.37248332      28.57876779
   2677.58019642      28.58186800
   2678.76214625      28.58413980
   2679.91581375      28.58546765
   2681.13331285      28.58576399
   2682.38396365      28.58494160
   2683.53827675      28.58291279
   2684.74011003      28.57959004
   2685.92129752      28.57488595
   2687.15930582      28.56871314
   2688.36514264      28.56098407
   2689.58281282      28.55161123
   2690.78571564      28.54050720
   2691.98876070      28.52758433
   2693.24161578      28.51275551
   2694.42627748      28.49593293
   2695.62741082      28.47702919
   2696.81409484      28.45595676
   2698.04626680      28.43262840
   2699.26619988      28.40695643
   2700.46605762      28.37885347
