      0.21307163      27.36584529
      1.47691882      27.42914384
      2.63835851      27.48795430
      3.81029879      27.54248243
      4.99130575      27.59293353
      6.17609033      27.63951362
      7.33110195      27.68242802
      8.51220202      27.72188260
      9.70307106      27.75808296
     10.88163837      27.79123469
     12.04075656      27.82154325
     13.18977541      27.84921464
     14.35903690      27.87445421
     15.53071488      27.89746780
     16.69871732      27.91846102
     17.84795121      27.93763933
     19.00684916      27.95520846
     20.16397953      27.97137428
     21.33370276      27.98634198
     22.50042394      28.00031770
     23.67500803      28.01385475
     24.83134582      28.02698047
     26.01449042      28.03991318
     27.19408662      28.05286389
     28.37663478      28.06603725
     29.53572556      28.07961639
     30.69639630      28.09377890
     31.87675435      28.10868623
     33.04079768      28.12447903
     34.21561289      28.14127504
     35.37977248      28.15917158
     36.54144753      28.17825758
     37.71130830      28.19860504
     38.86927283      28.22027515
     40.05026325      28.24331568
     41.22928238      28.26775857
     42.41709501      28.29361776
     43.59168384      28.32088880
     44.75630187      28.34954811
     45.93923947      28.37955390
     47.10793145      28.41085715
     48.28253162      28.44339777
     49.44536552      28.47709915
     50.61467285      28.51187035
     51.76270488      28.54760780
     52.91087963      28.58419445
     54.06937917      28.62151239
     55.22564938      28.65945132
     56.39501153      28.69790444
     57.57256839      28.73677417
     58.72384162      28.77596631
     59.89047394      28.81539314
     61.06850530      28.85498388
     62.25542091      28.89466585
     63.44005095      28.93436866
     64.61537044      28.97403263
     65.78998006      29.01359643
     66.95730476      29.05301799
     68.12627228      29.09226237
     69.29820453      29.13129262
     70.45927226      29.17007113
     71.62087642      29.20854997
     72.79334509      29.24667311
     73.97336900      29.28437152
     75.13737121      29.32159025
     76.30020795      29.35825486
     77.47248332      29.39429428
     78.65790593      29.42964558
     79.83503460      29.46426315
     81.00135783      29.49811870
     82.15815216      29.53117325
     83.31018961      29.56338429
     84.46327155      29.59470310
     85.64401762      29.62506310
     86.81393416      29.65438726
     87.98101499      29.68259072
     89.16341428      29.70958658
     90.34398832      29.73528674
     91.54758115      29.75959685
     92.71060930      29.78243544
     93.88468202      29.80370992
     95.04149574      29.82333272
     96.22008951      29.84121951
     97.36537138      29.85729979
     98.54397178      29.87153322
     99.72706344      29.88388203
    100.89957984      29.89432186
    102.07056260      29.90284730
    103.22517487      29.90947702
    104.38710796      29.91425677
    105.55043623      29.91725086
    106.72436575      29.91854088
    107.88229815      29.91822944
    109.07661871      29.91643930
    110.25662278      29.91331122
    111.41450271      29.90900884
    112.57019491      29.90370163
    113.75058274      29.89756187
    114.92278579      29.89078732
    116.10375636      29.88359170
    117.26968070      29.87620903
    118.44453230      29.86889416
    119.59876127      29.86192403
    120.75714124      29.85558599
    121.92281604      29.85020000
    123.10430837      29.84609090
    124.25784969      29.84357853
    125.44570344      29.84296688
    126.61435478      29.84453289
    127.78156370      29.84854196
    129.03260582      29.85524748
    130.28034293      29.86487209
    131.45532450      29.87763047
    132.60951283      29.89371441
    133.78178819      29.91329376
    134.95031429      29.93649955
    136.13040343      29.96342192
    137.27607048      29.99411663
    138.44984782      30.02859276
    139.61136548      30.06681823
    140.77177014      30.10872792
    141.94544587      30.15423049
    143.09821162      30.20319694
    144.27115810      30.25544847
    145.43989120      30.31079736
    146.59599836      30.36903069
    147.76583975      30.42991784
    148.93698083      30.49319920
    150.11335851      30.55858917
    151.27796850      30.62579176
    152.45313108      30.69448861
    153.62889578      30.76436179
    154.80948967      30.83509891
    155.97868499      30.90638231
    157.14214133      30.97790798
    158.32233019      31.04938465
    159.48135953      31.12055015
    160.63396176      31.19115368
    161.78692223      31.26096244
    162.95041827      31.32976689
    164.13038547      31.39738311
    165.29758871      31.46366139
    166.48992665      31.52847139
    167.67541354      31.59169048
    168.85775847      31.65321824
    170.03939637      31.71298523
    171.21780630      31.77095423
    172.39323119      31.82711210
    173.57426650      31.88146684
    174.74754901      31.93404037
    175.92651946      31.98487411
    177.10110640      32.03401882
    178.25750232      32.08152741
    179.42265062      32.12744794
    180.60451632      32.17183319
    181.75547432      32.21474854
    182.93595053      32.25626680
    184.10727404      32.29646622
    185.28965868      32.33544003
    186.48541316      32.37328232
    187.66423379      32.41008634
    188.83814441      32.44595901
    190.00684821      32.48102188
    191.16948126      32.51538621
    192.34469346      32.54917070
    193.51066223      32.58249161
    194.67470745      32.61546955
    195.86117360      32.64822673
    197.03706354      32.68088118
    198.20602917      32.71356270
    199.39153260      32.74639284
    200.57498582      32.77947730
    201.79199907      32.81292422
    202.98124232      32.84681943
    204.19278645      32.88124304
    205.39405448      32.91625881
    206.60521438      32.95192102
    207.77978335      32.98827229
    208.93682203      33.02534727
    210.10773721      33.06317034
    211.28358130      33.10173973
    212.45966548      33.14104976
    213.61961973      33.18108837
    214.78706118      33.22183879
    215.95360181      33.26326813
    217.12154328      33.30532008
    218.30043528      33.34793468
    219.46638751      33.39103533
    220.64571573      33.43453038
    221.81833752      33.47833078
    222.99122020      33.52233123
    224.17488326      33.56643062
    225.35357345      33.61054531
    226.50552820      33.65460599
    227.66157958      33.69854635
    228.83858914      33.74231156
    229.97325415      33.78586238
    231.14627106      33.82916875
    232.30287634      33.87221363
    233.47653175      33.91499634
    234.64938276      33.95751822
    235.81541486      33.99979377
    236.98432756      34.04185506
    238.17961510      34.08374256
    239.35416990      34.12550296
    240.53645386      34.16718825
    241.73530304      34.20886244
    242.93247490      34.25059821
    244.13942615      34.29245796
    245.32430998      34.33450707
    246.50161446      34.37680901
    247.66540447      34.41941765
    248.84982891      34.46239648
    250.03842798      34.50580802
    251.20851182      34.54971400
    252.37921621      34.59417356
    253.54085818      34.63924652
    254.71863244      34.68498297
    255.88715475      34.73142528
    257.07717026      34.77862243
    258.27033622      34.82661043
    259.44612076      34.87542583
    260.60176570      34.92509001
    261.78135055      34.97561177
    262.95510284      35.02699016
    264.13890202      35.07920339
    265.30755194      35.13223102
    266.47961179      35.18605762
    267.63624591      35.24064814
    268.79753625      35.29597876
    269.97287984      35.35201780
    271.13855653      35.40871761
    272.31297096      35.46601581
    273.48835236      35.52384188
    274.66786160      35.58211013
    275.90162816      35.64071798
    277.13313042      35.69955187
    278.28942993      35.75849498
    279.46267227      35.81741914
    280.62078426      35.87619983
    281.81174310      35.93470373
    282.97955224      35.99279549
    284.14147872      36.05033895
    285.36367611      36.10720037
    286.52598021      36.16325335
    287.71723396      36.21836402
    288.88629459      36.27240001
    290.06328714      36.32524411
    291.23256423      36.37678153
    292.39738596      36.42692147
    293.57343942      36.47559610
    294.75122171      36.52275116
    295.92085846      36.56834699
    297.09027355      36.61235664
    298.27289875      36.65477133
    299.42966284      36.69560066
    300.60126850      36.73487901
    301.76084088      36.77266432
    302.92608891      36.80902520
    304.08455205      36.84405342
    305.26519557      36.87784211
    306.44388576      36.91048817
    307.61108853      36.94210137
    308.76932482      36.97280732
    309.93851258      37.00274759
    311.10770507      37.03205862
    312.28025408      37.06086940
    313.45304223      37.08931716
    314.61265762      37.11751575
    315.76860550      37.14557425
    316.93578889      37.17359702
    318.10793523      37.20168232
    319.28446226      37.22991934
    320.44996503      37.25838592
    321.62961888      37.28715934
    322.77464932      37.31630849
    323.94207375      37.34589171
    325.10914797      37.37596409
    326.26789515      37.40656636
    327.43805320      37.43773791
    328.61274741      37.46950623
    329.77930601      37.50188808
    330.94060769      37.53489620
    332.11539549      37.56853803
    333.27092179      37.60282955
    334.43050835      37.63778481
    335.61444931      37.67341697
    336.80003119      37.70975010
    337.98844216      37.74679829
    339.13010757      37.78457196
    340.28476520      37.82308125
    341.44760572      37.86233984
    342.61381553      37.90237399
    343.77739758      37.94321388
    344.95596206      37.98489010
    346.17041042      38.02743188
    347.37358735      38.07086345
    348.56853130      38.11520580
    349.74714870      38.16046311
    350.91308061      38.20663661
    352.07960329      38.25373374
    353.24145746      38.30174922
    354.41526599      38.35066437
    355.56987731      38.40044860
    356.76587377      38.45107147
    357.93980093      38.50249763
    359.09510038      38.55467946
    360.27156455      38.60758108
    361.45341371      38.66115932
    362.62617918      38.71536666
    363.79054247      38.77014694
    364.96833658      38.82543993
    366.14061856      38.88119392
    367.31989338      38.93734706
    368.50583681      38.99383939
    369.68708150      39.05060959
    370.85819045      39.10759296
    372.03566601      39.16472766
    373.20855861      39.22194181
    374.37434212      39.27917030
    375.53243662      39.33635914
    376.69481303      39.39345459
    377.87540929      39.45040521
    379.05453759      39.50715619
    380.22122899      39.56365772
    381.38577424      39.61985904
    382.55233142      39.67570195
    383.72575619      39.73113774
    384.91735779      39.78612822
    386.07195540      39.84063942
    387.25248785      39.89464360
    388.41357213      39.94810733
    389.57848838      40.00100422
    390.76485576      40.05330935
    391.94342165      40.10500040
    393.12560353      40.15605868
    394.28257321      40.20646702
    395.45432066      40.25622107
    396.62622266      40.30532070
    397.79715579      40.35376281
    398.97792644      40.40155929
    400.15821219      40.44873492
    401.32589088      40.49532489
    402.50975575      40.54136710
    403.69250855      40.58690242
    404.84229588      40.63197809
    406.01481322      40.67663391
    407.18882120      40.72091643
    408.34665671      40.76487614
    409.51609070      40.80857368
    410.67397631      40.85207306
    411.83029000      40.89542857
    413.00018290      40.93869962
    414.16907953      40.98194211
    415.36000766      41.02520260
    416.52725060      41.06851777
    417.69984924      41.11191307
    418.86664934      41.15542193
    420.04413766      41.19906628
    421.19997353      41.24285233
    422.38395089      41.28678172
    423.57144781      41.33084687
    424.74008781      41.37503316
    425.90664074      41.41931121
    427.06814848      41.46364625
    428.22410014      41.50800470
    429.38562348      41.55235084
    430.54324773      41.59663755
    431.74512874      41.64081937
    432.93715759      41.68485258
    434.10295811      41.72870076
    435.28776585      41.77232169
    436.46488128      41.81567963
    437.63911375      41.85873926
    438.82514698      41.90146242
    440.00236497      41.94381132
    441.19188754      41.98574836
    442.36404380      42.02724740
    443.53662590      42.06828910
    444.70568605      42.10885382
    445.86589693      42.14892262
    447.02363556      42.18847425
    448.19470291      42.22748961
    449.37296728      42.26595884
    450.55280120      42.30388207
    451.73048944      42.34127229
    452.89386591      42.37815224
    454.08012884      42.41454371
    455.24558340      42.45046808
    456.39694028      42.48594648
    457.56930261      42.52100773
    458.76722593      42.55567592
    459.93475197      42.58997041
    461.10862478      42.62391393
    462.27454392      42.65753018
    463.47406611      42.69084974
    464.65763276      42.72388832
    465.82751385      42.75666242
    466.97410486      42.78919113
    468.13689292      42.82148880
    469.29879341      42.85357193
    470.46040182      42.88545597
    471.63588389      42.91716351
    472.80340284      42.94872433
    473.95698527      42.98017579
    475.12467484      43.01155809
    476.29597283      43.04292319
    477.48043745      43.07432755
    478.72588852      43.10582408
    479.90183895      43.13745988
    481.09141823      43.16928328
    482.26519226      43.20133475
    483.44259977      43.23364879
    484.60272700      43.26626670
    485.77653364      43.29923706
    486.92588710      43.33261360
    488.08475764      43.36643910
    489.24511078      43.40075728
    490.40234749      43.43560738
    491.56655481      43.47102636
    492.75381638      43.50705279
    493.92512855      43.54372200
    495.08159678      43.58106281
    496.24682165      43.61909540
    497.40242878      43.65783005
    498.58063879      43.69726054
    499.75548850      43.73738023
    500.90944997      43.77817532
    502.08083540      43.81962482
    503.24195465      43.86169139
    504.40071790      43.90432738
    505.61172089      43.94747350
    506.82876675      43.99105707
    507.97387895      44.03500216
    509.13910099      44.07922594
    510.31670274      44.12364950
    511.47193083      44.16819365
    512.64078539      44.21278301
    513.82792597      44.25735626
    514.99159640      44.30185223
    516.16281500      44.34621948
    517.33443863      44.39042323
    518.52648449      44.43444100
    519.70378330      44.47825399
    520.87537006      44.52185299
    522.04534425      44.56523110
    523.21443985      44.60838359
    524.39817239      44.65132073
    525.56417094      44.69406824
    526.72781632      44.73666727
    527.89587075      44.77916859
    529.10275772      44.82163999
    530.29530881      44.86415010
    531.46549379      44.90677038
    532.62891846      44.94956662
    533.78892896      44.99261312
    534.94604467      45.03597526
    536.12375513      45.07972383
    537.34965026      45.12392257
    538.54545721      45.16862021
    539.72294648      45.21386371
    540.97144781      45.25969491
    542.15031996      45.30614682
    543.32758190      45.35324138
    544.49959639      45.40099022
    545.67485680      45.44938441
    546.84494206      45.49839945
    548.01334291      45.54798350
    549.18783674      45.59807065
    550.35410562      45.64857644
    551.52648827      45.69940571
    552.71107672      45.75045709
    553.87102624      45.80161229
    555.02448910      45.85274177
    556.19700078      45.90370315
    557.35852837      45.95434780
    558.52476558      46.00451873
    559.70306964      46.05405067
    560.89130480      46.10278649
    562.05464771      46.15057620
    563.21687147      46.19727107
    564.37506286      46.24272856
    565.55014273      46.28682186
    566.72622739      46.32944621
    567.90726695      46.37052201
    569.12241526      46.41000123
    570.54093238      46.44785543
    571.87889247      46.48406877
    573.12910893      46.51863965
    574.39030143      46.55159228
    575.61209993      46.58297173
    576.87535115      46.61286111
    578.09285404      46.64136748
    579.37536344      46.66862471
    580.66253001      46.69478546
    581.93851873      46.72003558
    583.20507968      46.74456767
    584.50662987      46.76858827
    585.79984593      46.79233207
    587.05208377      46.81603649
    588.32869492      46.83993270
    589.63811180      46.86424038
    590.93858773      46.88916796
    592.18594202      46.91491765
    593.53455205      46.94167206
    594.85945564      46.96958817
    596.20155066      46.99880323
    597.50940554      47.02941606
    598.82284203      47.06149433
    600.12364359      47.09506916
    601.41393652      47.13013203
    602.71849632      47.16664762
    603.97019916      47.20454174
    605.25387876      47.24371561
    606.56204605      47.28404820
    607.90059833      47.32540865
    609.21709407      47.36765022
    610.53088171      47.41061281
    611.84458334      47.45413371
    613.13430677      47.49805025
    614.42999178      47.54220188
    615.77695238      47.58642905
    617.11138344      47.63056241
    618.43075600      47.67443712
    619.74190266      47.71788670
    621.04804289      47.76074885
    622.35168582      47.80289135
    623.66355039      47.84420794
    625.00133467      47.88462324
    626.32005596      47.92409068
    627.61871893      47.96257466
    628.89006276      48.00006477
    630.12929608      48.03658550
    631.36545078      48.07219045
    632.60399928      48.10694025
    633.85821502      48.14092641
    635.12638902      48.17426059
    636.33683385      48.20705080
    637.56796227      48.23941465
    638.81841551      48.27148209
    640.04933503      48.30340145
    641.26954884      48.33532623
    642.47844301      48.36739611
    643.79604514      48.39974115
    644.99254164      48.43247437
    646.19733775      48.46569052
    647.41068350      48.49948544
    648.66956396      48.53394546
    649.91130688      48.56914612
    651.12957540      48.60514331
    652.38669868      48.64196858
    653.59659054      48.67965156
    654.85403236      48.71820971
    656.06832382      48.75764575
    657.32438465      48.79793219
    658.57632994      48.83903507
    659.78381714      48.88090037
    661.00130017      48.92344418
    662.24867100      48.96655768
    663.48326417      49.01010159
    664.71497013      49.05392311
    665.95085355      49.09786360
    667.19201467      49.14174833
    668.42588474      49.18540486
    669.63449156      49.22868105
    670.88324669      49.27142206
    672.09379974      49.31348931
    673.29932274      49.35474499
    674.49186107      49.39506798
    675.72326691      49.43436596
    676.92995728      49.47257112
    678.18375570      49.50962838
    679.37357223      49.54550064
    680.60884360      49.58018751
    681.84714634      49.61371132
    683.08041288      49.64612078
    684.29692610      49.67750335
    685.51480046      49.70796797
    686.78851494      49.73764336
    688.02190389      49.76665933
    689.23218235      49.79515433
    690.45480037      49.82328389
    691.68794591      49.85121232
    692.92265960      49.87911422
    694.17634365      49.90717556
    695.38045163      49.93556743
    696.67388037      49.96444412
    697.91156871      49.99393869
    699.14685332      50.02418377
    700.46681192      50.05530078
    701.71786680      50.08738459
    702.99046401      50.12049585
    704.21639980      50.15466216
    705.42763956      50.18989733
    706.62369605      50.22615860
    707.90643420      50.26337787
    709.15653298      50.30146135
    710.39449071      50.34028465
    711.65353848      50.37971568
    712.88186145      50.41959946
    714.13857497      50.45977207
    715.36059039      50.50007678
    716.57293088      50.54035835
    717.78867658      50.58044597
    719.03681116      50.62017896
    720.31688234      50.65939208
    721.58979243      50.69794076
    722.80006664      50.73569155
    724.05490576      50.77253603
    725.29307097      50.80838434
    726.50252850      50.84317029
    727.75804724      50.87686071
    728.96633032      50.90944261
    730.14266594      50.94092155
    731.33971492      50.97130590
    732.55265800      51.00061138
    733.83415506      51.02886858
    735.08047054      51.05612161
    736.31825907      51.08244384
    737.53137560      51.10791931
    738.74395240      51.13264211
    739.95626595      51.15672050
    741.23551855      51.18026791
    742.47106688      51.20338992
    743.68806407      51.22619210
    744.97159574      51.24878218
    746.20465764      51.27127278
    747.43467872      51.29375634
    748.71331550      51.31630757
    749.96951907      51.33897629
    751.20161588      51.36179999
    752.42950120      51.38480059
    753.64527572      51.40796902
    754.91477069      51.43129798
    756.16483260      51.45475092
    757.41840889      51.47827438
    758.63228917      51.50181434
    759.84383519      51.52529354
    761.05652164      51.54862236
    762.26541817      51.57170282
    763.48151833      51.59441661
    764.71764514      51.61662676
    765.93742604      51.63819766
    767.19166115      51.65898853
    768.41132673      51.67886579
    769.67307740      51.69769192
    770.97508743      51.71533576
    772.21233955      51.73164681
    773.42228482      51.74647456
    774.65913095      51.75966877
    775.85189897      51.77106268
    777.06053604      51.78048387
    778.29671862      51.78776002
    779.52691552      51.79276243
    780.79551392      51.79538876
    782.04473363      51.79556946
    783.22122521      51.79327568
    784.47031731      51.78850675
    785.67889909      51.78130260
    786.86452304      51.77173510
    788.07834660      51.75989169
    789.31361136      51.74587943
    790.52696372      51.72984327
    791.75541099      51.71195566
    792.97267945      51.69241299
    794.17143364      51.67142518
    795.40916545      51.64921165
    796.62169972      51.62600261
    797.83240543      51.60204481
    799.08405439      51.57759028
    800.31450129      51.55289090
    801.59108031      51.52819626
    802.88130281      51.50373767
    804.11387508      51.47975402
    805.32690654      51.45647217
    806.59615196      51.43408836
    807.89512071      51.41278803
    809.12566119      51.39274592
    810.33626245      51.37410197
    811.60599750      51.35696921
    812.84759060      51.34143723
    814.10641861      51.32756154
    815.36281689      51.31535552
    816.57994168      51.30479360
    817.83117899      51.29581732
    819.04380447      51.28832622
    820.31913010      51.28219270
    821.59188517      51.27726527
    822.84690861      51.27337571
    824.07120536      51.27036674
    825.28682061      51.26810328
    826.50148780      51.26647285
    827.74916016      51.26535418
    828.98920827      51.26464969
    830.22168081      51.26427639
    831.43981653      51.26415904
    832.70992542      51.26423484
    833.94185351      51.26445668
    835.21681239      51.26477868
    836.41731431      51.26517796
    837.66144347      51.26566468
    838.87886317      51.26625738
    840.09761376      51.26697906
    841.34901507      51.26785234
    842.54317920      51.26890997
    843.81721790      51.27019282
    845.05601121      51.27174461
    846.29147872      51.27360987
    847.56843252      51.27583042
    848.78488005      51.27844796
    850.03207696      51.28150268
    851.26616727      51.28503992
    852.48037081      51.28907877
    853.73751300      51.29362153
    854.95090317      51.29866833
    856.16561572      51.30419454
    857.41987258      51.31013520
    858.64848148      51.31641328
    859.91989810      51.32293121
    861.16858139      51.32957189
    862.46501078      51.33621123
    863.68308789      51.34271588
    864.98457521      51.34893671
    866.19096971      51.35470575
    867.40555372      51.35984824
    868.65516475      51.36420598
    869.85218774      51.36762127
    871.14771112      51.36994388
    872.38848044      51.37101842
    873.59690247      51.37067057
    874.83062697      51.36873100
    876.06662429      51.36505056
    877.28686315      51.35948388
    878.50047167      51.35189764
    879.73641747      51.34217651
    881.81807286      51.33021508
    883.06038575      51.31590734
    884.30935592      51.29918199
    885.61622209      51.27999650
    886.80528196      51.25831868
    888.03174140      51.23413187
    889.24783400      51.20746017
    890.49724890      51.17836706
    891.75955725      51.14693401
    892.97186655      51.11327580
    894.20746120      51.07754538
    895.41814139      51.03992087
    896.62949553      51.00061490
    897.85786150      50.95986435
    899.08519765      50.91792203
    900.32371921      50.87505148
    901.55520304      50.83154289
    902.79476530      50.78771231
    904.04785716      50.74388064
    905.29557395      50.70037625
    906.52605677      50.65755564
    907.77191145      50.61577047
    909.00188999      50.57537439
    910.22226166      50.53671215
    911.43406809      50.50008883
    912.69186391      50.46577336
    913.90912717      50.43400640
    915.13934297      50.40500248
    916.37535777      50.37893322
    917.61879265      50.35591300
    918.83176503      50.33600488
    920.06530049      50.31921875
    921.31751139      50.30552470
    922.53677052      50.29487210
    923.76445970      50.28717081
    924.97852336      50.28229671
    926.23052678      50.28009145
    927.48557338      50.28036337
    928.69327278      50.28288386
    929.92194926      50.28740983
    931.17454818      50.29370497
    932.40862147      50.30151481
    933.60026939      50.31057096
    934.83270649      50.32060880
    936.05957852      50.33138010
    937.29457105      50.34262378
    938.52718113      50.35408564
    939.76327722      50.36552611
    940.97699822      50.37672241
    942.18782870      50.38745176
    943.40014415      50.39751667
    944.63664669      50.40672901
    945.90126850      50.41491512
    947.09357620      50.42193736
    948.32379530      50.42768189
    950.19920789      50.43205628
    951.48087037      50.43497037
    952.71215050      50.43634620
    953.91212309      50.43612409
    955.10344727      50.43423582
    956.31650188      50.43062684
    957.55636662      50.42523273
    958.81222990      50.41798487
    960.04541042      50.40881760
    961.28069125      50.39768085
    962.49443919      50.38452265
    963.72764098      50.36928452
    964.96860124      50.35192274
    966.19980859      50.33240335
    967.40878594      50.31071754
    968.62926158      50.28688698
    969.93962937      50.26095605
    971.14679046      50.23298444
    972.38776112      50.20306420
    973.59695918      50.17129954
    974.78926877      50.13781986
    976.01874870      50.10277106
    977.27057536      50.06632924
    978.50189945      50.02869215
    979.71997325      49.99005116
    980.93950886      49.95061431
    982.16713661      49.91060358
    983.42637815      49.87023931
    984.63759476      49.82972927
    985.84632352      49.78928920
    987.11436802      49.74911659
    988.34047819      49.70940607
    989.54094845      49.67033967
    990.83020634      49.63210270
    992.06080023      49.59486083
    993.31733321      49.55876916
    994.57003327      49.52397455
    995.82805074      49.49058623
    997.06675426      49.45870057
    998.31480424      49.42836927
    999.54659574      49.39963226
   1000.75497004      49.37251092
   1001.98387999      49.34699606
   1003.21353668      49.32306195
   1004.43230618      49.30064864
   1005.68574872      49.27968817
   1006.90021599      49.26009731
   1008.14883878      49.24178944
   1009.34918237      49.22465005
   1010.61628211      49.20855921
   1011.85510001      49.19339119
   1013.14542176      49.17902052
   1014.41110838      49.16532105
   1015.64448173      49.15216921
   1016.87133533      49.13943763
   1018.09087094      49.12700220
   1019.31824206      49.11474096
   1020.59663024      49.10251166
   1021.84450205      49.09017801
   1023.09529936      49.07758368
   1024.33608948      49.06458546
   1025.62444562      49.05102905
   1026.87845577      49.03674284
   1028.17734607      49.02156508
   1029.41447908      49.00532942
   1030.68510076      48.98786572
   1031.94704000      48.96900901
   1033.19435365      48.94861363
   1034.94923909      48.92654451
   1036.21031675      48.90270041
   1037.46934042      48.87699903
   1038.69908171      48.84938164
   1039.98658478      48.81980871
   1041.22755307      48.78827062
   1042.46203754      48.75479108
   1043.66594183      48.71941704
   1044.91861920      48.68223309
   1046.17564748      48.64332614
   1047.40664026      48.60283789
   1048.66906630      48.56092901
   1049.91600091      48.51778437
   1051.14713878      48.47361487
   1052.41938012      48.42865113
   1053.64307191      48.38315317
   1054.83790291      48.33739533
   1056.03641322      48.29165468
   1057.29162807      48.24620477
   1058.51908804      48.20132874
   1059.75383056      48.15730893
   1060.98502136      48.11443053
   1062.19952124      48.07295626
   1063.43017751      48.03314449
   1064.64201231      47.99521923
   1065.89738454      47.95938270
   1067.10933371      47.92579974
   1068.34738029      47.89459368
   1069.57946103      47.86585545
   1070.82276027      47.83961835
   1072.03954903      47.81589458
   1073.33283693      47.79463242
   1074.58255761      47.77573374
   1075.79187856      47.75907105
   1077.02791226      47.74448639
   1078.24066204      47.73180232
   1079.48071488      47.72082150
   1080.69453324      47.71132952
   1081.95216978      47.70309617
   1083.16118636      47.69587970
   1084.39883547      47.68942120
   1085.63590705      47.68346918
   1086.85223642      47.67777323
   1088.12294459      47.67209259
   1089.38623079      47.66619484
   1090.60506834      47.65984312
   1091.84061194      47.65280546
   1093.07273002      47.64485945
   1094.28610649      47.63582577
   1095.48937558      47.62552779
   1096.70461463      47.61382447
   1097.96251631      47.60059020
   1099.23723179      47.58572915
   1100.52796709      47.56917799
   1101.73544388      47.55090477
   1103.02670567      47.53088674
   1104.24441840      47.50914084
   1105.47823742      47.48571890
   1106.70157145      47.46070483
   1107.89935015      47.43420556
   1109.15862714      47.40634765
   1110.36954411      47.37729460
   1111.63224190      47.34722507
   1112.88455914      47.31635331
   1114.16016457      47.28489509
   1115.36828365      47.25306018
   1116.58673271      47.22105189
   1117.83073898      47.18907325
   1119.06909324      47.15733688
   1120.31510955      47.12602916
   1121.50132569      47.09533999
   1122.75620924      47.06546117
   1123.97123797      47.03658516
   1125.20617426      47.00889129
   1126.44651540      46.98254023
   1127.67838913      46.95766449
   1128.86970858      46.93437032
   1130.10041307      46.91273540
   1131.32387375      46.89281768
   1132.58967002      46.87465030
   1133.80308713      46.85822393
   1135.05658875      46.84349336
   1136.29735713      46.83036994
   1137.51510341      46.81872874
   1138.74477617      46.80842250
   1139.95886062      46.79928379
   1141.24961340      46.79112110
   1142.48530871      46.78371785
   1143.70014226      46.77684558
   1144.92797229      46.77024184
   1146.16280507      46.76364934
   1147.38071819      46.75680739
   1148.57820718      46.74946653
   1149.84815869      46.74137584
   1151.10917916      46.73233228
   1152.35424788      46.72215639
   1153.57289638      46.71069926
   1154.81002136      46.69784248
   1156.02448816      46.68351052
   1157.26490160      46.66767536
   1158.47900164      46.65033227
   1159.69767520      46.63150722
   1160.93950508      46.61123528
   1162.15289572      46.58957397
   1163.40756470      46.56661994
   1164.64071686      46.54250879
   1165.85688177      46.51740201
   1167.06629629      46.49148339
   1168.30321237      46.46497059
   1169.52847468      46.43809627
   1170.74275526      46.41111421
   1171.98412481      46.38427630
   1173.23850975      46.35782576
   1174.49914551      46.33198213
   1175.75364057      46.30696468
   1177.00860162      46.28298739
   1178.21987731      46.26025073
   1179.43333696      46.23891643
   1180.70453476      46.21912769
   1181.99929438      46.20099645
   1183.24613541      46.18460202
   1184.46316001      46.16999367
   1185.69336919      46.15717520
   1186.92882772      46.14610924
   1188.18731592      46.13672189
   1189.43725164      46.12891002
   1190.64907036      46.12253489
   1191.88996777      46.11744031
   1193.14472796      46.11348023
   1194.37708660      46.11050984
   1195.60338488      46.10839892
   1196.83254343      46.10700332
   1198.09246318      46.10619257
   1199.37320784      46.10582591
   1200.60841447      46.10576568
   1201.80763796      46.10588438
   1203.04163043      46.10606250
   1204.26454241      46.10618527
   1205.46570789      46.10613505
   1206.73623268      46.10582402
   1207.95515388      46.10517082
   1209.22064200      46.10411238
   1210.47751007      46.10261419
   1211.72213878      46.10065432
   1212.94031183      46.09822248
   1214.19093663      46.09531976
   1215.40587982      46.09194318
   1216.66508450      46.08809422
   1217.90956198      46.08379279
   1219.12939770      46.07904931
   1220.35776178      46.07387339
   1221.62408501      46.06828112
   1222.87672505      46.06230880
   1224.13522506      46.05598212
   1225.39026079      46.04930719
   1226.60704199      46.04227304
   1227.81454147      46.03486600
   1229.04564058      46.02703559
   1230.23772095      46.01871345
   1231.49803675      46.00981241
   1232.70972598      46.00022854
   1233.96521211      45.98986356
   1235.16153515      45.97862313
   1236.39384322      45.96641644
   1237.64335596      45.95316443
   1238.83942946      45.93880107
   1240.11590969      45.92326937
   1241.34534945      45.90651572
   1242.54404645      45.88848505
   1243.77650765      45.86909925
   1245.00579144      45.84829470
   1246.28069692      45.82602188
   1247.50229739      45.80225615
   1248.78165208      45.77699778
   1249.96511664      45.75026165
   1251.20425969      45.72209216
   1252.41735212      45.69256267
   1253.67398907      45.66177646
   1254.88242433      45.62983517
   1256.12295924      45.59686508
   1257.35020984      45.56301224
   1258.60388207      45.52842783
   1259.81835312      45.49327874
   1261.07962692      45.45774188
   1262.27451651      45.42200713
   1263.48679556      45.38629173
   1264.77124459      45.35082700
   1265.98036892      45.31583627
   1267.23077254      45.28154097
   1268.56120668      45.24814995
   1270.17106547      45.21585972
   1271.80857090      45.18483787
   1273.98912604      45.15522622
   1275.64711468      45.12715067
   1277.49991776      45.10070554
   1279.01843583      45.07595405
   1280.31380749      45.05294520
   1281.97138307      45.03171268
   1283.41945857      45.01225920
   1285.30266225      44.99457272
   1286.96759504      44.97861778
   1288.21971804      44.96432494
   1289.43554171      44.95159728
   1290.69090119      44.94030244
   1291.95087859      44.93028423
   1293.25314621      44.92136181
   1294.49239891      44.91332769
   1295.70719464      44.90595977
   1296.92579021      44.89904703
   1298.17814479      44.89239430
   1299.35990888      44.88580707
   1300.59920033      44.87908802
   1301.88463193      44.87203979
   1303.16521400      44.86448360
   1304.40789979      44.85624348
   1305.67174225      44.84715363
   1306.92328913      44.83706003
   1308.21201628      44.82584626
   1309.39567792      44.81341570
   1310.61653875      44.79969959
   1311.86881581      44.78466787
   1313.12203291      44.76831851
   1314.36833233      44.75068861
   1315.61186079      44.73183933
   1316.83077774      44.71186273
   1318.06518659      44.69086531
   1319.29867762      44.66896687
   1320.55006239      44.64630871
   1321.76849112      44.62306110
   1322.96368225      44.59940012
   1324.20318780      44.57551041
   1325.42027572      44.55158144
   1326.62613948      44.52779812
   1327.84792805      44.50435262
   1329.11388878      44.48143350
   1330.39340511      44.45922240
   1331.69066535      44.43786956
   1332.93613296      44.41752899
   1334.10522478      44.39833092
   1335.59690909      44.38037253
   1336.74690625      44.36372865
   1337.88474016      44.34844301
   1339.06951009      44.33453402
   1340.21943588      44.32199802
   1341.40159461      44.31080808
   1342.51803080      44.30091818
   1343.63927775      44.29225049
   1344.78525058      44.28469686
   1345.88532384      44.27810328
   1347.01013290      44.27228674
   1348.15877885      44.26704828
   1349.31021892      44.26218122
   1350.43176173      44.25745344
   1351.53014065      44.25263525
   1352.69604845      44.24750480
   1353.89678290      44.24185460
   1355.13457474      44.23547799
   1356.35347468      44.22819168
   1357.53934108      44.21984369
   1358.72422916      44.21030055
   1359.92709086      44.19946739
   1361.11353385      44.18726990
   1362.31289818      44.17367141
   1363.45445772      44.15863996
   1364.61525701      44.14217772
   1365.78718973      44.12432936
   1366.99285356      44.10516256
   1368.16207063      44.08475567
   1369.39744314      44.06320332
   1370.58143231      44.04061392
   1371.76859085      44.01712403
   1372.95190323      43.99288903
   1374.15113948      43.96807623
   1375.35454090      43.94286428
   1376.57064200      43.91743049
   1377.75547952      43.89197979
   1378.97578549      43.86670436
   1380.12558983      43.84179613
   1381.32958722      43.81744271
   1382.56290621      43.79382072
   1383.76100866      43.77110760
   1384.96628164      43.74945631
   1386.19656171      43.72897877
   1387.43185436      43.70974132
   1388.71548197      43.69176668
   1389.98562017      43.67505391
   1391.28476615      43.65957133
   1392.50663365      43.64526130
   1393.70339433      43.63204286
   1394.90367081      43.61980342
   1396.09159829      43.60840869
   1397.30536845      43.59773037
   1398.53903719      43.58763393
   1399.70959979      43.57796695
   1400.89494773      43.56855970
   1402.21175728      43.55925289
   1403.41231308      43.54988192
   1404.64418776      43.54026678
   1405.86885220      43.53022880
   1407.08796482      43.51957674
   1408.27340303      43.50812124
   1409.51692535      43.49566361
   1410.66668998      43.48202288
   1411.87147948      43.46701363
   1413.14074617      43.45044880
   1414.37414456      43.43215229
   1415.59658204      43.41196549
   1416.83140443      43.38975439
   1418.06411280      43.36542533
   1419.26645509      43.33890766
   1420.46635301      43.31016388
   1421.73710844      43.27920374
   1422.97225693      43.24608761
   1424.25733312      43.21093365
   1425.43046912      43.17388979
   1426.65301104      43.13514715
   1427.88868792      43.09492000
   1429.09085487      43.05344369
   1430.29150566      43.01096972
   1431.48661975      42.96773521
   1432.69526722      42.92398002
   1433.92910987      42.87995155
   1435.18112558      42.83592308
   1436.39924901      42.79217871
   1437.58518394      42.74900282
   1438.80056005      42.70667232
   1440.00191646      42.66547037
   1441.17129658      42.62567646
   1442.36750761      42.58758757
   1443.69821351      42.55148669
   1444.86973458      42.51763521
   1446.04149999      42.48626618
   1447.21577641      42.45760009
   1448.38839348      42.43184606
   1449.53935762      42.40917545
   1450.71934231      42.38972238
   1451.92108295      42.37358742
   1453.12921858      42.36083716
   1454.29046165      42.35150043
   1455.48201883      42.34555396
   1456.68208027      42.34293398
   1457.88288703      42.34354834
   1459.10189756      42.34728143
   1460.30034076      42.35399372
   1461.51844103      42.36351953
   1462.71574806      42.37567641
   1463.99199813      42.39027880
   1465.22995066      42.40713599
   1466.47783617      42.42606390
   1467.69286207      42.44688861
   1468.92442152      42.46942401
   1470.11234900      42.49346058
   1471.35514254      42.51875902
   1472.61077708      42.54506460
   1473.86266802      42.57209187
   1475.06501976      42.59953506
   1476.28416876      42.62707788
   1477.48515228      42.65438505
   1478.68509320      42.68112957
   1479.92061979      42.70700365
   1481.13542167      42.73171927
   1482.42484215      42.75499206
   1483.67823742      42.77655172
   1484.84354406      42.79614475
   1486.00603862      42.81355768
   1487.25360039      42.82860808
   1488.47686258      42.84116005
   1489.75568369      42.85109557
   1490.92778938      42.85834885
   1492.09902688      42.86289621
   1493.29676447      42.86475308
   1494.48232178      42.86395397
   1495.70015596      42.86054382
   1496.92209294      42.85458381
   1498.13574352      42.84615150
   1499.39462021      42.83535312
   1500.65301057      42.82229467
   1501.86990519      42.80708605
   1503.09380636      42.78986869
   1504.24002590      42.77081721
   1505.44318298      42.75010754
   1506.68578795      42.72792636
   1507.84910675      42.70446543
   1509.06695181      42.67993104
   1510.30414059      42.65454490
   1511.52853517      42.62853222
   1512.70248691      42.60210604
   1513.89020738      42.57545275
   1515.05989990      42.54872433
   1516.20980349      42.52205588
   1517.40519169      42.49556230
   1518.61009084      42.46934294
   1519.79379880      42.44347237
   1520.99694926      42.41801436
   1522.16576460      42.39302262
   1523.38975840      42.36853547
   1524.63261196      42.34459852
   1525.83434174      42.32124926
   1526.98900410      42.29851016
   1528.23340029      42.27640246
   1529.48499253      42.25494770
   1530.68434836      42.23418038
   1531.85850095      42.21414923
   1533.06648156      42.19490622
   1534.29266972      42.17650942
   1535.49291595      42.15900296
   1536.69649791      42.14242892
   1537.93336437      42.12680599
   1539.11873121      42.11211481
   1540.34053065      42.09830774
   1541.57164489      42.08532847
   1542.85450309      42.07310824
   1544.07187081      42.06157262
   1545.30699378      42.05065256
   1546.52399191      42.04025253
   1547.72256981      42.03028250
   1548.99244853      42.02066573
   1550.21049776      42.01132170
   1551.36650897      42.00214928
   1552.55209322      41.99305335
   1553.75203745      41.98394523
   1554.95758502      41.97474818
   1556.15417037      41.96539061
   1557.35775706      41.95580064
   1558.56101717      41.94590154
   1559.79151842      41.93561492
   1560.99600308      41.92487908
   1562.19671910      41.91365083
   1563.36758654      41.90188687
   1564.54951320      41.88956229
   1565.74987050      41.87666761
   1566.95320670      41.86320961
   1568.15937057      41.84921224
   1569.37612955      41.83472151
   1570.57495557      41.81979807
   1571.83741847      41.80451311
   1573.07375702      41.78896990
   1574.30572622      41.77329919
   1575.51116698      41.75762807
   1576.76393368      41.74209732
   1578.01058472      41.72683848
   1579.24958315      41.71198813
   1580.46518612      41.69767593
   1581.71691306      41.68402058
   1582.97312655      41.67112645
   1584.21932482      41.65909151
   1585.42150547      41.64800335
   1586.65557262      41.63797282
   1587.87064247      41.62910820
   1589.11209520      41.62149556
   1590.35975386      41.61521788
   1591.57857015      41.61034555
   1592.77599769      41.60691050
   1593.98138458      41.60493817
   1595.20773343      41.60444225
   1596.48376231      41.60541028
   1597.70237395      41.60781355
   1598.93830794      41.61161825
   1600.25456500      41.61677604
   1601.47130319      41.62321356
   1602.69446566      41.63082890
   1603.94888037      41.63949849
   1605.15231440      41.64907993
   1606.36463788      41.65941270
   1607.60000567      41.67034060
   1608.79644923      41.68169824
   1610.05224020      41.69330953
   1611.32275365      41.70500609
   1612.48766518      41.71661345
   1613.70254457      41.72795187
   1614.92905505      41.73884458
   1616.13086754      41.74911428
   1617.36185322      41.75857322
   1618.61724294      41.76705684
   1619.79816956      41.77441150
   1620.98191533      41.78048100
   1622.20005577      41.78510606
   1623.45658686      41.78816037
   1624.72248190      41.78954148
   1625.95707413      41.78918145
   1627.22161701      41.78703128
   1628.52693017      41.78306741
   1629.82826720      41.77729432
   1631.04942388      41.76976330
   1632.31309810      41.76055137
   1633.55025190      41.74976558
   1634.78207082      41.73749094
   1636.03584088      41.72381976
   1637.26124119      41.70886587
   1638.44330302      41.69274783
   1639.65787096      41.67558840
   1640.85896412      41.65753404
   1642.05988289      41.63874148
   1643.26060126      41.61935771
   1644.52688952      41.59954271
   1645.72386761      41.57944740
   1646.92903236      41.55920795
   1648.13025219      41.53895117
   1649.33771102      41.51879712
   1650.58231941      41.49887425
   1651.76863622      41.47930505
   1652.98677004      41.46020632
   1654.18718169      41.44169055
   1655.37760128      41.42384138
   1656.57803940      41.40671620
   1657.85793807      41.39034898
   1659.04430828      41.37473309
   1660.21319546      41.35983347
   1661.40351532      41.34559747
   1662.64598181      41.33195512
   1663.83403596      41.31882466
   1665.06535531      41.30613017
   1666.30169055      41.29377649
   1667.49313950      41.28166373
   1668.69108787      41.26969485
   1669.94500208      41.25778389
   1671.14645538      41.24585034
   1672.34422652      41.23380201
   1673.54402093      41.22154889
   1674.73407235      41.20900558
   1675.93107218      41.19610184
   1677.13295556      41.18277485
   1678.34194992      41.16894869
   1679.59122304      41.15453796
   1680.80565817      41.13944086
   1681.97942653      41.12358229
   1683.21133854      41.10690187
   1684.48522931      41.08934587
   1685.71276632      41.07086948
   1686.98761745      41.05144890
   1688.18574116      41.03107220
   1689.38787975      41.00973356
   1690.65235363      40.98745194
   1691.94975046      40.96424954
   1693.23695058      40.94016127
   1694.42993695      40.91524817
   1695.67338649      40.88958631
   1696.92147239      40.86326341
   1698.17584362      40.83635322
   1699.44303930      40.80892870
   1700.64502996      40.78106226
   1701.84323827      40.75280669
   1703.02758285      40.72420693
   1704.19682543      40.69529951
   1705.34661370      40.66611341
   1706.50167826      40.63669816
   1707.68404257      40.60712279
   1708.90191599      40.57746026
   1710.10510993      40.54778080
   1711.30493790      40.51815359
   1712.49279874      40.48864468
   1713.65631936      40.45931795
   1714.82474479      40.43024473
   1716.01273135      40.40148823
   1717.18026542      40.37311098
   1718.32815330      40.34515481
   1719.50265658      40.31767682
   1720.71890183      40.29073293
   1721.92082112      40.26437619
   1723.12358262      40.23864301
   1724.30547290      40.21356086
   1725.49274912      40.18915411
   1726.64249343      40.16544874
   1727.84285356      40.14247792
   1729.05147929      40.12026600
   1730.24317353      40.09884738
   1731.37769911      40.07826021
   1732.54770781      40.05855295
   1733.73038547      40.03975755
   1734.90499225      40.02189538
   1736.08335681      40.00498649
   1737.28564805      39.98905442
   1738.45473089      39.97411122
   1739.63913833      39.96016866
   1740.85629100      39.94722580
   1742.11013810      39.93525949
   1743.35834263      39.92423481
   1744.54486077      39.91412077
   1745.74288381      39.90487635
   1746.96252198      39.89643402
   1748.18017090      39.88873787
   1749.37900212      39.88174419
   1750.58343290      39.87542496
   1751.81020190      39.86976908
   1753.00385135      39.86476464
   1754.15265327      39.86039581
   1755.30553292      39.85664715
   1756.48732820      39.85350608
   1757.62466066      39.85097111
   1758.77256602      39.84904088
   1759.91337883      39.84773177
   1761.05460518      39.84705502
   1762.20979120      39.84703458
   1763.36479904      39.84769279
   1764.51490444      39.84907810
   1765.67669055      39.85122990
   1766.79083738      39.85418527
   1768.04704567      39.85798387
   1769.21754967      39.86267227
   1770.39930431      39.86828294
   1771.58202166      39.87484742
   1772.77006446      39.88239103
   1773.97312324      39.89093393
   1775.13700635      39.90049195
   1776.32248899      39.91105278
   1777.52628930      39.92257379
   1778.69343819      39.93497512
   1779.82377356      39.94817542
   1780.99244286      39.96208346
   1782.12799072      39.97658745
   1783.29337628      39.99153755
   1784.51441670      40.00677568
   1785.68302219      40.02212670
   1786.83997864      40.03739582
   1788.03617266      40.05239831
   1789.18728992      40.06695454
   1790.38656871      40.08088181
   1791.53580071      40.09400712
   1792.68873991      40.10618945
   1793.83978865      40.11729534
   1795.00641908      40.12720351
   1796.22764713      40.13579893
   1797.42404059      40.14298196
   1798.54349301      40.14867777
   1799.70004962      40.15280879
   1800.86118353      40.15530844
   1801.99982560      40.15614057
   1803.18152494      40.15529233
   1804.40298457      40.15277563
   1805.58244655      40.14862133
   1806.76830633      40.14287612
   1807.88411063      40.13560822
   1809.05288958      40.12690642
   1810.20897263      40.11685477
   1811.35910543      40.10555357
   1812.51371959      40.09311922
   1813.69178167      40.07967502
   1814.86385712      40.06534997
   1815.99396705      40.05030146
   1817.18300613      40.03468205
   1818.31628873      40.01863899
   1819.49997684      40.00230764
   1820.80076375      39.98581630
   1822.00616859      39.96928043
   1823.19372412      39.95281427
   1824.47449099      39.93653895
   1825.80931622      39.92055477
   1827.01638656      39.90494281
   1828.23964686      39.88978480
   1829.49817097      39.87517321
   1830.69843186      39.86118937
   1831.92096527      39.84791544
   1833.11746224      39.83545213
   1834.34019179      39.82388023
   1835.56142220      39.81325916
   1836.86025531      39.80363901
   1838.02683281      39.79506065
   1839.22858102      39.78753762
   1840.43343951      39.78107762
   1841.63411819      39.77565942
   1842.78955517      39.77124511
   1843.98458514      39.76777121
   1845.18711694      39.76512999
   1846.35195852      39.76321668
   1847.55732225      39.76192029
   1848.87588946      39.76111307
   1850.06160368      39.76063880
   1851.29430402      39.76033602
   1852.55846976      39.76002715
   1853.77590175      39.75954733
   1854.97836456      39.75872129
   1856.18398113      39.75737821
   1857.41727744      39.75537043
   1858.60536325      39.75256895
   1859.78514330      39.74886090
   1860.99222262      39.74414909
   1862.24062045      39.73834771
   1863.47232404      39.73136891
   1864.67222574      39.72314233
   1865.89554748      39.71361165
   1867.11882715      39.70274979
   1868.29034444      39.69053972
   1869.45878169      39.67698710
   1870.63285205      39.66212322
   1871.85537696      39.64600274
   1873.05860162      39.62870417
   1874.25571110      39.61033824
   1875.44530644      39.59103283
   1876.64999338      39.57092440
   1877.85014935      39.55018239
   1879.05269675      39.52898804
   1880.23499253      39.50751067
   1881.43459648      39.48593192
   1882.62535257      39.46445239
   1883.85919145      39.44327604
   1885.05962673      39.42259088
   1886.25980018      39.40258544
   1887.97822466      39.38340213
   1889.27895816      39.36516992
   1890.52090478      39.34798910
   1891.90310036      39.33192710
   1893.16715693      39.31703898
   1894.38608806      39.30334736
   1895.65977986      39.29085184
   1896.87105318      39.27952722
   1898.11965943      39.26934442
   1899.33815717      39.26025065
   1900.52137314      39.25217227
   1901.76073312      39.24500074
   1902.96184613      39.23862656
   1904.18081318      39.23292236
   1905.39772908      39.22774156
   1906.56679916      39.22292242
   1907.78215542      39.21828478
   1909.03195644      39.21364457
   1910.27031259      39.20881135
   1911.53349056      39.20359834
   1912.70570921      39.19781713
   1913.93623977      39.19130231
   1915.12778702      39.18388404
   1916.34973108      39.17541085
   1917.60003403      39.16576498
   1918.81847080      39.15484222
   1920.00065552      39.14256583
   1921.19824990      39.12889329
   1922.42295877      39.11382719
   1923.67413180      39.09740312
   1924.84117908      39.07970527
   1926.02953806      39.06084450
   1927.25920232      39.04096791
   1928.49298259      39.02026150
   1929.69579135      38.99894276
   1930.99669027      38.97723111
   1932.19379549      38.95533903
   1933.50427671      38.93348268
   1934.70362450      38.91185873
   1935.89401715      38.89068292
   1937.10895089      38.87015747
   1938.31200966      38.85047647
   1939.54734673      38.83182846
   1940.79650122      38.81438791
   1941.97390164      38.79831129
   1943.16940800      38.78372433
   1944.37482939      38.77071636
   1945.62837212      38.75934370
   1946.84504934      38.74963720
   1948.04683867      38.74160173
   1949.21658270      38.73522335
   1950.41995245      38.73043777
   1951.68314224      38.72715431
   1952.89765062      38.72525020
   1954.10267832      38.72456506
   1955.25724710      38.72491413
   1956.45934174      38.72607638
   1957.62788202      38.72780426
   1958.77758899      38.72981624
   1959.95025332      38.73182890
   1961.12947568      38.73352281
   1962.29386355      38.73458490
   1963.48371647      38.73471673
   1964.69701543      38.73361309
   1965.89727867      38.73100908
   1967.09932321      38.72666326
   1968.31333110      38.72036826
   1969.51798590      38.71193865
   1970.71800433      38.70123489
   1972.00996276      38.68815383
   1973.28228208      38.67263214
   1974.52504679      38.65464167
   1975.76132059      38.63418985
   1977.01253426      38.61130903
   1978.25007184      38.58607326
   1979.44927501      38.55862668
   1980.68506673      38.52915797
   1981.91536996      38.49791495
   1983.12229994      38.46517374
   1984.33535078      38.43124659
   1985.57630678      38.39647634
   1986.73923332      38.36122845
   1987.92331748      38.32589420
   1989.12471927      38.29087586
   1990.29807172      38.25660912
   1991.52979422      38.22355863
   1992.83167193      38.19218337
   1994.08163270      38.16291511
   1995.33288277      38.13616721
   1996.56856627      38.11232203
   1997.75311785      38.09173229
   1998.96010312      38.07469400
   2000.24274297      38.06145066
   2001.49460886      38.05219027
   2002.67586158      38.04703099
   2003.87877337      38.04603021
   2005.08308033      38.04919064
   2006.25373556      38.05647952
   2007.45852080      38.06779276
   2008.70052649      38.08299272
   2009.95629194      38.10189005
   2011.14119043      38.12423298
   2012.32755733      38.14974486
   2013.52999745      38.17808882
   2014.78785281      38.20889547
   2016.01651275      38.24176580
   2017.23720580      38.27627523
   2018.43643874      38.31196531
   2019.67030834      38.34836842
   2020.90395202      38.38501273
   2022.10646823      38.42143018
   2023.36555145      38.45715992
   2024.61044814      38.49176288
   2025.87527459      38.52483840
   2027.07657429      38.55598424
   2028.27893595      38.58482831
   2029.42800537      38.61101424
   2030.63157788      38.63422436
   2031.78119742      38.65419217
   2033.03240968      38.67070218
   2034.24781509      38.68360904
   2035.47006257      38.69280852
   2036.67196391      38.69827342
   2037.93736412      38.69999765
   2039.15790640      38.69799271
   2040.41174830      38.69231003
   2041.59842855      38.68305208
   2042.77619619      38.67035704
   2044.07699681      38.65438301
   2045.37830879      38.63532625
   2046.56572537      38.61342442
   2047.76349415      38.58894390
   2048.96766452      38.56218233
   2050.18340218      38.53347902
   2051.37303675      38.50319618
   2052.57185852      38.47170520
   2053.79772671      38.43936354
   2055.06143165      38.40653313
   2056.26177997      38.37356873
   2057.46179982      38.34081290
   2058.68743643      38.30861404
   2059.88501238      38.27728264
   2061.08797663      38.24712784
   2062.30749050      38.21842209
   2063.51148600      38.19139604
   2064.74387725      38.16625529
   2065.91364775      38.14318850
   2067.14877498      38.12234160
   2068.34869274      38.10382136
   2069.49679235      38.08769411
   2070.74226090      38.07398882
   2071.93894503      38.06270481
   2073.20444590      38.05379146
   2074.47493100      38.04718164
   2075.70308808      38.04278330
   2076.96566110      38.04049588
   2078.16393274      38.04019648
   2079.48241488      38.04173041
   2080.64532204      38.04491872
   2081.82814148      38.04953456
   2083.04812088      38.05534014
   2084.31954884      38.06205297
   2085.57234626      38.06939017
   2086.77250789      38.07708361
   2087.97174367      38.08487924
   2089.16940327      38.09252936
   2090.35571488      38.09979415
   2091.57400420      38.10646691
   2092.72971341      38.11235573
   2093.96232868      38.11728058
   2095.21708367      38.12108582
   2096.41002562      38.12364136
   2097.63453788      38.12481485
   2098.90609061      38.12448757
   2100.10645972      38.12256289
   2101.30965650      38.11898099
   2102.53987655      38.11370964
   2103.77411006      38.10673017
   2105.02866845      38.09805219
   2106.24681504      38.08768098
   2107.46425837      38.07566703
   2108.67950923      38.06206028
   2109.94986200      38.04694802
   2111.12143883      38.03045235
   2112.34150283      38.01270551
   2113.57899550      37.99384771
   2114.77809375      37.97403501
   2115.97904607      37.95343837
   2117.14991493      37.93223955
   2118.38769779      37.91064050
   2119.73795678      37.88884912
   2121.00599467      37.86708292
   2122.20196561      37.84553747
   2123.57709795      37.82437831
   2125.18366779      37.80374038
   2126.69786661      37.78373698
   2128.12925449      37.76446799
   2129.42302257      37.74601827
   2130.80825330      37.72847797
   2132.12035229      37.71192477
   2133.31187780      37.69643422
   2134.51094675      37.68206801
   2135.72561629      37.66886528
   2136.92617492      37.65683305
   2138.21361608      37.64595279
   2139.38489328      37.63619107
   2140.65009263      37.62748697
   2141.83866146      37.61973993
   2143.10421479      37.61283504
   2144.33899040      37.60663261
   2145.76325595      37.60095576
   2147.60965792      37.59562228
   2149.17403208      37.59044433
   2150.92722697      37.58522401
   2152.34899474      37.57974760
   2153.56535531      37.57381263
   2154.85499839      37.56724354
   2156.31429476      37.55988686
   2157.46262359      37.55164322
   2158.77004225      37.54242736
   2159.97439647      37.53218663
   2161.29824896      37.52087623
   2162.62746281      37.50846150
   2163.93891525      37.49493487
   2165.11547110      37.48031448
   2166.25231866      37.46465000
   2167.41841125      37.44801181
   2168.66571781      37.43049641
   2169.83326181      37.41220667
   2170.95333762      37.39324330
   2172.15408955      37.37370022
   2173.33522033      37.35369086
   2174.55828970      37.33336505
   2175.72468713      37.31289388
   2176.94256716      37.29246832
   2178.14392026      37.27229478
   2179.36404569      37.25257899
   2180.55394446      37.23351682
   2181.79977173      37.21528785
   2182.97090147      37.19805642
   2184.14899947      37.18197019
   2185.34934684      37.16715692
   2186.55327098      37.15372179
   2187.75441755      37.14175372
   2189.01856863      37.13131484
   2190.25371051      37.12242896
   2191.46823497      37.11512641
   2192.82950309      37.10941315
   2194.07213547      37.10527116
   2195.36794336      37.10268990
   2196.63328970      37.10164418
   2197.82101726      37.10211195
   2199.04338620      37.10409199
   2200.57918266      37.10761055
   2201.83408227      37.11269634
   2203.39170558      37.11937275
   2204.53607010      37.12764509
   2205.95863376      37.13747923
   2207.14564767      37.14880303
   2208.42854462      37.16152703
   2209.54685852      37.17554863
   2210.69898576      37.19075536
   2211.83227593      37.20702202
   2212.99250005      37.22421095
   2214.14387158      37.24215798
   2215.27582377      37.26068349
   2216.44560986      37.27959435
   2217.62443050      37.29869470
   2218.79698801      37.31779897
   2219.94893236      37.33674367
   2221.12921810      37.35538247
   2222.41325642      37.37356271
   2223.58519529      37.39113901
   2224.75411271      37.40796791
   2225.98551619      37.42389254
   2227.24106046      37.43876143
   2228.43914022      37.45242436
   2229.62287370      37.46474285
   2230.83957408      37.47558210
   2232.04573889      37.48481569
   2233.24597142      37.49233683
   2234.42552035      37.49807121
   2235.62929608      37.50196022
   2236.89924996      37.50396205
   2238.10130111      37.50408062
   2239.27123277      37.50232526
   2240.47263408      37.49872942
   2241.70440857      37.49336129
   2242.85233709      37.48629452
   2244.06347524      37.47763509
   2245.30577679      37.46750088
   2246.51595034      37.45600099
   2247.71249504      37.44322623
   2248.85969809      37.42924510
   2250.05737755      37.41410266
   2251.29975755      37.39784277
   2252.51426262      37.38051010
   2253.71343035      37.36217380
   2254.88805509      37.34289547
   2256.07719672      37.32273722
   2257.32682099      37.30176579
   2258.51247235      37.28005319
   2259.74464573      37.25767534
   2260.94423171      37.23472536
   2262.35405363      37.21132169
   2263.54390325      37.18759426
   2264.98223954      37.16368952
   2266.15966406      37.13976908
   2267.56688186      37.11597885
   2268.93670624      37.09245106
   2270.52807626      37.06931525
   2271.86691258      37.04667969
   2273.12134620      37.02462830
   2274.53059058      37.00324852
   2276.36756101      36.98261750
   2277.55270478      36.96280264
   2279.17040617      36.94385469
   2280.56179037      36.92582199
   2281.73961472      36.90874580
   2282.85769892      36.89264847
   2284.04176087      36.87751781
   2285.67166144      36.86332025
   2287.13247396      36.85001018
   2288.35767340      36.83751100
   2289.94957275      36.82572132
   2291.10723198      36.81452109
   2292.29313997      36.80376684
   2293.74756981      36.79331226
   2295.14634667      36.78299763
   2296.53416734      36.77264117
   2297.68346315      36.76205665
   2298.84393302      36.75107596
   2299.99666380      36.73956145
   2301.17461813      36.72742257
   2302.33370465      36.71458718
   2303.48173857      36.70100817
   2304.66656805      36.68664779
   2305.86338734      36.67150900
   2307.07580345      36.65562972
   2308.26668289      36.63907896
   2309.45490198      36.62195216
   2310.67047659      36.60437247
   2311.83275280      36.58648838
   2313.04410505      36.56845202
   2314.18917094      36.55043664
   2315.38986190      36.53260479
   2316.59326899      36.51510158
   2317.77936272      36.49808941
   2319.03217716      36.48173424
   2320.22063397      36.46619279
   2321.45039794      36.45162396
   2322.68231138      36.43819506
   2323.85226336      36.42605739
   2325.00211118      36.41534551
   2326.18623740      36.40616755
   2327.39242632      36.39860959
   2328.60481171      36.39272714
   2329.87550003      36.38854279
   2331.10807702      36.38605587
   2332.36421962      36.38525270
   2333.59555221      36.38609390
   2334.79754759      36.38851017
   2335.99786377      36.39240189
   2337.24079815      36.39766620
   2338.50810632      36.40418575
   2339.77885419      36.41183209
   2341.06260185      36.42046148
   2342.33237802      36.42991853
   2343.60111821      36.44006952
   2344.87445413      36.45079968
   2346.12418426      36.46199233
   2347.40375116      36.47353080
   2348.68588720      36.48527026
   2349.96706524      36.49706494
   2351.22353914      36.50877450
   2352.50357109      36.52027696
   2353.78359501      36.53145107
   2355.05014604      36.54217892
   2356.31762576      36.55234331
   2357.64163610      36.56183867
   2358.93286292      36.57056727
   2360.25480131      36.57843978
   2361.52140575      36.58537729
   2362.75203650      36.59131199
   2364.05257434      36.59621451
   2365.24267917      36.60008836
   2366.46435337      36.60295792
   2367.67643203      36.60486406
   2368.87882158      36.60587201
   2370.07873603      36.60607815
   2371.29579844      36.60557776
   2372.48949562      36.60446735
   2373.68625347      36.60283909
   2374.90190606      36.60080220
   2376.11441859      36.59848081
   2377.34504934      36.59600106
   2378.56157438      36.59349952
   2379.76731053      36.59109854
   2380.98498497      36.58889612
   2382.19543169      36.58697821
   2383.41383916      36.58542006
   2384.61900060      36.58429746
   2385.82172382      36.58366118
   2387.00222366      36.58354207
   2388.17676286      36.58396315
   2389.42329102      36.58493889
   2390.67036836      36.58647552
   2391.84277842      36.58854868
   2393.04600403      36.59110003
   2394.32444042      36.59404511
   2395.58445469      36.59726834
   2396.83387149      36.60065304
   2398.05369822      36.60407470
   2399.28309970      36.60740161
   2400.51680766      36.61048732
   2401.71716733      36.61318146
   2402.89063699      36.61534829
   2404.08983496      36.61685879
   2405.34197119      36.61757980
   2406.59368112      36.61739871
   2407.76256782      36.61621913
   2409.06100535      36.61399329
   2410.31803599      36.61069278
   2411.49912471      36.60630662
   2412.70193017      36.60085715
   2413.89762274      36.59439120
   2415.08317674      36.58698687
   2416.25615394      36.57874134
   2417.45576734      36.56973608
   2418.68981511      36.56009022
   2419.85575931      36.54995086
   2421.03008488      36.53949398
   2422.29263238      36.52890391
   2423.49246318      36.51836324
   2424.74890069      36.50806567
   2425.93608995      36.49819038
   2427.15034454      36.48891551
   2428.33515748      36.48042147
   2429.51548386      36.47288382
   2430.76142503      36.46647702
   2431.97317334      36.46135144
   2433.22053850      36.45765259
   2434.42335860      36.45552205
   2435.65596395      36.45506592
   2436.89463816      36.45636433
   2438.05977182      36.45945519
   2439.24573983      36.46433537
   2440.44545201      36.47097444
   2441.61565448      36.47931025
   2442.86149782      36.48925849
   2444.04883122      36.50070871
   2445.22023130      36.51352258
   2446.45066214      36.52753187
   2447.70403993      36.54254924
   2448.91065750      36.55836504
   2450.07533509      36.57471278
   2451.25871647      36.59130860
   2452.45961728      36.60788711
   2453.62017789      36.62417244
   2454.80379747      36.63989580
   2456.08453457      36.65476618
   2457.30072830      36.66850748
   2458.48502562      36.68085263
   2459.71003507      36.69153488
   2460.90464251      36.70029474
   2462.10747443      36.70688602
   2463.34931329      36.71108093
   2464.61395022      36.71271867
   2465.81407878      36.71164236
   2466.97123703      36.70772276
   2468.15784071      36.70086632
   2469.35806993      36.69102799
   2470.56371675      36.67821114
   2471.74456302      36.66245462
   2472.92765327      36.64384139
   2474.12024548      36.62249315
   2475.27888585      36.59857772
   2476.49729285      36.57231451
   2477.72990860      36.54395417
   2478.93004849      36.51379666
   2480.15395202      36.48216302
   2481.37156644      36.44938473
   2482.59013271      36.41582275
   2483.72770573      36.38183632
   2484.92379719      36.34779304
   2486.13014963      36.31407988
   2487.33003620      36.28108259
   2488.53015341      36.24918827
   2489.74606830      36.21875992
   2490.91306312      36.19012145
   2492.09706080      36.16356127
   2493.31676182      36.13932899
   2494.51595223      36.11761963
   2495.73824224      36.09856408
   2496.93903955      36.08227469
   2498.17198187      36.06882156
   2499.37329291      36.05820212
   2500.57823979      36.05036047
   2501.74792805      36.04517452
   2502.93161238      36.04247524
   2504.11196145      36.04203102
   2505.33407755      36.04356142
   2506.55306775      36.04675826
   2507.72713670      36.05127990
   2508.91662193      36.05675455
   2510.12590931      36.06280903
   2511.32512099      36.06903771
   2512.56301161      36.07506580
   2513.76298845      36.08053666
   2514.98158922      36.08511149
   2516.20080439      36.08846628
   2517.37047848      36.09029365
   2518.55415052      36.09030068
   2519.77411999      36.08823375
   2520.95731138      36.08389551
   2522.15894900      36.07714803
   2523.35481596      36.06788778
   2524.61065420      36.05606074
   2525.85614638      36.04164730
   2527.16441953      36.02468142
   2528.41924920      36.00525393
   2529.65010398      35.98349369
   2531.26897225      35.95958326
   2532.86465111      35.93375858
   2534.21472390      35.90628019
   2535.66939997      35.87743233
   2536.89133883      35.84750167
   2538.28170454      35.81679504
   2539.60545447      35.78563621
   2541.00778967      35.75434623
   2542.37025162      35.72322692
   2543.57772794      35.69256225
   2544.83241441      35.66264228
   2546.03531108      35.63373540
   2547.23776348      35.60608485
   2548.53746101      35.57992464
   2549.87552697      35.55546063
   2551.12672978      35.53287529
   2552.36225259      35.51231965
   2553.66305131      35.49392407
   2554.93451992      35.47778966
   2556.13339792      35.46397500
   2557.32218179      35.45252708
   2558.55503431      35.44348529
   2559.77040239      35.43685015
   2560.98658100      35.43260042
   2562.15531977      35.43066505
   2563.39010530      35.43092316
   2564.59157939      35.43321546
   2565.76616680      35.43734864
   2566.96719143      35.44310116
   2568.14594731      35.45025767
   2569.33579031      35.45859605
   2570.56592009      35.46788351
   2571.73641322      35.47786017
   2572.98534700      35.48828268
   2574.25101707      35.49892364
   2575.42554398      35.50958152
   2576.67128098      35.52007996
   2577.87262794      35.53026370
   2579.07475424      35.54000919
   2580.30903265      35.54922072
   2581.60791491      35.55782506
   2582.81530711      35.56579760
   2584.06939571      35.57314210
   2585.26776566      35.57989905
   2586.45938002      35.58612219
   2587.65640254      35.59187849
   2588.87449855      35.59724932
   2590.05823204      35.60234945
   2591.29189321      35.60732736
   2592.46454430      35.61235413
   2593.62469091      35.61761736
   2594.82545986      35.62332183
   2596.04548037      35.62964471
   2597.30069333      35.63674938
   2598.46982579      35.64478878
   2599.67349188      35.65390434
   2600.85013139      35.66421193
   2602.05096792      35.67581266
   2603.27590601      35.68879031
   2604.54041534      35.70317817
   2605.75957710      35.71895120
   2606.96621642      35.73603903
   2608.21831767      35.75432552
   2609.41879880      35.77364960
   2610.62284156      35.79383383
   2611.83587396      35.81467532
   2613.00711761      35.83593897
   2614.24285735      35.85738426
   2615.44487778      35.87875132
   2616.67307125      35.89977350
   2617.82882111      35.92019013
   2619.01603872      35.93976962
   2620.24495482      35.95828065
   2621.48188886      35.97549963
   2622.66336040      35.99122326
   2623.85862809      36.00527343
   2625.08973666      36.01748946
   2626.35848489      36.02774169
   2627.53917235      36.03593173
   2628.72635546      36.04198743
   2629.92698263      36.04582353
   2631.13003620      36.04736341
   2632.36291236      36.04654630
   2633.56480424      36.04333782
   2634.79838696      36.03772607
   2635.97167231      36.02973107
   2637.16915373      36.01939194
   2638.37033527      36.00677053
   2639.59234219      35.99193277
   2640.76420307      35.97495106
   2641.97994026      35.95588428
   2643.14745543      35.93482352
   2644.40555703      35.91188207
   2645.67495463      35.88718106
   2646.84021022      35.86084679
   2648.12227347      35.83301378
   2649.31713046      35.80381279
   2650.52496550      35.77336983
   2651.73173999      35.74181483
   2652.92937832      35.70928355
   2654.14622616      35.67591566
   2655.34975282      35.64182948
   2656.59217016      35.60719892
   2657.84068425      35.57218585
   2659.03606963      35.53694621
   2660.21037819      35.50164188
   2661.44192062      35.46642741
   2662.62934098      35.43145279
   2663.84499499      35.39686161
   2665.01589410      35.36278328
   2666.24706836      35.32932525
   2667.51630764      35.29658702
   2668.73440696      35.26465886
   2669.92679358      35.23361467
   2671.15283901      35.20350358
   2672.34997401      35.17436147
   2673.56769382      35.14619645
   2674.83711694      35.11898727
   2676.03270081      35.09268521
   2677.24767898      35.06723681
   2678.44698329      35.04284887
   2679.61508072      35.01890907
   2680.81380702      34.99535760
   2682.06842165      34.97213422
   2683.23328780      34.94917896
   2684.42074881      34.92643187
   2685.62037214      34.90383286
   2686.82926631      34.88132182
   2688.06030635      34.85883880
   2689.27971719      34.83632384
   2690.48169981      34.81371684
   2691.66565968      34.79095770
   2692.92175832      34.76798648
   2694.11204652      34.74474306
   2695.30714455      34.72116749
   2696.51405656      34.69719982
   2697.71607133      34.67277980
   2698.94854340      34.64784762
   2700.16481606      34.62234304
