      0.41918682      28.01420533
      1.64253597      27.99530038
      2.79914693      27.97804821
      3.97797701      27.96240924
      5.15587462      27.94834403
      6.34332713      27.93581273
      7.49722432      27.92477602
      8.67622455      27.91519407
      9.86981020      27.90702742
     11.04506541      27.90023637
     12.20743946      27.89478147
     13.35990085      27.89062300
     14.52522969      27.88772152
     15.70202044      27.88603719
     16.86420402      27.88553069
     18.02010275      27.88616218
     19.17204284      27.88789221
     20.33510738      27.89068121
     21.50101943      27.89448945
     22.66622871      27.89927751
     23.82966709      27.90502524
     25.00360039      27.91168817
     26.18292531      27.91922605
     27.36663232      27.92760215
     28.54244192      27.93677921
     29.69974526      27.94671478
     30.86714464      27.95736753
     32.04653052      27.96869475
     33.20425591      27.98064843
     34.38046345      27.99317483
     35.55095941      28.00622066
     36.70463920      28.01973014
     37.87873320      28.03364356
     39.03823232      28.04790653
     40.22003185      28.06246029
     41.39244002      28.07724784
     42.58241252      28.09221520
     43.75533584      28.10731271
     44.92679547      28.12248898
     46.10804913      28.13769327
     47.27369416      28.15288477
     48.44677959      28.16801302
     49.61298703      28.18302798
     50.77620470      28.19788259
     51.92636444      28.21253427
     53.07721988      28.22693311
     54.23671995      28.24103368
     55.38769070      28.25479410
     56.56406271      28.26817110
     57.74168478      28.28112553
     58.88957313      28.29362297
     60.05582264      28.30562860
     61.23915345      28.31712120
     62.42749542      28.32808963
     63.60646209      28.33851960
     64.78163648      28.34840132
     65.95249825      28.35773220
     67.12148137      28.36652612
     68.28974186      28.37480728
     69.46581753      28.38260453
     70.62539747      28.38995295
     71.78497741      28.39688844
     72.95926045      28.40344203
     74.14027261      28.40964444
     75.30234371      28.41553742
     76.46835028      28.42115921
     77.64293864      28.42654883
     78.82446736      28.43174858
     79.99836853      28.43681164
     81.16127947      28.44178766
     82.31167741      28.44672791
     83.47251876      28.45168855
     84.62874690      28.45671993
     85.81013006      28.46188078
     86.98019500      28.46722456
     88.14634478      28.47279712
     89.32784799      28.47862808
     90.51202762      28.48474657
     91.71051619      28.49117190
     92.87690843      28.49791100
     94.04891015      28.50496999
     95.20870985      28.51234343
     96.37290820      28.52000970
     97.53273862      28.52792800
     98.71196004      28.53606255
     99.89599646      28.54436452
    101.06617956      28.55277775
    102.22863726      28.56124634
    103.39371609      28.56971248
    104.54423928      28.57811564
    105.71328998      28.58640089
    106.89090213      28.59450960
    108.04837562      28.60237539
    109.24428654      28.60994265
    110.42408218      28.61716213
    111.57934760      28.62398311
    112.73677524      28.63034954
    113.92044870      28.63620213
    115.08202970      28.64148458
    116.26673961      28.64614614
    117.43587774      28.65015214
    118.61540210      28.65348450
    119.76628731      28.65613449
    120.92229947      28.65809424
    122.08975273      28.65937150
    123.27089722      28.65998109
    124.42965575      28.65995430
    125.61115092      28.65932757
    126.77428257      28.65815055
    127.94949194      28.65648798
    129.22184103      28.65442296
    130.44977929      28.65204552
    131.62144640      28.64944476
    132.77240439      28.64671996
    133.94390892      28.64397599
    135.11709171      28.64133130
    136.28352884      28.63889511
    137.44264798      28.63677459
    138.61259618      28.63507516
    139.77421404      28.63388998
    140.93929098      28.63331154
    142.11224597      28.63343585
    143.25949250      28.63436601
    144.43864775      28.63618676
    145.60742670      28.63898338
    146.76586338      28.64283324
    147.92828327      28.64779960
    149.10249211      28.65393006
    150.28031079      28.66126134
    151.44368064      28.66981602
    152.61939619      28.67960430
    153.80581555      28.69062795
    154.97391015      28.70287173
    156.13548831      28.71630055
    157.31055636      28.73087362
    158.48454213      28.74654714
    159.64289515      28.76327186
    160.80101093      28.78099462
    161.95579475      28.79965462
    163.11783797      28.81916848
    164.29070410      28.83944058
    165.46401308      28.86037369
    166.65604240      28.88188158
    167.84564862      28.90387583
    169.02854037      28.92627933
    170.20632975      28.94901401
    171.38122578      28.97201173
    172.56640594      28.99521673
    173.74243105      29.01857978
    174.92173375      29.04204850
    176.09575307      29.06558264
    177.26502968      29.08915350
    178.42503781      29.11273878
    179.59082273      29.13632039
    180.76945715      29.15988432
    181.92129894      29.18342907
    183.10336976      29.20697028
    184.27967560      29.23053367
    185.45937151      29.25415758
    186.64884209      29.27787832
    187.82691504      29.30173072
    189.00163242      29.32574239
    190.16666824      29.34994801
    191.33807305      29.37437491
    192.50724852      29.39904894
    193.67420411      29.42399418
    194.84596527      29.44923700
    196.03054616      29.47480270
    197.19155812      29.50071074
    198.37237131      29.52696655
    199.56275450      29.55356429
    200.74298117      29.58048900
    201.96067499      29.60771986
    203.14829527      29.63522341
    204.39524973      29.66294050
    205.56856674      29.69079619
    206.77594901      29.71869580
    207.93990207      29.74652932
    209.10063898      29.77419065
    210.27308448      29.80157152
    211.44685568      29.82855430
    212.62525852      29.85500556
    213.78370749      29.88079038
    214.94598559      29.90576703
    216.12157542      29.92979923
    217.28700541      29.95275656
    218.46751659      29.97451484
    219.63195219      29.99496240
    220.81119865      30.01400498
    221.98043178      30.03156113
    223.16063198      30.04756760
    224.34364992      30.06197868
    225.52414362      30.07477506
    226.66943636      30.08595376
    227.82651332      30.09553259
    228.99665907      30.10353589
    230.13716232      30.11000337
    231.31148695      30.11499258
    232.46832382      30.11859138
    233.64600497      30.12091169
    234.80263153      30.12208898
    235.97669386      30.12227613
    237.15119147      30.12164450
    238.34597520      30.12037894
    239.52020247      30.11867829
    240.72633042      30.11674900
    241.90717574      30.11479687
    243.10144762      30.11302767
    244.31151200      30.11165602
    245.48768597      30.11089301
    246.65726081      30.11093803
    247.83229862      30.11197605
    249.01235278      30.11417109
    250.20386931      30.11767998
    251.37516447      30.12263927
    252.54237480      30.12916660
    253.70694416      30.13736154
    254.88496276      30.14729208
    256.05348177      30.15900121
    257.24944515      30.17251709
    258.43896488      30.18785371
    259.61302815      30.20500809
    260.76743719      30.22396580
    261.94927217      30.24469939
    263.12545277      30.26716763
    264.30607454      30.29131531
    265.47358168      30.31706952
    266.64184264      30.34434037
    267.80417368      30.37303223
    268.96440677      30.40303414
    270.14143713      30.43422258
    271.30256347      30.46645679
    272.47833667      30.49959111
    273.65292266      30.53347797
    274.82445791      30.56797592
    276.10517704      30.60294867
    277.29347222      30.63826375
    278.45544171      30.67378353
    279.62759892      30.70937159
    280.78878906      30.74489680
    281.97430809      30.78023637
    283.14441556      30.81527876
    284.31385145      30.84992427
    285.53044927      30.88408260
    286.68963788      30.91767595
    287.87968032      30.95064026
    289.05206912      30.98292113
    290.23246073      31.01446333
    291.39713453      31.04521791
    292.56253994      31.07514596
    293.73586451      31.10421538
    294.91758512      31.13240565
    296.08010615      31.15970071
    297.26133713      31.18609443
    298.43501853      31.21159730
    299.59249532      31.23623067
    300.76905023      31.26003315
    301.92733284      31.28305713
    303.09288996      31.30536025
    304.25306256      31.32700972
    305.42776433      31.34808006
    306.60988525      31.36865397
    307.77720050      31.38881605
    308.93246781      31.40865157
    310.10621680      31.42824336
    311.27491493      31.44767507
    312.44356769      31.46702953
    313.62010558      31.48637392
    314.77034000      31.50576822
    315.93144838      31.52527107
    317.10599656      31.54493997
    318.28102066      31.56483017
    319.45242216      31.58498286
    320.61800244      31.60543232
    321.79612643      31.62620345
    322.93073142      31.64731582
    324.10537790      31.66879038
    325.27786217      31.69064807
    326.42737584      31.71290319
    327.60370720      31.73556783
    328.78005700      31.75864688
    329.94172118      31.78214049
    331.10540437      31.80604621
    332.28306757      31.83035043
    333.43768125      31.85503371
    334.59599977      31.88007089
    335.78108777      31.90543911
    336.97110469      31.93111226
    338.15417084      31.95706505
    339.29683300      31.98327421
    340.44874095      32.00971839
    341.61360569      32.03637829
    342.78073709      32.06323839
    343.93125650      32.09027734
    345.13042611      32.11747447
    346.34275951      32.14480815
    347.54175237      32.17225935
    348.73448825      32.19980996
    349.91311227      32.22744395
    351.07985944      32.25514595
    352.24880239      32.28289364
    353.41315576      32.31066337
    354.57907726      32.33843242
    355.73346031      32.36617793
    356.93161285      32.39387163
    358.09421092      32.42148372
    359.26390202      32.44899327
    360.44060344      32.47638598
    361.61957672      32.50364635
    362.79002117      32.53076038
    363.95753965      32.55771310
    365.13375333      32.58450098
    366.30885305      32.61112429
    367.48715617      32.63759010
    368.66980453      32.66390698
    369.85381402      32.69008486
    371.02918360      32.71613544
    372.20347279      32.74208033
    373.37339310      32.76794349
    374.54186674      32.79375183
    375.69856466      32.81953488
    376.86661531      32.84532051
    378.04166919      32.87114395
    379.22097898      32.89704152
    380.38863924      32.92305224
    381.54791529      32.94921639
    382.71806199      32.97557842
    383.89098767      33.00217915
    385.08020918      33.02905585
    386.24609335      33.05624250
    387.41557981      33.08377136
    388.57967796      33.11166989
    389.74633202      33.13996774
    390.94072490      33.16869252
    392.11624620      33.19786953
    393.28557716      33.22751903
    394.44918994      33.25766252
    395.61862677      33.28831577
    396.79176040      33.31949347
    397.96404995      33.35120921
    399.14517364      33.38347662
    400.32650717      33.41630152
    401.49502949      33.44968555
    402.67897612      33.48362994
    403.84534567      33.51813237
    405.00951850      33.55318387
    406.18021249      33.58876458
    407.35502864      33.62485192
    408.51333157      33.66141611
    409.68275375      33.69842791
    410.83903530      33.73584882
    411.99612549      33.77363546
    413.16717678      33.81173872
    414.33609987      33.85010992
    415.52300461      33.88869602
    416.69347033      33.92744043
    417.87179377      33.96627977
    419.03655217      34.00514469
    420.20929448      34.04396567
    421.37015001      34.08267214
    422.54895079      34.12119458
    423.73741280      34.15945874
    424.90625933      34.19739295
    426.08170643      34.23492702
    427.23283031      34.27198723
    428.39159499      34.30849892
    429.55393170      34.34438919
    430.70676787      34.37959343
    431.92940479      34.41405411
    433.10054634      34.44771941
    434.26976908      34.48054730
    435.45544643      34.51250596
    436.63733246      34.54357512
    437.80482069      34.57374921
    438.99079815      34.60303802
    440.17395552      34.63145950
    441.35580231      34.65904276
    442.53283693      34.68582330
    443.70286028      34.71184871
    444.87246725      34.73716892
    446.03213840      34.76184377
    447.18842987      34.78593595
    448.36053037      34.80951443
    449.53822570      34.83265116
    450.72115810      34.85541875
    451.89622805      34.87789624
    453.06108522      34.90016618
    454.24682543      34.92231779
    455.40963665      34.94443459
    456.56636246      34.96660347
    457.74258086      34.98890864
    458.92917462      35.01143292
    460.10337496      35.03425165
    461.27322580      35.05743666
    462.43732348      35.08105295
    463.64475490      35.10515697
    464.82696703      35.12980230
    465.98651483      35.15503016
    467.13860663      35.18087156
    468.30248974      35.20734580
    469.46669943      35.23446391
    470.62874879      35.26222207
    471.79860247      35.29060289
    472.97010416      35.31958078
    474.12326502      35.34912297
    475.28268475      35.37919492
    476.46327958      35.40975514
    477.67133628      35.44075820
    478.89192015      35.47215964
    480.06988912      35.50391700
    481.25974063      35.53598366
    482.43523262      35.56830968
    483.60529189      35.60083862
    484.77197336      35.63350711
    485.94209360      35.66624864
    487.10228227      35.69899547
    488.25169764      35.73168409
    489.40782937      35.76424690
    490.56900108      35.79662243
    491.73945640      35.82875083
    492.92002855      35.86058314
    494.09098673      35.89207121
    495.25056336      35.92317315
    496.41382309      35.95386231
    497.56558264      35.98412426
    498.74776830      36.01396050
    499.92225079      36.04338042
    501.07631576      36.07240606
    502.24420147      36.10106787
    503.40798013      36.12940978
    504.56692913      36.15748539
    505.81110082      36.18535454
    506.99171928      36.21308292
    508.14466274      36.24074221
    509.30957947      36.26841020
    510.48570996      36.29616347
    511.63309450      36.32408049
    512.80777171      36.35223785
    513.99354169      36.38071115
    515.16546969      36.40956922
    516.32963022      36.43888523
    517.50069805      36.46873004
    518.69304450      36.49917411
    519.87151682      36.53028475
    521.04126652      36.56212237
    522.21568520      36.59472788
    523.38347543      36.62812497
    524.55981577      36.66231132
    525.73072717      36.69725130
    526.89188659      36.73288342
    528.07778371      36.76912350
    529.26959279      36.80586396
    530.46618712      36.84297694
    531.63167760      36.88031883
    532.79577953      36.91772655
    533.95702875      36.95501349
    535.11417472      36.99198353
    536.30060684      37.02842504
    537.52335057      37.06412299
    538.71316001      37.09885092
    539.90838942      37.13239830
    541.15780006      37.16457022
    542.31909371      37.19518879
    543.49921546      37.22409718
    544.66511003      37.25114824
    545.84186201      37.27621289
    547.01634025      37.29919143
    548.18025313      37.32001438
    549.35025569      37.33863506
    550.52135896      37.35502643
    551.70065127      37.36920045
    552.87715986      37.38120527
    554.03742320      37.39112221
    555.19235732      37.39907233
    556.36416763      37.40521258
    557.51644753      37.40973623
    558.68979148      37.41287613
    559.87436906      37.41490117
    561.05729815      37.41611450
    562.22126869      37.41683072
    563.38030559      37.41738428
    564.54073624      37.41811777
    565.71767728      37.41936837
    566.89683961      37.42145094
    568.06867214      37.42466496
    569.33476331      37.42928872
    570.74488440      37.43557681
    572.05005813      37.44376957
    573.29270847      37.45408176
    574.55697582      37.46669113
    575.80090033      37.48173792
    577.05650179      37.49932684
    578.27965764      37.51951503
    579.56884133      37.54232724
    580.86343413      37.56775544
    582.12570467      37.59575380
    583.40202422      37.62624819
    584.71476218      37.65913320
    585.99016863      37.69429446
    587.24516419      37.73158072
    588.52928663      37.77081313
    589.84086290      37.81178047
    591.10526164      37.85423860
    592.39315557      37.89791700
    593.73449250      37.94253495
    595.06892121      37.98779269
    596.40480557      38.03337834
    597.71154177      38.07898766
    599.02494140      38.12433951
    600.30786434      38.16916242
    601.62278626      38.21320261
    602.91460622      38.25623673
    604.15509906      38.29806297
    605.46305887      38.33851497
    606.76845379      38.37746747
    608.09520767      38.41482337
    609.42391960      38.45051697
    610.73422359      38.48451481
    612.03104288      38.51683335
    613.33758011      38.54751053
    614.64954156      38.57660254
    616.01194349      38.60418498
    617.31459535      38.63036476
    618.63516362      38.65528075
    619.95104117      38.67910174
    621.24551251      38.70202180
    622.54906989      38.72423992
    623.86850058      38.74596528
    625.18882545      38.76742910
    626.50687185      38.78887945
    627.82016750      38.81057326
    629.07109193      38.83278621
    630.31226062      38.85577564
    631.54843564      38.87978894
    632.78625773      38.90505855
    634.04937756      38.93179733
    635.28483279      38.96018889
    636.49842760      38.99036176
    637.73096253      39.02241154
    638.98414608      39.05638857
    640.21051666      39.09230210
    641.43015908      39.13011594
    642.63857969      39.16977351
    643.95610243      39.21118750
    645.15530985      39.25424366
    646.36073407      39.29881101
    647.57513942      39.34472989
    648.83372119      39.39181504
    650.07481662      39.43986571
    651.28970216      39.48868035
    652.54866722      39.53804799
    653.76028650      39.58776233
    655.01446065      39.63761485
    656.23424533      39.68739215
    657.48630877      39.73689663
    658.73690758      39.78594302
    659.94525918      39.83435453
    661.18595383      39.88194291
    662.41046373      39.92854414
    663.64486927      39.97401649
    664.88055892      40.01825280
    666.11602218      40.06117132
    667.35342222      40.10272404
    668.58871392      40.14289015
    669.79874000      40.18167836
    671.04604278      40.21914632
    672.25129591      40.25539361
    673.46183196      40.29054331
    674.65469970      40.32473945
    675.88523309      40.35813695
    677.09154347      40.39088011
    678.34462115      40.42312915
    679.53692128      40.45504347
    680.77180700      40.48677704
    682.00768947      40.51846967
    683.24139601      40.55024784
    684.45876326      40.58223915
    685.67804649      40.61455510
    686.94805140      40.64729636
    688.18585459      40.68055105
    689.39433191      40.71440431
    690.61930261      40.74891450
    691.85473562      40.78411384
    693.08797758      40.82001648
    694.34005284      40.85660923
    695.54269098      40.89386856
    696.83956274      40.93176156
    698.07307409      40.97024606
    699.30838800      41.00924902
    700.64983458      41.04867171
    701.88111141      41.08838885
    703.15227990      41.12827247
    704.37836928      41.16818860
    705.58917094      41.20798939
    706.78885806      41.24751027
    708.06672543      41.28658192
    709.31735590      41.32506125
    710.55660104      41.36280491
    711.81846182      41.39969103
    713.04724795      41.43560061
    714.30446008      41.47044905
    715.52219455      41.50416726
    716.73883632      41.53671021
    717.95020795      41.56805819
    719.19951604      41.59820834
    720.48127588      41.62717672
    721.75318449      41.65499201
    722.96452304      41.68170032
    724.22396544      41.70735865
    725.45217356      41.73204478
    726.66259760      41.75584605
    727.91752982      41.77886050
    729.12905127      41.80120007
    730.31138439      41.82298922
    731.50179831      41.84436667
    732.71735873      41.86547959
    733.99535134      41.88649022
    735.24521145      41.90756478
    736.48001304      41.92887219
    737.69281859      41.95057429
    738.90886345      41.97283947
    740.11855635      41.99583774
    741.39825604      42.01973543
    742.63306048      42.04469875
    743.85427813      42.07088343
    745.13554786      42.09841460
    746.36942738      42.12738188
    747.59599032      42.15785574
    748.87854793      42.18990076
    750.13841522      42.22356919
    751.36229796      42.25887625
    752.59113655      42.29580644
    753.80681560      42.33431488
    755.07962692      42.37434307
    756.32912831      42.41582439
    757.57871807      42.45864961
    758.79518687      42.50268734
    760.00632503      42.54777099
    761.21708604      42.59372536
    762.42775488      42.64034930
    763.64615290      42.68742955
    764.87874076      42.73474537
    766.09825652      42.78206609
    767.35308524      42.82915110
    768.57595421      42.87573533
    769.83973524      42.92154975
    771.13941433      42.96630574
    772.37241526      43.00972301
    773.58623977      43.05153387
    774.82314451      43.09148414
    776.01233671      43.12934272
    777.22507656      43.16490643
    778.45882517      43.19800770
    779.68820444      43.22852005
    780.95507118      43.25636376
    782.20601641      43.28149369
    783.38239787      43.30391311
    784.63367819      43.32366648
    785.84033168      43.34085581
    787.02567962      43.35561820
    788.24252557      43.36812856
    789.47821757      43.37859389
    790.69048434      43.38725411
    791.91933664      43.39436275
    793.13370371      43.40019045
    794.33289837      43.40503767
    795.57576422      43.40920851
    796.78629743      43.41299758
    797.99288948      43.41669484
    799.24385693      43.42059218
    800.47570373      43.42497655
    801.75441660      43.43012707
    803.04427000      43.43629847
    804.27715560      43.44370537
    805.49240741      43.45254703
    806.76091083      43.46299767
    808.05891166      43.47520908
    809.28896109      43.48930666
    810.49729191      43.50538072
    811.77107161      43.52348091
    813.00926423      43.54359837
    814.27173422      43.56567844
    815.52306794      43.58961640
    816.73941292      43.61527119
    817.99382526      43.64246750
    819.20842250      43.67102064
    820.47955697      43.70072591
    821.75462786      43.73135562
    823.00736006      43.76268035
    824.23620007      43.79447811
    825.44723519      43.82652939
    826.66681428      43.85862746
    827.91673819      43.89057824
    829.15126661      43.92219171
    830.38731450      43.95330235
    831.59805802      43.98375853
    832.87163119      44.01343428
    834.10253701      44.04221006
    835.38292767      44.06998401
    836.57833715      44.09667994
    837.82650056      44.12223572
    839.04441273      44.14659135
    840.25800754      44.16969340
    841.51331645      44.19151818
    842.72728085      44.21204965
    843.98009055      44.23132087
    845.21861826      44.24940297
    846.45641057      44.26639454
    847.73368480      44.28241923
    848.94773286      44.29762189
    850.19508715      44.31216571
    851.42934760      44.32623650
    852.64493355      44.34003799
    853.89842288      44.35377039
    855.11356551      44.36763213
    856.33003100      44.38181784
    857.58272681      44.39649904
    858.81095431      44.41182505
    860.08584419      44.42792359
    861.35418597      44.44491993
    862.62960234      44.46291321
    863.84626869      44.48197769
    865.14708065      44.50217092
    866.35271802      44.52354089
    867.56689604      44.54611154
    868.82026580      44.56989009
    870.03776679      44.59488633
    871.31354472      44.62109495
    872.54769032      44.64848358
    873.76251583      44.67701142
    874.99667703      44.70661576
    876.22769344      44.73721352
    877.44676399      44.76870567
    878.66233009      44.80096736
    879.91655292      44.83385306
    881.98062272      44.86720064
    883.22158865      44.90083030
    884.46883755      44.93455490
    885.78031788      44.96816335
    886.98476662      45.00144919
    888.19611273      45.03421737
    889.42833478      45.06631258
    890.66456746      45.09760575
    891.92211326      45.12801215
    893.13649498      45.15745125
    894.37041515      45.18585314
    895.57746564      45.21317023
    896.79415137      45.23937055
    898.02043216      45.26443030
    899.24622994      45.28834609
    900.48687686      45.31111477
    901.71933002      45.33273486
    902.95693943      45.35321248
    904.21001616      45.37255782
    905.45746214      45.39078000
    906.68972248      45.40789929
    907.93524066      45.42394547
    909.16625518      45.43895513
    910.38650443      45.45294363
    911.59729238      45.46593546
    912.85578908      45.47796843
    914.07206505      45.48910850
    915.30380126      45.49942136
    916.53739437      45.50898400
    917.78217243      45.51787190
    918.99378745      45.52614423
    920.22864009      45.53385334
    921.48131510      45.54105242
    922.69771490      45.54776908
    923.92857440      45.55402290
    925.14302749      45.55981170
    926.39383944      45.56512421
    927.64462021      45.56994626
    928.85507968      45.57426318
    930.08429637      45.57805007
    931.33802011      45.58129456
    932.56854075      45.58398958
    933.76187544      45.58615851
    934.99381817      45.58783577
    936.22352922      45.58908120
    937.46055022      45.58995927
    938.69030096      45.59053989
    939.92703509      45.59087896
    941.14063983      45.59103551
    942.35153978      45.59108461
    943.56441953      45.59109971
    944.79848101      45.59115329
    946.06063246      45.59133922
    947.25578341      45.59173133
    948.48728756      45.59239954
    950.36320916      45.59341294
    951.64572755      45.59484512
    952.87766556      45.59677182
    954.07452171      45.59927628
    955.26718670      45.60243196
    956.47818071      45.60630617
    957.72073322      45.61096011
    958.97486341      45.61647745
    960.20898397      45.62294113
    961.44215267      45.63043657
    962.66004121      45.63901165
    963.88579220      45.64869561
    965.13193139      45.65948927
    966.35985311      45.67137684
    967.57382791      45.68433113
    968.79013129      45.69830767
    970.10236592      45.71323599
    971.30969148      45.72904823
    972.54996361      45.74565531
    973.75751980      45.76297834
    974.94875607      45.78092728
    976.18022525      45.79940734
    977.43423115      45.81832113
    978.66536146      45.83758391
    979.88724691      45.85710770
    981.10255922      45.87681129
    982.32831730      45.89660506
    983.59763550      45.91640208
    984.79862090      45.93610295
    986.00670643      45.95560144
    987.27447351      45.97477460
    988.50533348      45.99351498
    989.72349094      46.01172655
    990.99135253      46.02930541
    992.22664140      46.04614983
    993.48031741      46.06216364
    994.73435781      46.07722933
    995.99388670      46.09124911
    997.22874076      46.10413853
    998.47434873      46.11582807
    999.70668847      46.12626022
   1000.91613277      46.13537960
   1002.14715674      46.14313238
   1003.37531854      46.14947351
   1004.59768796      46.15436521
   1005.85091404      46.15777712
   1007.06461661      46.15966384
   1008.31151719      46.15998332
   1009.50932236      46.15868389
   1010.77737348      46.15573019
   1012.01696552      46.15109977
   1013.30634110      46.14478992
   1014.57449383      46.13681831
   1015.80732225      46.12721772
   1017.03535361      46.11603630
   1018.25576261      46.10334791
   1019.48142428      46.08922163
   1020.76106348      46.07375580
   1022.00564210      46.05704685
   1023.25906904      46.03921120
   1024.50091593      46.02038052
   1025.78626576      46.00069923
   1027.03944033      45.98030608
   1028.34470008      45.95934196
   1029.57871713      45.93793594
   1030.87074787      45.91621534
   1032.10815216      45.89429753
   1033.35653014      45.87230219
   1035.11389635      45.85034888
   1036.37560306      45.82857904
   1037.63052300      45.80712094
   1038.86053462      45.78608882
   1040.14794884      45.76559515
   1041.39275810      45.74575528
   1042.62838110      45.72667502
   1043.82939912      45.70846779
   1045.08086990      45.69123127
   1046.33719965      45.67505194
   1047.56504858      45.65998502
   1048.83191438      45.64605568
   1050.07876392      45.63327317
   1051.31106821      45.62161994
   1052.57995538      45.61105450
   1053.80318733      45.60151553
   1055.00132616      45.59292250
   1056.20120659      45.58519448
   1057.45802456      45.57823926
   1058.68236337      45.57195987
   1059.91565495      45.56624723
   1061.14574881      45.56099512
   1062.35986445      45.55608901
   1063.59185634      45.55140786
   1064.80614685      45.54681974
   1066.05807654      45.54218959
   1067.27289780      45.53737148
   1068.50851277      45.53223892
   1069.73884199      45.52665549
   1070.98629790      45.52048994
   1072.20354226      45.51361361
   1073.49408426      45.50589171
   1074.74228926      45.49718810
   1075.95677401      45.48737520
   1077.19028726      45.47634135
   1078.40488686      45.46400808
   1079.64225901      45.45032274
   1080.85752547      45.43527446
   1082.11374747      45.41887914
   1083.32445082      45.40118250
   1084.56332448      45.38224083
   1085.79980954      45.36214336
   1087.01839755      45.34102337
   1088.28788211      45.31903075
   1089.54707923      45.29632028
   1090.76731195      45.27306455
   1092.00237490      45.24944146
   1093.23595053      45.22563543
   1094.44462068      45.20181853
   1095.65210456      45.17818265
   1096.86641208      45.15492298
   1098.12485632      45.13222692
   1099.39835010      45.11028286
   1100.69218339      45.08928039
   1101.89588824      45.06940134
   1103.18864066      45.05083071
   1104.40922548      45.03373590
   1105.64124572      45.01826953
   1106.86578398      45.00457086
   1108.06382214      44.99277060
   1109.32477882      44.98295730
   1110.53514093      44.97520044
   1111.79580364      44.96953813
   1113.04741384      44.96598204
   1114.32297106      44.96450499
   1115.53357563      44.96504984
   1116.74821918      44.96751037
   1117.99612265      44.97174596
   1119.23005416      44.97759148
   1120.47719483      44.98484605
   1121.66514453      44.99330008
   1122.91869388      45.00273406
   1124.13060760      45.01292601
   1125.37056497      45.02364432
   1126.60935450      45.03464349
   1127.84027969      45.04566985
   1129.03045163      45.05644501
   1130.26208055      45.06668552
   1131.49160349      45.07611555
   1132.75209795      45.08448064
   1133.96794478      45.09153255
   1135.22016560      45.09701208
   1136.46098786      45.10068159
   1137.67520748      45.10232907
   1138.90874388      45.10176028
   1140.12207970      45.09881188
   1141.41476927      45.09334773
   1142.65052460      45.08529315
   1143.86346059      45.07460082
   1145.09158837      45.06127074
   1146.32575949      45.04535894
   1147.54598087      45.02697368
   1148.73945923      45.00627274
   1150.01277294      44.98347277
   1151.27243653      44.95881900
   1152.51811445      44.93260141
   1153.74073482      44.90513865
   1154.97098370      44.87677144
   1156.18909626      44.84785122
   1157.42896005      44.81876560
   1158.64120082      44.78990536
   1159.86534539      44.76165566
   1161.10086394      44.73440208
   1162.31810830      44.70853947
   1163.58329867      44.68444157
   1164.80130726      44.66246977
   1166.01866316      44.64297400
   1167.23025124      44.62627566
   1168.47060561      44.61267559
   1169.69281765      44.60242366
   1170.90426915      44.59571897
   1172.15988950      44.59269441
   1173.40349925      44.59342505
   1174.66118542      44.59792640
   1175.91830775      44.60615425
   1177.17036552      44.61802550
   1178.38260535      44.63341462
   1179.59663072      44.65213976
   1180.86927047      44.67395190
   1182.15980065      44.69856146
   1183.40777738      44.72564053
   1184.62734465      44.75482475
   1185.85650179      44.78572608
   1187.09308893      44.81794697
   1188.34981048      44.85107245
   1189.60032232      44.88469382
   1190.81315056      44.91838700
   1192.05449647      44.95174274
   1193.31017591      44.98436213
   1194.54380825      45.01585183
   1195.76694709      45.04583320
   1196.99409985      45.07395056
   1198.25874010      45.09986037
   1199.54000699      45.12325578
   1200.77446122      45.14385717
   1201.96877517      45.16142937
   1203.20306114      45.17579774
   1204.42853281      45.18683920
   1205.63099278      45.19447229
   1206.89644451      45.19867183
   1208.11877611      45.19948285
   1209.38467257      45.19699035
   1210.64220939      45.19131104
   1211.88321786      45.18262116
   1213.10284610      45.17113862
   1214.35184982      45.15710742
   1215.57155226      45.14079099
   1216.82621226      45.12247129
   1218.07424051      45.10244576
   1219.29534047      45.08101064
   1220.51875579      45.05848338
   1221.78950224      45.03518657
   1223.04273919      45.01144284
   1224.29602246      44.98757860
   1225.55456737      44.96390696
   1226.77063917      44.94071977
   1227.97609553      44.91828907
   1229.20681797      44.89687327
   1230.40302049      44.87669854
   1231.65935214      44.85797380
   1232.87335529      44.84087152
   1234.12309346      44.82552483
   1235.32402972      44.81201889
   1236.55860682      44.80040537
   1237.80843290      44.79068428
   1239.00382914      44.78281332
   1240.27684273      44.77669782
   1241.50793523      44.77220137
   1242.70590960      44.76916225
   1243.93924088      44.76739006
   1245.17096291      44.76667438
   1246.44138704      44.76679339
   1247.66551789      44.76751641
   1248.94647286      44.76861781
   1250.12781301      44.76987916
   1251.36508120      44.77106896
   1252.58445848      44.77196431
   1253.83492637      44.77235071
   1255.04252462      44.77201735
   1256.28368338      44.77075519
   1257.51507978      44.76837571
   1258.76698773      44.76471069
   1259.98339131      44.75958996
   1261.24141634      44.75286323
   1262.44129535      44.74440118
   1263.69214086      44.73410327
   1264.93555353      44.72187704
   1266.14286727      44.70766358
   1267.41785073      44.69145432
   1268.78327599      44.67326601
   1270.37952719      44.65314623
   1272.19218718      44.63117524
   1274.23158544      44.60745612
   1275.92844112      44.58211388
   1277.75327003      44.55530220
   1279.17319035      44.52719245
   1280.49900231      44.49797165
   1282.21053321      44.46783387
   1283.73812882      44.43696872
   1285.55895939      44.40557626
   1287.16165803      44.37385956
   1288.37253200      44.34202208
   1289.60478997      44.31025343
   1290.85225013      44.27873571
   1292.11914144      44.24764995
   1293.40878689      44.21717678
   1294.65533112      44.18749490
   1295.86097605      44.15876972
   1297.07679122      44.13117272
   1298.33131179      44.10485393
   1299.54853016      44.07995005
   1300.76267889      44.05658116
   1302.10073775      44.03484070
   1303.31967456      44.01478757
   1304.56914806      43.99647045
   1305.83921725      43.97991682
   1307.09222168      43.96513716
   1308.36175445      43.95212493
   1309.56523952      43.94085796
   1310.80136539      43.93130321
   1312.01881628      43.92342150
   1313.29280205      43.91717774
   1314.53201363      43.91252176
   1315.76469649      43.90939437
   1317.00984319      43.90773384
   1318.22001673      43.90749990
   1319.46714464      43.90864374
   1320.70042772      43.91110658
   1321.91998554      43.91483214
   1323.12132399      43.91976395
   1324.37216619      43.92584585
   1325.59141350      43.93301909
   1326.77798930      43.94122845
   1328.02583842      43.95039802
   1329.27023650      43.96044825
   1330.57958769      43.97128924
   1331.86659357      43.98283190
   1333.09060202      43.99498714
   1334.26726705      44.00765663
   1335.75106244      44.02072775
   1336.89931140      44.03407864
   1338.05382583      44.04758690
   1339.23313042      44.06112208
   1340.38520237      44.07454152
   1341.56658175      44.08770894
   1342.66613797      44.10049404
   1343.78908776      44.11277250
   1344.93736318      44.12439935
   1346.04338526      44.13523544
   1347.17294270      44.14514708
   1348.31744475      44.15401362
   1349.47537148      44.16173593
   1350.59494206      44.16824939
   1351.67903047      44.17350436
   1352.84800887      44.17746929
   1354.06683886      44.18013288
   1355.28326370      44.18151446
   1356.50372044      44.18165618
   1357.69362015      44.18060851
   1358.88920638      44.17842257
   1360.07883954      44.17515333
   1361.28210343      44.17086960
   1362.46564550      44.16565298
   1363.61452209      44.15959148
   1364.76865512      44.15277091
   1365.94093474      44.14529138
   1367.14491512      44.13725666
   1368.31051430      44.12876319
   1369.56398189      44.11990929
   1370.74626491      44.11078324
   1371.91775762      44.10147357
   1373.10386837      44.09205415
   1374.30353423      44.08259909
   1375.52084145      44.07316525
   1376.72197856      44.06379166
   1377.90858177      44.05450131
   1379.12448012      44.04529787
   1380.28004660      44.03616039
   1381.48401138      44.02705787
   1382.71568473      44.01794011
   1383.93200560      44.00873368
   1385.13435214      43.99936648
   1386.35225769      43.98977814
   1387.61537091      43.97989778
   1388.88311766      43.96963932
   1390.15460329      43.95891353
   1391.43363092      43.94764820
   1392.69033121      43.93579000
   1393.85711193      43.92329351
   1395.05430837      43.91011739
   1396.26024538      43.89622600
   1397.45408104      43.88157514
   1398.69695068      43.86612386
   1399.85999868      43.84983735
   1401.06228614      43.83267658
   1402.36133949      43.81459286
   1403.56828695      43.79552864
   1404.79886477      43.77542940
   1406.03006031      43.75425787
   1407.24993620      43.73199147
   1408.45359283      43.70862856
   1409.66892593      43.68419132
   1410.83863452      43.65872572
   1412.02613333      43.63229459
   1413.30681749      43.60497002
   1414.53962559      43.57684300
   1415.75781046      43.54803743
   1416.98748842      43.51868157
   1418.21561289      43.48892244
   1419.42080316      43.45889959
   1420.63731686      43.42875175
   1421.90929590      43.39861710
   1423.12731440      43.36864104
   1424.41472106      43.33897508
   1425.58379020      43.30975917
   1426.81808798      43.28112593
   1428.03811511      43.25320985
   1429.23994603      43.22613092
   1430.44231053      43.20001438
   1431.64023858      43.17499747
   1432.84561601      43.15120804
   1434.09717848      43.12875013
   1435.33118655      43.10771542
   1436.54981048      43.08818796
   1437.75098777      43.07023222
   1438.95340048      43.05388465
   1440.15270857      43.03914266
   1441.33715381      43.02597701
   1442.55574938      43.01433058
   1443.87014292      43.00410925
   1445.02871902      42.99519142
   1446.20336314      42.98744260
   1447.38544814      42.98070431
   1448.55784544      42.97481949
   1449.70195521      42.96962368
   1450.88914920      42.96496715
   1452.10690587      42.96071252
   1453.30702450      42.95673902
   1454.45946935      42.95294669
   1455.66347808      42.94924263
   1456.86637664      42.94554591
   1458.06846229      42.94178758
   1459.26811303      42.93791310
   1460.47245685      42.93389934
   1461.67182118      42.92973720
   1462.88496134      42.92541212
   1464.15779676      42.92092587
   1465.39592841      42.91628525
   1466.64366788      42.91151856
   1467.85058888      42.90667515
   1469.09072112      42.90181515
   1470.28192667      42.89701336
   1471.50843999      42.89234962
   1472.77829272      42.88792647
   1474.02987268      42.88385424
   1475.23271830      42.88024715
   1476.43391969      42.87723306
   1477.63502136      42.87493097
   1478.84119279      42.87344018
   1480.08884530      42.87283684
   1481.29400060      42.87318380
   1482.60027081      42.87452145
   1483.82851060      42.87686474
   1485.00763796      42.88019900
   1486.17443239      42.88447743
   1487.40766537      42.88962482
   1488.65506220      42.89554800
   1489.90828733      42.90212933
   1491.07611159      42.90925374
   1492.26082292      42.91681419
   1493.44631548      42.92468597
   1494.66126104      42.93274939
   1495.84922018      42.94086870
   1497.08029094      42.94891607
   1498.29028253      42.95675766
   1499.56794336      42.96426072
   1500.82452549      42.97128883
   1502.02327306      42.97768913
   1503.24208887      42.98332235
   1504.39307758      42.98805613
   1505.59477144      42.99176985
   1506.84690105      42.99436068
   1508.00130631      42.99571696
   1509.23222536      42.99573505
   1510.48205002      42.99433702
   1511.70136775      42.99147009
   1512.87310812      42.98710230
   1514.04057981      42.98122849
   1515.20862998      42.97387069
   1516.36119629      42.96508955
   1517.57742405      42.95495704
   1518.76121803      42.94356807
   1519.94830283      42.93101895
   1521.14894228      42.91743344
   1522.32908293      42.90294483
   1523.56170010      42.88769077
   1524.81094486      42.87180019
   1525.98398444      42.85539902
   1527.15043008      42.83863499
   1528.40171040      42.82165035
   1529.63730174      42.80457676
   1530.83522979      42.78752983
   1532.01634734      42.77061388
   1533.23586262      42.75394328
   1534.44471945      42.73763828
   1535.64720684      42.72180890
   1536.86334008      42.70657496
   1538.08294090      42.69203835
   1539.26820803      42.67827127
   1540.49966302      42.66534010
   1541.75689926      42.65328319
   1543.00446103      42.64212843
   1544.23144602      42.63187759
   1545.47693395      42.62251488
   1546.67674396      42.61400862
   1547.87447823      42.60630631
   1549.16260421      42.59936129
   1550.36267652      42.59311699
   1551.53321928      42.58751384
   1552.71289251      42.58247702
   1553.91443891      42.57791679
   1555.11975821      42.57375369
   1556.31870947      42.56991716
   1557.52780073      42.56634761
   1558.72379388      42.56298466
   1559.94111197      42.55978614
   1561.15064181      42.55672213
   1562.34585752      42.55376489
   1563.52978572      42.55086736
   1564.71238728      42.54799404
   1565.91806530      42.54510984
   1567.10432586      42.54219844
   1568.33567877      42.53923181
   1569.53683621      42.53617950
   1570.73531628      42.53300247
   1572.01090894      42.52968345
   1573.23898756      42.52622897
   1574.47486814      42.52262337
   1575.69182137      42.51884573
   1576.94123249      42.51487645
   1578.16461141      42.51070084
   1579.41515681      42.50632041
   1580.64597142      42.50172413
   1581.89912613      42.49690724
   1583.14882035      42.49186417
   1584.37798268      42.48657370
   1585.57223850      42.48100632
   1586.80897972      42.47512435
   1588.04241450      42.46886985
   1589.27558699      42.46218624
   1590.51283721      42.45500716
   1591.73424722      42.44727071
   1592.93008630      42.43890644
   1594.16748965      42.42982989
   1595.37873178      42.41996314
   1596.65023253      42.40923191
   1597.86474847      42.39756045
   1599.09474072      42.38486458
   1600.42538849      42.37107043
   1601.62404720      42.35612008
   1602.87222054      42.33996482
   1604.11396677      42.32257161
   1605.32894399      42.30390821
   1606.53071913      42.28396457
   1607.75452436      42.26273917
   1608.96688139      42.24022020
   1610.23908067      42.21640058
   1611.48487816      42.19130084
   1612.65412074      42.16495118
   1613.87279241      42.13740696
   1615.09033594      42.10872896
   1616.29576488      42.07899758
   1617.54987996      42.04832012
   1618.76687572      42.01683504
   1619.96547110      41.98469264
   1621.15037100      41.95204400
   1622.35420203      41.91905031
   1623.62303155      41.88588444
   1624.90254126      41.85273121
   1626.12492863      41.81979098
   1627.40713226      41.78726448
   1628.70520871      41.75536158
   1629.97832391      41.72427433
   1631.21179178      41.69418878
   1632.47920440      41.66527862
   1633.72743492      41.63769985
   1634.93613296      41.61160058
   1636.21747405      41.58712621
   1637.43402887      41.56440119
   1638.62001768      41.54353255
   1639.81981067      41.52459088
   1641.02131784      41.50763602
   1642.22329196      41.49273409
   1643.42356797      41.47993974
   1644.68210910      41.46928277
   1645.89394484      41.46077842
   1647.08010379      41.45442490
   1648.28308269      41.45020306
   1649.50040881      41.44807370
   1650.73721478      41.44797795
   1651.93522601      41.44982699
   1653.13619581      41.45352398
   1654.34578851      41.45893169
   1655.53782209      41.46587970
   1656.73855134      41.47418902
   1658.01025814      41.48367237
   1659.19721203      41.49412722
   1660.36493374      41.50535203
   1661.56762151      41.51712223
   1662.81588512      41.52921681
   1664.00251763      41.54141571
   1665.21873688      41.55349668
   1666.45685767      41.56524063
   1667.66583644      41.57642613
   1668.85107851      41.58682645
   1670.09931990      41.59623254
   1671.30021362      41.60444217
   1672.51071942      41.61126682
   1673.71383396      41.61652478
   1674.88942426      41.62004224
   1676.08733246      41.62165340
   1677.28981700      41.62121409
   1678.50669178      41.61859347
   1679.75884029      41.61368220
   1680.95907849      41.60639934
   1682.14126605      41.59669198
   1683.39762368      41.58452790
   1684.64645207      41.56990655
   1685.90210456      41.55285663
   1687.14710995      41.53346232
   1688.35076375      41.51184386
   1689.55304082      41.48813658
   1690.80373982      41.46249702
   1692.11230646      41.43510336
   1693.41504197      41.40613812
   1694.58333129      41.37581727
   1695.83614194      41.34436701
   1697.09259504      41.31202889
   1698.34215787      41.27905288
   1699.59375248      41.24568966
   1700.82275318      41.21217628
   1702.02573823      41.17876287
   1703.19573511      41.14571655
   1704.34842099      41.11330919
   1705.50000284      41.08181378
   1706.68286812      41.05150123
   1707.85231582      41.02262739
   1709.08839584      40.99545895
   1710.27356419      40.97025462
   1711.48957502      40.94727227
   1712.65785252      40.92675344
   1713.82304951      40.90890950
   1714.99543263      40.89392446
   1716.17973042      40.88195515
   1717.34267870      40.87311308
   1718.49678243      40.86748749
   1719.66976105      40.86512977
   1720.90074721      40.86604484
   1722.11078038      40.87020508
   1723.30532166      40.87754737
   1724.47395552      40.88796320
   1725.65576829      40.90131341
   1726.80982948      40.91743127
   1728.03006267      40.93612431
   1729.23029378      40.95717140
   1730.41307305      40.98033560
   1731.55047120      41.00535264
   1732.71368225      41.03194807
   1733.88829376      41.05982021
   1735.06656143      41.08864387
   1736.26621311      41.11807984
   1737.46899021      41.14777191
   1738.62207356      41.17736171
   1739.82419372      41.20650798
   1741.03642976      41.23484976
   1742.29844178      41.26203791
   1743.52687487      41.28771651
   1744.71608740      41.31153137
   1745.91367374      41.33316248
   1747.14710239      41.35232938
   1748.34869511      41.36878249
   1749.54890400      41.38229836
   1750.76965943      41.39268916
   1751.98236053      41.39981385
   1753.16451217      41.40358170
   1754.32153478      41.40395885
   1755.47210239      41.40095170
   1756.63863877      41.39460797
   1757.77958013      41.38500031
   1758.92681485      41.37222991
   1760.07509736      41.35642406
   1761.21111878      41.33773808
   1762.37546553      41.31635655
   1763.54465423      41.29249966
   1764.67751952      41.26638979
   1765.82883150      41.23825882
   1766.96414589      41.20836001
   1768.20081006      41.17695246
   1769.38309639      41.14431484
   1770.54915118      41.11075849
   1771.77097142      41.07660818
   1772.93627474      41.04218939
   1774.12777190      41.00782610
   1775.32162646      40.97384172
   1776.49223018      40.94054120
   1777.69193527      40.90822633
   1778.85863943      40.87716641
   1779.99122304      40.84759226
   1781.14126132      40.81970380
   1782.29244664      40.79367430
   1783.46249551      40.76965066
   1784.68979810      40.74773761
   1785.84503564      40.72798601
   1787.01578587      40.71042102
   1788.20154546      40.69501898
   1789.34981379      40.68172793
   1790.54897206      40.67049741
   1791.70357771      40.66124623
   1792.83783390      40.65387782
   1794.00445441      40.64829208
   1795.17680161      40.64438645
   1796.41004736      40.64205975
   1797.57848035      40.64119813
   1798.71198508      40.64168287
   1799.85801321      40.64337659
   1801.01557933      40.64613634
   1802.16165425      40.64980830
   1803.36353101      40.65422845
   1804.56690030      40.65923222
   1805.75137201      40.66465937
   1806.93945167      40.67034984
   1808.05606131      40.67614518
   1809.22615838      40.68187727
   1810.37409967      40.68740602
   1811.51368603      40.69261734
   1812.67519755      40.69742987
   1813.86089381      40.70179983
   1815.03039728      40.70569757
   1816.16747264      40.70909534
   1817.33299336      40.71197995
   1818.48174188      40.71435997
   1819.65210125      40.71625580
   1820.95502628      40.71768239
   1822.15460707      40.71864806
   1823.36922368      40.71914095
   1824.64577339      40.71914558
   1825.96258058      40.71865948
   1827.19424920      40.71767301
   1828.41299790      40.71616290
   1829.65250392      40.71409543
   1830.85182714      40.71142694
   1832.07459213      40.70812166
   1833.28612020      40.70413524
   1834.50650179      40.69944335
   1835.71509112      40.69405291
   1837.01027894      40.68796298
   1838.18062934      40.68119219
   1839.38457994      40.67375455
   1840.58256234      40.66564884
   1841.78212989      40.65687042
   1842.95520115      40.64740816
   1844.13515039      40.63725592
   1845.33821578      40.62639086
   1846.51876808      40.61479489
   1847.72314120      40.60243876
   1849.02482986      40.58929569
   1850.22587718      40.57535806
   1851.45661994      40.56062314
   1852.72972049      40.54509678
   1853.94447937      40.52879015
   1855.13182506      40.51173274
   1856.33656729      40.49399829
   1857.58446746      40.47567627
   1858.76857525      40.45688068
   1859.93814867      40.43773092
   1861.16934562      40.41834273
   1862.39671012      40.39884968
   1863.62448012      40.37939866
   1864.84103163      40.36012118
   1866.06650850      40.34113218
   1867.27688999      40.32252999
   1868.43996021      40.30441131
   1869.61039662      40.28687434
   1870.78589665      40.27002557
   1872.00713604      40.25396171
   1873.20676551      40.23875824
   1874.40849103      40.22448902
   1875.61023829      40.21121674
   1876.81178706      40.19899336
   1878.01152712      40.18787260
   1879.23022856      40.17789092
   1880.38983165      40.16908857
   1881.58543112      40.16149003
   1882.78061327      40.15508157
   1884.01259098      40.14982551
   1885.21283958      40.14565099
   1886.48253682      40.14248226
   1888.15580515      40.14023404
   1889.46102756      40.13880594
   1890.75253086      40.13808306
   1892.05273976      40.13792556
   1893.33716279      40.13819540
   1894.55442511      40.13875385
   1895.82341768      40.13947660
   1897.03811558      40.14024682
   1898.28974564      40.14093965
   1899.48790952      40.14143268
   1900.69250950      40.14161085
   1901.92275460      40.14138141
   1903.12684368      40.14066886
   1904.34670397      40.13938439
   1905.54661559      40.13745021
   1906.73020634      40.13478158
   1907.94944846      40.13129812
   1909.21778456      40.12693850
   1910.43432378      40.12163606
   1911.69131520      40.11532335
   1912.88954005      40.10796296
   1914.08887130      40.09953763
   1915.28233170      40.09005387
   1916.53508280      40.07952829
   1917.75570165      40.06798930
   1918.98337996      40.05546412
   1920.15414296      40.04199313
   1921.35230401      40.02762775
   1922.60261830      40.01241925
   1923.84144706      39.99643645
   1924.99478987      39.97975457
   1926.19261820      39.96244827
   1927.41405231      39.94460092
   1928.64822532      39.92628489
   1929.86207866      39.90756927
   1931.16581422      39.88852872
   1932.38865011      39.86925954
   1933.67031873      39.84987489
   1934.87230939      39.83046930
   1936.06485812      39.81113660
   1937.27722602      39.79197406
   1938.46550088      39.77309033
   1939.70216836      39.75461122
   1940.94991162      39.73666092
   1942.13732301      39.71935435
   1943.33933163      39.70278903
   1944.54134214      39.68704791
   1945.78131936      39.67220582
   1946.99748521      39.65833157
   1948.19663639      39.64548336
   1949.38066667      39.63370541
   1950.58271168      39.62301920
   1951.83866382      39.61344718
   1953.05153317      39.60500212
   1954.25303845      39.59769614
   1955.42548160      39.59153453
   1956.61007997      39.58651078
   1957.79246413      39.58262106
   1958.94829811      39.57985274
   1960.12354576      39.57817616
   1961.29633297      39.57754766
   1962.46570269      39.57790564
   1963.64717942      39.57917827
   1964.86499660      39.58127553
   1966.05229644      39.58409703
   1967.28197866      39.58752703
   1968.47403303      39.59144966
   1969.70726317      39.59574754
   1970.90307721      39.60028887
   1972.20552063      39.60494132
   1973.44335501      39.60956508
   1974.67948371      39.61402263
   1975.93780413      39.61819266
   1977.16718765      39.62196772
   1978.39888982      39.62525736
   1979.61383112      39.62797006
   1980.85391705      39.63000312
   1982.07148373      39.63128119
   1983.27197525      39.63174756
   1984.50492561      39.63136402
   1985.74158553      39.63008880
   1986.89164367      39.62787281
   1988.07833289      39.62467688
   1989.27881732      39.62047040
   1990.45942350      39.61524208
   1991.71290243      39.60899575
   1993.01305934      39.60175831
   1994.25532875      39.59356759
   1995.48731355      39.58447608
   1996.72072849      39.57454758
   1997.92435866      39.56386681
   1999.12617682      39.55253864
   2000.42845010      39.54067500
   2001.64382526      39.52839396
   2002.83085288      39.51582198
   2004.05126661      39.50308014
   2005.23565467      39.49027505
   2006.40709728      39.47751838
   2007.62130130      39.46490996
   2008.85862384      39.45255261
   2010.10592898      39.44053719
   2011.29206666      39.42893931
   2012.49196599      39.41782889
   2013.69175284      39.40727080
   2014.94813127      39.39733427
   2016.17136180      39.38806895
   2017.39955432      39.37951372
   2018.59671201      39.37169703
   2019.82015757      39.36463477
   2021.05838091      39.35834205
   2022.26272048      39.35282649
   2023.52354056      39.34808006
   2024.79016012      39.34407324
   2026.02933248      39.34075966
   2027.23058349      39.33807511
   2028.42984290      39.33595963
   2029.58263370      39.33433773
   2030.78157977      39.33312426
   2031.94605932      39.33221178
   2033.19858593      39.33149093
   2034.41828317      39.33086611
   2035.65104826      39.33023734
   2036.82371590      39.32951663
   2038.10751035      39.32861870
   2039.30909929      39.32746956
   2040.56413502      39.32599223
   2041.76093966      39.32412116
   2042.95020323      39.32180275
   2044.24577386      39.31899404
   2045.53239834      39.31566985
   2046.72773267      39.31180040
   2047.92972947      39.30735604
   2049.12819300      39.30231106
   2050.35344065      39.29663569
   2051.53316587      39.29030516
   2052.74130480      39.28331404
   2053.96043821      39.27565906
   2055.23179906      39.26735232
   2056.41492901      39.25838363
   2057.63267860      39.24874986
   2058.86461661      39.23845862
   2060.03799176      39.22751590
   2061.24199387      39.21593026
   2062.47140244      39.20369138
   2063.67210806      39.19079625
   2064.89350294      39.17723305
   2066.07900259      39.16299429
   2067.30523895      39.14806787
   2068.50059408      39.13243244
   2069.65260034      39.11606215
   2070.90358669      39.09892640
   2072.14414192      39.08100507
   2073.39822249      39.06227993
   2074.65552063      39.04274608
   2075.88789487      39.02240365
   2077.13750118      39.00126830
   2078.38718500      38.97936001
   2079.64660236      38.95672692
   2080.79613494      38.93343583
   2081.98024557      38.90955418
   2083.21369785      38.88516985
   2084.47734134      38.86038280
   2085.72578832      38.83530972
   2086.92389502      38.81006622
   2088.13598550      38.78478341
   2089.34043660      38.75960465
   2090.52783759      38.73468186
   2091.72785460      38.71017240
   2092.88276084      38.68622411
   2094.11542526      38.66298171
   2095.38141577      38.64059235
   2096.58211902      38.61919749
   2097.78865531      38.59894143
   2099.06776235      38.57998004
   2100.26852799      38.56244878
   2101.47124175      38.54646327
   2102.69273305      38.53211271
   2103.94042006      38.51949531
   2105.18309734      38.50869268
   2106.40125621      38.49975282
   2107.63105327      38.49271478
   2108.84966491      38.48758765
   2110.10196892      38.48437431
   2111.28978061      38.48304632
   2112.49127644      38.48355445
   2113.73016286      38.48581315
   2114.93295272      38.48972204
   2116.13043320      38.49516960
   2117.31314536      38.50202947
   2118.53780602      38.51016048
   2119.93116103      38.51940282
   2121.16011210      38.52958567
   2122.35374076      38.54052975
   2123.94067102      38.55205037
   2125.54698896      38.56394787
   2126.89155812      38.57601811
   2128.35236923      38.58803557
   2129.61123504      38.59977231
   2131.07129469      38.61101140
   2132.29022676      38.62154147
   2133.47675861      38.63114885
   2134.67810698      38.63961934
   2135.87955602      38.64676062
   2137.09604798      38.65239410
   2138.36451878      38.65634897
   2139.54785479      38.65846676
   2140.80327003      38.65862140
   2142.00242405      38.65671837
   2143.25857374      38.65270516
   2144.50689453      38.64656735
   2146.22387990      38.63833501
   2147.89942152      38.62807383
   2149.53471133      38.61585875
   2151.21715787      38.60179857
   2152.50432113      38.58604481
   2153.75001701      38.56878326
   2155.03813118      38.55020514
   2156.47970915      38.53051733
   2157.63120120      38.50996205
   2158.96100299      38.48877950
   2160.15437265      38.46722156
   2161.52630915      38.44552572
   2162.83950791      38.42393147
   2164.09795026      38.40267180
   2165.27224039      38.38198215
   2166.40149630      38.36207617
   2167.57282785      38.34315042
   2168.83258502      38.32537434
   2169.98535928      38.30890219
   2171.11857194      38.29387322
   2172.31653733      38.28041093
   2173.50488355      38.26860578
   2174.72147948      38.25851134
   2175.89506210      38.25015796
   2177.11132720      38.24355541
   2178.31327533      38.23870003
   2179.51492996      38.23555728
   2180.71521778      38.23406350
   2181.94930714      38.23412280
   2183.12442057      38.23562093
   2184.30344585      38.23843890
   2185.51812721      38.24244191
   2186.70608399      38.24749667
   2187.90716061      38.25348922
   2189.25509055      38.26033046
   2190.41668148      38.26793172
   2191.63464894      38.27621520
   2193.03629459      38.28510528
   2194.24302796      38.29452864
   2195.52725155      38.30441566
   2196.78877866      38.31469249
   2197.99242679      38.32530593
   2199.44087566      38.33620935
   2200.78861372      38.34734384
   2201.98523168      38.35864835
   2203.55637654      38.37007335
   2204.71725240      38.38156392
   2206.12404815      38.39304211
   2207.35016683      38.40442509
   2208.57801435      38.41562949
   2209.71294922      38.42657602
   2210.86186220      38.43717804
   2211.98246781      38.44735218
   2213.15810821      38.45701642
   2214.30935072      38.46610820
   2215.42936131      38.47456713
   2216.60631936      38.48235499
   2217.79328459      38.48944132
   2218.96588512      38.49579333
   2220.11160321      38.50136874
   2221.29830756      38.50612660
   2222.56506891      38.51003576
   2223.73333648      38.51305802
   2224.91530143      38.51514317
   2226.13921347      38.51623355
   2227.39438012      38.51627585
   2228.58824650      38.51521484
   2229.77515691      38.51300171
   2230.99250714      38.50960883
   2232.19426763      38.50501677
   2233.39360928      38.49922620
   2234.57851863      38.49224514
   2235.78193896      38.48407618
   2237.05044520      38.47471157
   2238.28256092      38.46414246
   2239.43315973      38.45235472
   2240.63360020      38.43933256
   2241.85346948      38.42506292
   2243.00515105      38.40952338
   2244.23796765      38.39270018
   2245.45565817      38.37456627
   2246.67591924      38.35508002
   2247.86158194      38.33420267
   2249.01267038      38.31188404
   2250.24132512      38.28805735
   2251.46521306      38.26266750
   2252.66244352      38.23568934
   2253.86661625      38.20713158
   2255.05461935      38.17701598
   2256.23897764      38.14538891
   2257.49567745      38.11233211
   2258.66645415      38.07795453
   2259.91518942      38.04239042
   2261.09842760      38.00579073
   2262.51273702      37.96833296
   2263.71208103      37.93020385
   2265.13817466      37.89158974
   2266.53058775      37.85269137
   2267.94662268      37.81371764
   2269.11886355      37.77489027
   2270.77605866      37.73642876
   2272.02721468      37.69854991
   2273.28130660      37.66148031
   2274.83557669      37.62544247
   2276.52170964      37.59065456
   2277.84724795      37.55734111
   2279.39550636      37.52573186
   2280.72318090      37.49603611
   2281.89166352      37.46844238
   2283.00674329      37.44311238
   2284.35406592      37.42018660
   2285.83656540      37.39978434
   2287.30678110      37.38199466
   2288.72527128      37.36688517
   2290.11148222      37.35449273
   2291.27412708      37.34481966
   2292.54638779      37.33782255
   2293.95924627      37.33342022
   2295.37526277      37.33147638
   2296.69635896      37.33181966
   2297.86062820      37.33425504
   2299.01218784      37.33855781
   2300.16059039      37.34449663
   2301.34727631      37.35185280
   2302.49958552      37.36041768
   2303.63307796      37.36996958
   2304.83195361      37.38027075
   2306.03239220      37.39109011
   2307.26548906      37.40219876
   2308.45237726      37.41336073
   2309.62305329      37.42434439
   2310.82709984      37.43493227
   2311.99302654      37.44490620
   2313.19372791      37.45405211
   2314.35830151      37.46216299
   2315.54725504      37.46906353
   2316.76205976      37.47458386
   2317.93432236      37.47857762
   2319.18138978      37.48090813
   2320.37911365      37.48145638
   2321.62075496      37.48014036
   2322.83532573      37.47689845
   2324.00230637      37.47171461
   2325.15083559      37.46460421
   2326.35221279      37.45560315
   2327.57112265      37.44475876
   2328.77219786      37.43213865
   2330.04412490      37.41784671
   2331.27710220      37.40201502
   2332.54816956      37.38479059
   2333.75065457      37.36633243
   2334.96615876      37.34681042
   2336.16555996      37.32638190
   2337.43013545      37.30519636
   2338.70048349      37.28339374
   2339.97523725      37.26112407
   2341.25678110      37.23853492
   2342.52135518      37.21578637
   2343.79632115      37.19303904
   2345.05828497      37.17045206
   2346.31356599      37.14819885
   2347.60140745      37.12645472
   2348.87363886      37.10538832
   2350.15548708      37.08513389
   2351.41363452      37.06581888
   2352.69117010      37.04756038
   2353.97616925      37.03045456
   2355.24446235      37.01457676
   2356.51133902      36.99999662
   2357.83246403      36.98676596
   2359.12115668      36.97489974
   2360.44485084      36.96441251
   2361.71466198      36.95530509
   2362.95512316      36.94756469
   2364.22214398      36.94115487
   2365.39256574      36.93604244
   2366.62675530      36.93219162
   2367.84345190      36.92957196
   2369.04630697      36.92815570
   2370.23287521      36.92791292
   2371.46573624      36.92883506
   2372.65315330      36.93089695
   2373.85530748      36.93407507
   2375.05777265      36.93834031
   2376.28693215      36.94367593
   2377.51506229      36.95007746
   2378.73073284      36.95752570
   2379.91999405      36.96598477
   2381.13898189      36.97540746
   2382.36640499      36.98572413
   2383.58081649      36.99684734
   2384.76732423      37.00869139
   2385.97408360      37.02117468
   2387.15603342      37.03422703
   2388.35558538      37.04775555
   2389.57234389      37.06166993
   2390.82271537      37.07587387
   2392.00398747      37.09026877
   2393.22477598      37.10475384
   2394.49768654      37.11920939
   2395.77260809      37.13351384
   2397.00424599      37.14752615
   2398.23670860      37.16111982
   2399.44723283      37.17416428
   2400.68664149      37.18652109
   2401.87022137      37.19805640
   2403.05197223      37.20864019
   2404.25798580      37.21813293
   2405.49314092      37.22639791
   2406.74309176      37.23332769
   2407.93230476      37.23881632
   2409.22997334      37.24277513
   2410.48012836      37.24514440
   2411.66303429      37.24589517
   2412.85739503      37.24501451
   2414.05389483      37.24251046
   2415.23675256      37.23841374
   2416.40643657      37.23279277
   2417.60912339      37.22574479
   2418.84018848      37.21736706
   2420.01093162      37.20778606
   2421.19178356      37.19713712
   2422.44388718      37.18558263
   2423.66118258      37.17329070
   2424.91542337      37.16042468
   2426.09763739      37.14715416
   2427.30456217      37.13365856
   2428.49918001      37.12011344
   2429.68418294      37.10670883
   2430.92304715      37.09364940
   2432.12279146      37.08113795
   2433.39162854      37.06936204
   2434.59327514      37.05848311
   2435.82888255      37.04865838
   2437.04676399      37.04001353
   2438.21310424      37.03264199
   2439.39978543      37.02660673
   2440.59773475      37.02194898
   2441.76800811      37.01869578
   2443.03037932      37.01683614
   2444.20214757      37.01634596
   2445.37451935      37.01715508
   2446.62255137      37.01915128
   2447.87231979      37.02219978
   2449.07590175      37.02613750
   2450.22784657      37.03076887
   2451.41178848      37.03588389
   2452.63143609      37.04127093
   2453.78135669      37.04670298
   2454.99189841      37.05195197
   2456.25415572      37.05679647
   2457.45389389      37.06101206
   2458.65497287      37.06437515
   2459.85994716      37.06668634
   2461.07356703      37.06776136
   2462.27526325      37.06743602
   2463.51531420      37.06555461
   2464.76911781      37.06198085
   2465.96651228      37.05661122
   2467.12479016      37.04935447
   2468.32245780      37.04014899
   2469.52364690      37.02894568
   2470.72473959      37.01571039
   2471.89444345      37.00044137
   2473.07799733      36.98316104
   2474.29625404      36.96390941
   2475.42936840      36.94275502
   2476.65072972      36.91978585
   2477.90019235      36.89508857
   2479.10109080      36.86875727
   2480.30420960      36.84090077
   2481.52131217      36.81164650
   2482.74471898      36.78113375
   2483.88857969      36.74952586
   2485.07796378      36.71700575
   2486.28978061      36.68378371
   2487.49057272      36.65008400
   2488.69087141      36.61613267
   2489.89724181      36.58216462
   2491.08125792      36.54839418
   2492.26324650      36.51504715
   2493.47125735      36.48235975
   2494.68598597      36.45056784
   2495.89944609      36.41989949
   2497.10327618      36.39059871
   2498.32555107      36.36291603
   2499.52745383      36.33708851
   2500.72872847      36.31333879
   2501.91247472      36.29187430
   2503.08019075      36.27287224
   2504.28132077      36.25648998
   2505.48381241      36.24287143
   2506.71904503      36.23211993
   2507.88853338      36.22430419
   2509.08576290      36.21945561
   2510.28681211      36.21756863
   2511.49156521      36.21858992
   2512.72472588      36.22241625
   2513.92441065      36.22890210
   2515.14761329      36.23784794
   2516.35088521      36.24902174
   2517.53344471      36.26216957
   2518.70394824      36.27699752
   2519.93537015      36.29317917
   2521.10701599      36.31037421
   2522.30936490      36.32822985
   2523.52286897      36.34638226
   2524.76381836      36.36448680
   2526.02063728      36.38222384
   2527.32096858      36.39929770
   2528.58615139      36.41543650
   2529.87910231      36.43039705
   2531.57879747      36.44395645
   2533.06072367      36.45593637
   2534.43102066      36.46617851
   2535.83514755      36.47454169
   2537.16897886      36.48090813
   2538.45546817      36.48518900
   2539.82319697      36.48734814
   2541.20264240      36.48737290
   2542.53072433      36.48528639
   2543.74958693      36.48114097
   2544.99730467      36.47501976
   2546.18516740      36.46702245
   2547.39831181      36.45725960
   2548.75336834      36.44585608
   2550.04052593      36.43295824
   2551.29469819      36.41873213
   2552.53106178      36.40336749
   2553.83256092      36.38706806
   2555.10059644      36.37003011
   2556.28837599      36.35245315
   2557.50127748      36.33453739
   2558.70850095      36.31648060
   2559.93779326      36.29847181
   2561.15555514      36.28068785
   2562.30423370      36.26328661
   2563.54278976      36.24641867
   2564.74440422      36.23024328
   2565.93248388      36.21489809
   2567.11657466      36.20050157
   2568.29550872      36.18716251
   2569.51444883      36.17498904
   2570.71750808      36.16407719
   2571.89663828      36.15451156
   2573.15107189      36.14636953
   2574.40170615      36.13971680
   2575.60133940      36.13459661
   2576.82049266      36.13103101
   2578.02273002      36.12901808
   2579.23090015      36.12852464
   2580.46372762      36.12950363
   2581.77716884      36.13186351
   2582.98097576      36.13548366
   2584.23577424      36.14023227
   2585.42025304      36.14597470
   2586.63382422      36.15256691
   2587.82564134      36.15984909
   2589.04068662      36.16766565
   2590.21861590      36.17584862
   2591.44128873      36.18423492
   2592.62675530      36.19267657
   2593.79417264      36.20103894
   2594.98032922      36.20921075
   2596.21413549      36.21711041
   2597.45001418      36.22467590
   2598.64964317      36.23186220
   2599.83233406      36.23863067
   2601.01903605      36.24494719
   2602.22073416      36.25079108
   2603.43898142      36.25615323
   2604.69175662      36.26103363
   2605.91258909      36.26543134
   2607.14288901      36.26935220
   2608.38288277      36.27280968
   2609.57473864      36.27583002
   2610.78824886      36.27843513
   2611.99035342      36.28061712
   2613.17247528      36.28237068
   2614.39633391      36.28367895
   2615.60141738      36.28452139
   2616.82897849      36.28487189
   2617.98223907      36.28469507
   2619.17828421      36.28395383
   2620.39818846      36.28261292
   2621.63722470      36.28062324
   2622.82176967      36.27792565
   2624.01208481      36.27445198
   2625.30164660      36.27013194
   2626.50871741      36.26490213
   2627.69397178      36.25868911
   2628.87601707      36.25142923
   2630.08209539      36.24308482
   2631.27868925      36.23362419
   2632.51669896      36.22301619
   2633.73380721      36.21124286
   2634.96469601      36.19830135
   2636.13674641      36.18420105
   2637.31863244      36.16898452
   2638.52475897      36.15271244
   2639.74597378      36.13545999
   2640.93187043      36.11731915
   2642.13394474      36.09838972
   2643.33568917      36.07876800
   2644.57507373      36.05854908
   2645.84062990      36.03782256
   2647.02248426      36.01668068
   2648.27754220      35.99521659
   2649.47906403      35.97352442
   2650.69702582      35.95169474
   2651.89773380      35.92981256
   2653.10113003      35.90796084
   2654.30174915      35.88620774
   2655.50177846      35.86460519
   2656.75276197      35.84318544
   2657.99508101      35.82197814
   2659.19064361      35.80102368
   2660.39322126      35.78036326
   2661.59957748      35.76004886
   2662.79649744      35.74014057
   2664.01516721      35.72070288
   2665.17075779      35.70181344
   2666.41787247      35.68355807
   2667.67082632      35.66602450
   2668.90181721      35.64931364
   2670.08839301      35.63353908
   2671.30640443      35.61882728
   2672.50179547      35.60531549
   2673.74004480      35.59314828
   2674.98868603      35.58248642
   2676.20284043      35.57350480
   2677.40765214      35.56637835
   2678.61288636      35.56104681
   2679.76630764      35.55815526
   2680.98263843      35.55789861
   2682.21661956      35.56047163
   2683.38681731      35.56606893
   2684.57552980      35.57488543
   2685.77246772      35.58711575
   2686.99235165      35.60295478
   2688.21444553      35.62259717
   2689.43379681      35.64623781
   2690.63316114      35.67407132
   2691.82222574      35.70629248
   2693.08810519      35.74309618
   2694.27137172      35.78467719
   2695.46166985      35.83123000
   2696.66299885      35.88294965
   2697.86628826      35.94003090
   2699.11407736      36.00266838
   2700.31456604      36.07105685
