      0.73696382      24.90381043
      1.96719096      24.76993685
      3.23433181      24.64443037
      4.53667694      24.52701453
      5.73696193      24.41741327
      7.02180842      24.31535015
      8.19361448      24.22054897
      9.37874265      24.13273341
     10.63272350      24.05162714
     11.90035966      23.97695385
     13.12961746      23.90843735
     14.35323601      23.84580118
     15.58775734      23.78876930
     16.80309942      23.73706523
     18.00371807      23.69041280
     19.23834575      23.64853569
     20.49306435      23.61115742
     21.71222754      23.57800211
     22.91849774      23.54879300
     24.11747405      23.52325419
     25.34705087      23.50063466
     26.57111178      23.48087592
     27.77418190      23.46370163
     29.01998554      23.44884635
     30.20975953      23.43606064
     31.45528244      23.42511538
     32.70699992      23.41580961
     33.95270100      23.40796727
     35.17102246      23.40142216
     36.39875182      23.39603299
     37.63160482      23.39167287
     38.84704331      23.38821582
     40.04937189      23.38554368
     41.30324262      23.38354391
     42.54028962      23.38210937
     43.78759240      23.38114510
     45.00918389      23.38056813
     46.25718472      23.38031212
     47.56276159      23.38032585
     48.76185795      23.38056914
     50.05058085      23.38098348
     51.29582727      23.38153112
     52.47006872      23.38217631
     53.67317334      23.38288857
     54.95472144      23.38364145
     56.15705758      23.38441965
     57.37100875      23.38520843
     58.55738369      23.38600894
     59.75316748      23.38683434
     60.97493761      23.38770994
     62.16347335      23.38865819
     63.35790640      23.38970700
     64.66628448      23.39087923
     65.93998998      23.39218133
     67.15885305      23.39360171
     68.33433701      23.39513222
     69.54141445      23.39677242
     70.84539860      23.39854279
     72.08081886      23.40044616
     73.29622852      23.40249843
     74.54668554      23.40471889
     75.73407140      23.40712785
     76.95161966      23.40975622
     78.18950555      23.41263102
     79.43890107      23.41577256
     80.60696070      23.41917713
     81.84243010      23.42280095
     83.08984583      23.42658410
     84.29004669      23.43043018
     85.51231355      23.43420304
     86.66562329      23.43775406
     87.84988090      23.44091891
     89.09640292      23.44351896
     90.33391497      23.44537814
     91.56853366      23.44631453
     92.75283712      23.44614318
     93.95497334      23.44468218
     95.20523990      23.44176247
     96.42683375      23.43721185
     97.56234994      23.43087585
     98.78148052      23.42261859
     99.99732121      23.41233510
    101.30346050      23.39995587
    102.60264854      23.38545272
    103.80702119      23.36883023
    105.04424495      23.35013101
    106.28284071      23.32941285
    107.58503696      23.30676644
    108.90707696      23.28230060
    110.28314980      23.25615537
    111.57876392      23.22848749
    112.78304677      23.19948834
    113.95595119      23.16939419
    115.20629194      23.13849967
    116.40335038      23.10712573
    117.60857799      23.07561649
    118.80920232      23.04431950
    119.99498979      23.01361320
    121.21013857      22.98388162
    122.41431697      22.95550320
    123.61589788      22.92884236
    124.81712668      22.90423621
    126.07681012      22.88200629
    127.40883888      22.86242718
    128.65662372      22.84571701
    129.87117984      22.83207444
    131.08643496      22.82164550
    132.33218472      22.81451928
    133.55405411      22.81074600
    134.73796813      22.81032593
    135.98674263      22.81320660
    137.23512439      22.81930432
    138.48440743      22.82849467
    139.68392536      22.84061689
    140.83703235      22.85548761
    142.05930204      22.87289060
    143.26424372      22.89255809
    144.47805594      22.91422707
    145.69267870      22.93761665
    146.91343554      22.96243304
    148.08384644      22.98836660
    149.31623438      23.01509466
    150.57117417      23.04227324
    151.81673961      23.06954952
    153.07134904      23.09656921
    154.26448050      23.12300078
    155.53810613      23.14851556
    156.80703490      23.17279646
    158.06725901      23.19555787
    159.28958589      23.21655707
    160.47299847      23.23556737
    161.69088417      23.25238852
    162.87427595      23.26682903
    164.04969942      23.27872627
    165.24418209      23.28795094
    166.44305065      23.29439865
    167.69775129      23.29797799
    168.89869274      23.29862089
    170.08270081      23.29629687
    171.37078190      23.29101253
    172.59965404      23.28279046
    173.85487315      23.27164282
    175.13449392      23.25760965
    176.30735675      23.24077218
    177.49172779      23.22120896
    178.73920449      23.19903180
    179.94581640      23.17438661
    181.17271679      23.14745002
    182.34361164      23.11843185
    183.57500189      23.08758896
    184.84293107      23.05520484
    186.06154791      23.02158513
    187.29387253      22.98705520
    188.47854557      22.95194817
    189.70006380      22.91660529
    190.90247178      22.88138899
    192.08603843      22.84664453
    193.25341655      22.81270902
    194.53168989      22.77991255
    195.73860663      22.74857237
    196.99889739      22.71897108
    198.20301624      22.69136799
    199.35617332      22.66599180
    200.60723009      22.64304575
    201.76999168      22.62267572
    202.97866892      22.60499556
    204.18570004      22.59010137
    205.40309989      22.57803408
    206.70592425      22.56877593
    207.90734682      22.56227359
    209.14056941      22.55843395
    210.40649564      22.55713199
    211.57539605      22.55821169
    212.81338687      22.56147337
    213.96183148      22.56668663
    215.22135518      22.57361175
    216.44088653      22.58198671
    217.67166711      22.59152576
    218.87910846      22.60190693
    220.09516277      22.61281029
    221.29692705      22.62394750
    222.54599127      22.63504623
    223.89260213      22.64584461
    225.11248748      22.65612237
    226.36059512      22.66568115
    227.61511097      22.67436420
    228.86217224      22.68206008
    230.04743086      22.68868957
    231.26807050      22.69419331
    232.50102700      22.69853526
    233.77095582      22.70170154
    234.98992003      22.70370174
    236.18152211      22.70457105
    237.36697024      22.70435866
    238.58557574      22.70313909
    239.74230155      22.70100515
    240.92688621      22.69806642
    242.25081763      22.69442730
    243.46856958      22.69017817
    244.69731743      22.68543175
    245.91351494      22.68031961
    247.25225107      22.67499136
    248.57425232      22.66959374
    249.82545749      22.66430754
    251.04698187      22.65930854
    252.25297323      22.65475563
    253.45627068      22.65080900
    254.64024992      22.64762212
    255.84157892      22.64534502
    257.10879020      22.64411014
    258.34469204      22.64402833
    259.58662495      22.64517067
    260.85731091      22.64758665
    262.04090402      22.65131988
    263.27384540      22.65638482
    264.55149725      22.66278047
    265.75381402      22.67048064
    267.04105809      22.67944816
    268.23833251      22.68961966
    269.55134885      22.70089974
    270.78934013      22.71315898
    272.06806955      22.72625620
    273.49311681      22.74002878
    274.73988506      22.75430380
    275.94036382      22.76887532
    277.14067622      22.78349232
    278.46190332      22.79789192
    279.69450678      22.81180867
    280.92895675      22.82498084
    282.21392659      22.83714868
    283.51863669      22.84805790
    284.79443778      22.85746121
    286.00207242      22.86514294
    287.63171730      22.87090141
    289.10024387      22.87456914
    290.36496115      22.87601669
    291.63115347      22.87516998
    292.95030531      22.87204031
    294.21794383      22.86669190
    295.48644961      22.85923959
    297.02879889      22.84983298
    298.67037875      22.83866217
    300.06243549      22.82593238
    301.29516608      22.81187904
    302.77398529      22.79675373
    304.17522024      22.78081361
    305.42563094      22.76433342
    306.70252188      22.74758035
    308.01338734      22.73082455
    309.43246167      22.71432935
    310.80087670      22.69837393
    312.13376893      22.68323245
    313.85872876      22.66915366
    315.11139384      22.65634721
    316.76792115      22.64498531
    318.69160775      22.63519726
    320.21676655      22.62707488
    321.47461954      22.62068095
    322.71947558      22.61604709
    323.94841910      22.61318831
    325.21563227      22.61207514
    326.50162769      22.61264553
    327.74488487      22.61478990
    329.00782464      22.61837653
    330.26464355      22.62327399
    331.56586999      22.62932509
    332.83303448      22.63635018
    334.08762359      22.64414046
    335.30141407      22.65247638
    336.53737547      22.66114455
    337.79137333      22.66995002
    339.00884360      22.67871401
    340.28204530      22.68728707
    341.53790054      22.69554432
    342.78825217      22.70337636
    344.02529917      22.71068493
    345.27969166      22.71736892
    346.49016201      22.72333892
    347.76161219      22.72851213
    349.01120007      22.73283763
    350.24510322      22.73628353
    351.47724398      22.73883438
    352.72489650      22.74049361
    353.99641142      22.74129355
    355.25049625      22.74130670
    356.46371817      22.74062819
    357.69825983      22.73938588
    359.01635915      22.73772436
    360.26824584      22.73582070
    361.51320916      22.73385697
    362.74773522      22.73202253
    363.95260554      22.73050232
    365.20383008      22.72950787
    366.43625631      22.72925157
    367.73145547      22.72995511
    368.95858224      22.73184661
    370.22324092      22.73514834
    371.47571129      22.74005924
    372.69514056      22.74673564
    373.92634601      22.75530755
    375.17870342      22.76586122
    376.38817939      22.77845055
    377.61930119      22.79308500
    378.91528915      22.80972051
    380.18813685      22.82827756
    381.47985046      22.84862785
    382.71538840      22.87061922
    383.94377753      22.89408445
    385.19888084      22.91882618
    386.41647778      22.94462172
    387.62840568      22.97120947
    388.86336702      22.99829467
    390.09788977      23.02555435
    391.36869908      23.05265657
    392.58523688      23.07928723
    393.83513432      23.10515914
    395.04659196      23.13000943
    396.26338403      23.15360767
    397.49345237      23.17572790
    398.74480122      23.19617231
    399.96133335      23.21477884
    401.19549596      23.23142351
    402.46123032      23.24602863
    403.72339925      23.25855089
    404.97994782      23.26899915
    406.18577897      23.27743461
    407.41830586      23.28397013
    408.70329130      23.28875632
    409.89610044      23.29198324
    411.12956217      23.29387675
    412.38904333      23.29469757
    413.62975405      23.29471430
    414.93825075      23.29420842
    416.14774373      23.29347070
    417.40059644      23.29278819
    418.60820510      23.29243134
    419.86290858      23.29265875
    421.06213160      23.29371528
    422.31722782      23.29582289
    423.54959355      23.29918741
    424.76090988      23.30399018
    425.97532847      23.31039426
    427.24567698      23.31853352
    428.48116339      23.32851566
    429.72976114      23.34044122
    430.94256858      23.35437241
    432.23850407      23.37032455
    433.45240940      23.38828218
    434.67612766      23.40817980
    435.91131775      23.42992860
    437.15736337      23.45342673
    438.44599505      23.47855319
    439.72321256      23.50518013
    440.96221997      23.53315594
    442.17247859      23.56230098
    443.39088559      23.59239799
    444.60662514      23.62320112
    445.81784600      23.65445535
    447.05436509      23.68590351
    448.27128571      23.71729876
    449.50180965      23.74840982
    450.70087765      23.77902272
    451.95734163      23.80895311
    453.18640707      23.83803422
    454.41348375      23.86611372
    455.62938446      23.89306232
    456.86615782      23.91875016
    458.08021721      23.94307126
    459.32025587      23.96592821
    460.57950309      23.98725365
    461.86217224      24.00700681
    463.10800754      24.02518957
    464.31833374      24.04183780
    465.57550239      24.05700631
    466.76806246      24.07076816
    467.96302673      24.08322320
    469.20560996      24.09450157
    470.45465811      24.10476561
    471.71931159      24.11419910
    472.93386818      24.12300528
    474.16650424      24.13139155
    475.37960754      24.13957886
    476.65037951      24.14775931
    477.86454667      24.15608222
    479.07624629      24.16468359
    480.29294525      24.17367800
    481.50975386      24.18314152
    482.74481681      24.19314082
    484.04111528      24.20371651
    485.25137248      24.21487503
    486.46961264      24.22660507
    487.71663799      24.23886573
    488.98595714      24.25157950
    490.19451954      24.26463438
    491.40933843      24.27791496
    492.64167864      24.29129908
    493.85414390      24.30466919
    495.12082018      24.31789942
    496.33593682      24.33084932
    497.60720126      24.34337702
    498.84844556      24.35532803
    500.08827864      24.36654862
    501.36427633      24.37687216
    502.61647022      24.38612258
    503.82620234      24.39411910
    505.04451576      24.40072956
    506.25005671      24.40583355
    507.45868906      24.40936455
    508.71545456      24.41129195
    509.94598607      24.41163006
    511.17774685      24.41042265
    512.43732773      24.40774265
    513.65456075      24.40370606
    514.89226043      24.39847249
    516.13261716      24.39223603
    517.38665945      24.38522352
    518.59281670      24.37767567
    519.83817513      24.36984105
    521.04747670      24.36196725
    522.23999093      24.35429740
    523.51007146      24.34705018
    524.74631170      24.34045001
    526.03773040      24.33472673
    527.29469724      24.33009859
    528.50804866      24.32677397
    529.77911271      24.32498645
    530.99135632      24.32496128
    532.22701098      24.32691585
    533.44088559      24.33105628
    534.70097075      24.33756062
    535.91412037      24.34657820
    537.18200371      24.35824059
    538.39146691      24.37266651
    539.66666919      24.38993676
    540.94036051      24.41008353
    542.22639138      24.43308708
    543.51510010      24.45888205
    544.72836881      24.48736574
    545.93677808      24.51838541
    547.14586366      24.55175998
    548.39213235      24.58725704
    549.64192771      24.62464546
    550.83222867      24.66370412
    552.02986748      24.70422006
    553.23908114      24.74597861
    554.49753200      24.78879826
    555.72988402      24.83248850
    557.00859973      24.87686525
    558.23735892      24.92175862
    559.42935611      24.96699739
    560.65235599      25.01241408
    561.91499471      25.05783964
    563.16280885      25.10311846
    564.37164159      25.14810035
    565.62462474      25.19263029
    566.88098805      25.23656596
    568.13127824      25.27977321
    569.36144299      25.32213589
    570.63958637      25.36354145
    571.90009500      25.40390665
    573.19371278      25.44316655
    574.48791236      25.48128740
    575.76006484      25.51827363
    577.01333204      25.55418103
    578.24700739      25.58905035
    579.50223075      25.62292136
    580.74033546      25.65584054
    581.99289657      25.68785609
    583.24184358      25.71901577
    584.50953882      25.74936780
    585.74488960      25.77894205
    586.97478638      25.80773611
    588.20105724      25.83572264
    589.45647910      25.86286748
    590.71007808      25.88912256
    591.92733095      25.91443868
    593.13793315      25.93877136
    594.32804460      25.96209786
    595.54993667      25.98441031
    596.78372923      26.00573932
    597.97496125      26.02611694
    599.24757879      26.04559507
    600.49346702      26.06424737
    601.73313846      26.08214708
    603.00611991      26.09933809
    604.26011636      26.11587106
    605.51396440      26.13179087
    606.71874539      26.14711713
    607.97353489      26.16188059
    609.19141350      26.17610899
    610.50366609      26.18982779
    611.75780952      26.20304515
    613.07471643      26.21576936
    614.28923994      26.22802015
    615.52289402      26.23981070
    616.75172552      26.25116201
    618.02689472      26.26209426
    619.23682014      26.27266837
    620.49192156      26.28296087
    621.70176995      26.29307373
    622.92646984      26.30311851
    624.14233038      26.31320334
    625.35900854      26.32339644
    626.58889682      26.33376231
    627.80346050      26.34436589
    629.01996143      26.35525580
    630.28244277      26.36645436
    631.51492051      26.37796787
    632.76840747      26.38976985
    634.10341560      26.40181955
    635.37772605      26.41408108
    636.62008290      26.42651695
    637.89141256      26.43909127
    639.14784061      26.45178458
    640.35854869      26.46458159
    641.63962370      26.47746827
    642.94946122      26.49041860
    644.16446018      26.50341141
    645.37821143      26.51641424
    646.60737376      26.52940147
    647.86407169      26.54231618
    649.09520389      26.55506671
    650.34365985      26.56753562
    651.57485443      26.57961764
    652.90918152      26.59121038
    654.16278806      26.60220742
    655.39990878      26.61251408
    656.67930506      26.62201794
    657.97486436      26.63060816
    659.23097860      26.63818848
    660.46711250      26.64469740
    661.68166531      26.65010817
    662.92362941      26.65442280
    664.15390618      26.65769450
    665.36072225      26.66002566
    666.57563283      26.66157162
    667.84323260      26.66249627
    669.15274921      26.66298013
    670.44987098      26.66320725
    671.66329376      26.66336572
    672.87809233      26.66362674
    674.16058897      26.66417066
    675.41038953      26.66518686
    676.68429873      26.66685095
    677.89756272      26.66933186
    679.15548330      26.67280050
    680.35192213      26.67742292
    681.60692998      26.68336432
    682.80497476      26.69078731
    684.05447237      26.69982219
    685.28979337      26.71059254
    686.50086867      26.72319503
    687.75619884      26.73768803
    689.02562669      26.75410142
    690.24563586      26.77244565
    691.45893009      26.79271671
    692.71735354      26.81485510
    693.99890826      26.83875413
    695.21377063      26.86424989
    696.43403926      26.89115415
    697.66930686      26.91926340
    698.88601433      26.94838027
    700.12232830      26.97828648
    701.31934562      27.00873190
    702.55629100      27.03944864
    703.80581697      27.07016037
    705.05397707      27.10060708
    706.28148477      27.13055978
    707.51211553      27.15982267
    708.75492277      27.18822927
    709.98462200      27.21563899
    711.21117880      27.24193426
    712.48691892      27.26700895
    713.71583738      27.29075923
    714.97278863      27.31308570
    716.20977229      27.33391570
    717.41955168      27.35319646
    718.62921149      27.37089064
    719.88112558      27.38697321
    721.10024907      27.40146850
    722.33633146      27.41444257
    723.53316634      27.42598883
    724.76977381      27.43623842
    726.00321663      27.44534868
    727.28010190      27.45349766
    728.51014188      27.46087431
    729.73299289      27.46769588
    730.92775819      27.47418592
    732.22825397      27.48060173
    733.47870768      27.48720019
    734.69999102      27.49424902
    735.96678687      27.50203845
    737.26562140      27.51085636
    738.49584381      27.52096107
    739.68591177      27.53256053
    740.85961066      27.54584611
    742.07976776      27.56099144
    743.31637995      27.57816458
    744.53033442      27.59750970
    745.76228236      27.61914135
    746.99468306      27.64312548
    748.24041014      27.66948139
    749.45456075      27.69820336
    750.68868461      27.72926822
    751.91143118      27.76262463
    753.12255090      27.79819077
    754.36994678      27.83584521
    755.65602161      27.87542363
    757.03265828      27.91673308
    758.27976398      27.95954271
    759.47302163      28.00360038
    760.69113419      28.04865294
    761.96017024      28.09445007
    763.18657580      28.14073650
    764.43667836      28.18724433
    765.67474479      28.23371483
    766.94813316      28.27992846
    768.20803448      28.32570443
    769.42129469      28.37087726
    770.65119241      28.41528534
    771.86416999      28.45878436
    773.13592217      28.50125331
    774.33997391      28.54260009
    775.59628523      28.58278307
    776.84905902      28.62180269
    778.07284392      28.65966867
    779.28419617      28.69642091
    780.53326181      28.73210090
    781.74628145      28.76676884
    783.00324971      28.80049425
    784.21253663      28.83332562
    785.46358158      28.86529783
    786.67929987      28.89643306
    787.92708991      28.92676348
    789.15402339      28.95631071
    790.39421943      28.98508846
    791.63123570      29.01308987
    792.94348829      29.04028662
    794.15995520      29.06663281
    795.41357449      29.09205891
    796.62494329      29.11649257
    797.82250458      29.13984195
    799.06005917      29.16199422
    800.29483666      29.18282422
    801.54867100      29.20220409
    802.74441225      29.22000768
    803.97446169      29.23612587
    805.22285668      29.25044052
    806.45079967      29.26285522
    807.64587595      29.27329146
    808.86400079      29.28165498
    810.12236422      29.28786197
    811.33325378      29.29184879
    812.56839991      29.29359627
    813.80197837      29.29311571
    815.01321861      29.29041955
    816.28567216      29.28552738
    817.50497854      29.27848226
    818.72682005      29.26937272
    819.98412528      29.25832576
    821.20127134      29.24549986
    822.45482920      29.23109297
    823.70849387      29.21527098
    824.91784884      29.19821698
    826.13273248      29.18012977
    827.38388330      29.16121430
    828.60155869      29.14169255
    829.84285545      29.12179092
    831.00472097      29.10174041
    832.23846059      29.08177828
    833.49121689      29.06213982
    834.70478902      29.04307289
    835.89349916      29.02482506
    837.17228387      29.00765979
    838.38915628      28.99184266
    839.60344065      28.97762613
    840.81507505      28.96526049
    842.00622011      28.95498458
    843.22446027      28.94704970
    844.50364340      28.94169314
    845.73655264      28.93913399
    846.92763389      28.93957065
    848.25393690      28.94317330
    849.52819442      28.95009113
    850.77862450      28.96044284
    852.07122852      28.97430367
    853.34928257      28.99172653
    854.57674632      29.01271257
    855.79201751      29.03721173
    857.04096404      29.06516909
    858.23890107      29.09649898
    859.47449194      29.13109340
    860.64299062      29.16880406
    861.89133268      29.20945144
    863.10732461      29.25283561
    864.33295886      29.29873458
    865.56149451      29.34690822
    866.77208868      29.39708621
    868.00119667      29.44898336
    869.19212384      29.50228816
    870.41927378      29.55665121
    871.65971983      29.61176012
    872.90012004      29.66728968
    874.11536004      29.72293022
    875.32725627      29.77838711
    876.55820935      29.83337260
    877.83133117      29.88762351
    879.08065486      29.94089313
    880.31362412      29.99295904
    881.56951009      30.04364177
    882.84833544      30.09279599
    884.06945904      30.14030871
    885.34664631      30.18608339
    886.58032308      30.23004409
    887.79070599      30.27215391
    889.00686239      30.31239839
    890.27986984      30.35079056
    891.51755534      30.38733170
    892.73279108      30.42202739
    893.96235420      30.45489751
    895.18449203      30.48595708
    896.43507288      30.51525458
    897.65278040      30.54282048
    898.90268352      30.56869583
    900.15663648      30.59291996
    901.35212205      30.61552919
    902.57943882      30.63657115
    903.79551865      30.65610034
    905.02544615      30.67415909
    906.27775394      30.69078730
    907.52960281      30.70601659
    908.76804828      30.71987299
    909.95854254      30.73236521
    911.18943182      30.74349841
    912.45689311      30.75328131
    913.69286349      30.76172621
    914.90653440      30.76884857
    916.11454336      30.77464293
    917.36168592      30.77910846
    918.55779345      30.78226645
    919.77268512      30.78413006
    921.00502770      30.78471460
    922.23578889      30.78402508
    923.46742301      30.78206478
    924.65871127      30.77885015
    925.89233652      30.77440194
    927.08656209      30.76873930
    928.34383424      30.76189055
    930.23201316      30.75387014
    931.46516674      30.74468008
    932.67194123      30.73433137
    933.86105167      30.72283346
    935.07439836      30.71019435
    936.30376439      30.69641490
    937.55624043      30.68150656
    938.80778825      30.66547719
    940.05901658      30.64835983
    941.27792077      30.63019167
    942.51650519      30.61102090
    943.70848300      30.59093076
    944.92588616      30.56998906
    946.16233624      30.54829462
    947.39731223      30.52595099
    948.59356533      30.50308002
    949.86027610      30.47981002
    951.05094618      30.45628128
    952.26350596      30.43266229
    953.45371902      30.40913627
    954.68608333      30.38590918
    955.88908397      30.36319439
    957.10435894      30.34122062
    958.33210295      30.32023787
    959.52716411      30.30049643
    960.74379549      30.28224803
    961.95740779      30.26573023
    963.18903340      30.25115900
    964.40757841      30.23875760
    965.61692015      30.22872426
    966.83206987      30.22120716
    968.02534596      30.21632043
    969.22522071      30.21415160
    970.43464421      30.21476317
    971.64798902      30.21817532
    972.90731374      30.22436543
    974.18338942      30.23324857
    975.48308600      30.24471273
    976.74175284      30.25860073
    978.02964582      30.27474109
    979.26244447      30.29295745
    980.53209303      30.31303342
    981.74398312      30.33475289
    982.97494140      30.35789289
    984.24190691      30.38221828
    985.48056695      30.40747990
    986.69577623      30.43343034
    988.56202006      30.45981700
    989.79312910      30.48641190
    991.03314413      30.51299422
    992.27000539      30.53934713
    993.54370758      30.56528526
    994.77605583      30.59066045
    995.98760185      30.61536056
    997.26566488      30.63930564
    998.47992892      30.66246366
    999.72438324      30.68484748
   1000.96102378      30.70650574
   1002.19163232      30.72753426
   1003.40845558      30.74805747
   1004.67822514      30.76823885
   1005.92506900      30.78825290
   1007.13308931      30.80828239
   1008.34783211      30.82853085
   1009.59690342      30.84919780
   1010.84900940      30.87048019
   1012.05943485      30.89258497
   1013.32949222      30.91569350
   1014.56709643      30.93998184
   1015.82060278      30.96563950
   1017.07818307      30.99284183
   1018.28398444      31.02173987
   1019.51516438      31.05246447
   1020.76946141      31.08513550
   1022.00016022      31.11985065
   1023.27122757      31.15672289
   1024.51302106      31.19585221
   1025.77696845      31.23732485
   1026.99007836      31.28120216
   1028.20514112      31.32750475
   1029.42533083      31.37623261
   1030.65456926      31.42732196
   1031.86748020      31.48066180
   1033.10484905      31.53612871
   1034.31515303      31.59356421
   1035.56277624      31.65277994
   1036.77716647      31.71356909
   1038.01807428      31.77568294
   1039.22642069      31.83885803
   1040.48164593      31.90282004
   1041.73904806      31.96727950
   1043.00804157      32.03190844
   1044.24172496      32.09635030
   1045.51733983      32.16024638
   1046.74131709      32.22323754
   1047.98237896      32.28496093
   1049.19968902      32.34504096
   1050.45162107      32.40308904
   1051.72236989      32.45870712
   1052.99307664      32.51148445
   1054.26877280      32.56103241
   1055.47707999      32.60698030
   1056.70507543      32.64897984
   1057.98375570      32.68672969
   1059.19407008      32.71998040
   1060.42470934      32.74851357
   1061.64467125      32.77216603
   1062.89512496      32.79082462
   1064.15183328      32.80441556
   1065.40213717      32.81292340
   1066.62736734      32.81639390
   1067.86420118      32.81492203
   1069.15008696      32.80865997
   1070.41387744      32.79782798
   1071.84328317      32.78268308
   1073.06233860      32.76349629
   1074.38527988      32.74057054
   1075.62475755      32.71422450
   1077.76018300      32.68478712
   1079.13371127      32.65259809
   1080.38287285      32.61803827
   1081.70760535      32.58152473
   1083.05093058      32.54346624
   1084.27424287      32.50429501
   1085.42974980      32.46444800
   1086.86003365      32.42434668
   1088.50513120      32.38441042
   1090.08971681      32.34504067
   1091.46700947      32.30660531
   1092.94186343      32.26944630
   1094.28082878      32.23389446
   1095.91296246      32.20027790
   1097.16047980      32.16889366
   1098.43808392      32.13999820
   1099.85002458      32.11380820
   1101.08158024      32.09051031
   1102.32713812      32.07025827
   1103.51638089      32.05318539
   1104.73607104      32.03940323
   1105.99601348      32.02899387
   1107.23956888      32.02203815
   1108.49779997      32.01859282
   1109.70381496      32.01867420
   1110.96328336      32.02226770
   1112.10005341      32.02934357
   1113.30075241      32.03983845
   1114.45071507      32.05366309
   1115.70298457      32.07069249
   1116.93630641      32.09076160
   1118.15332013      32.11367605
   1119.39204303      32.13922386
   1120.58663440      32.16716749
   1121.75403284      32.19722775
   1122.94668885      32.22908454
   1124.17485207      32.26242664
   1125.41137824      32.29693382
   1126.61182014      32.33229015
   1127.86080685      32.36820598
   1129.06425695      32.40441774
   1130.29620158      32.44066854
   1131.50849670      32.47670652
   1132.73860616      32.51230541
   1133.94518120      32.54723967
   1135.19092529      32.58129332
   1136.45792011      32.61428072
   1137.70557735      32.64604726
   1138.92627654      32.67646593
   1140.17630348      32.70545207
   1141.37755544      32.73295576
   1142.59548746      32.75895611
   1143.82644290      32.78344669
   1145.07165718      32.80644065
   1146.29515001      32.82797376
   1147.53319517      32.84810022
   1148.78769968      32.86690170
   1150.02855408      32.88448947
   1151.27698357      32.90098768
   1152.49242207      32.91655594
   1153.70479470      32.93137918
   1154.94484895      32.94562231
   1156.17878613      32.95945239
   1157.39920317      32.97303832
   1158.63150935      32.98651513
   1159.82819914      32.99998149
   1161.05110356      33.01351665
   1162.31663989      33.02716122
   1163.56473619      33.04094568
   1164.84091158      33.05489017
   1166.16369407      33.06899872
   1167.41264722      33.08326130
   1168.66523763      33.09765518
   1169.86864094      33.11215762
   1171.07508365      33.12676389
   1172.28259967      33.14145612
   1173.49386118      33.15621515
   1174.70730854      33.17102151
   1175.91542573      33.18583946
   1177.16207677      33.20062166
   1178.36223699      33.21532905
   1179.63419901      33.22992831
   1180.89874473      33.24439413
   1182.17370787      33.25871593
   1183.82793637      33.27290142
   1185.15434855      33.28696778
   1186.33984914      33.30093287
   1188.16374133      33.31481601
   1189.62126066      33.32863908
   1190.85103503      33.34243411
   1192.08534558      33.35622672
   1193.29158932      33.37005193
   1194.50844188      33.38396439
   1195.75763418      33.39803532
   1197.00985642      33.41236413
   1198.24240552      33.42705636
   1199.47834754      33.44221728
   1200.72335529      33.45795688
   1201.87717309      33.47436255
   1203.05958372      33.49148463
   1204.28010048      33.50937662
   1205.43087841      33.52806096
   1206.65145755      33.54752664
   1207.88143278      33.56777053
   1209.06837486      33.58879132
   1210.28901497      33.61057916
   1211.51865040      33.63313490
   1212.77021192      33.65643866
   1213.95574418      33.68046941
   1215.14148912      33.70520442
   1216.29667845      33.73061136
   1217.49455215      33.75665004
   1218.68264646      33.78327470
   1219.86941793      33.81042611
   1221.09907982      33.83803678
   1222.25321994      33.86603304
   1223.40688744      33.89432679
   1224.60562981      33.92284023
   1225.76253143      33.95149985
   1227.00986304      33.98020766
   1228.19488818      34.00885568
   1229.43454355      34.03730619
   1230.63506248      34.06540643
   1231.83586451      34.09298478
   1233.04667798      34.11985629
   1234.29132560      34.14582546
   1235.47784232      34.17070836
   1236.69611793      34.19431104
   1237.89471426      34.21642440
   1239.11285753      34.23685551
   1240.32928994      34.25542071
   1241.52661682      34.27193150
   1242.72935516      34.28620309
   1243.91602407      34.29804341
   1245.08515606      34.30726780
   1246.36490018      34.31369519
   1247.66277105      34.31716183
   1248.89630697      34.31753370
   1250.08462247      34.31473241
   1251.26897130      34.30869619
   1252.67870720      34.29940200
   1254.61273749      34.28688389
   1256.33634563      34.27120865
   1257.66146804      34.25247511
   1258.91279704      34.23081142
   1260.04794459      34.20637347
   1261.24826975      34.17937495
   1262.36568756      34.15006944
   1263.55059786      34.11873612
   1264.75508772      34.08570224
   1265.95276575      34.05133078
   1267.15472286      34.01600964
   1268.34361259      33.98014001
   1269.93302598      33.94413907
   1271.36586101      33.90842376
   1272.57064956      33.87342099
   1273.72212129      33.83954054
   1274.90500359      33.80716200
   1276.05806851      33.77666666
   1277.20780763      33.74841038
   1278.37275507      33.72273884
   1279.53849273      33.69997114
   1280.82041987      33.68040119
   1282.03853574      33.66429301
   1283.26205976      33.65187874
   1284.52007770      33.64331856
   1285.84187099      33.63874434
   1286.98476757      33.63826377
   1288.16283768      33.64192435
   1289.36530143      33.64973394
   1290.54893283      33.66167394
   1292.04433853      33.67768200
   1293.53833299      33.69766086
   1294.69575070      33.72148108
   1295.91683791      33.74899850
   1297.06730344      33.78004119
   1298.45014651      33.81439691
   1299.60424268      33.85179334
   1300.73931083      33.89192812
   1301.89177080      33.93447674
   1303.08935431      33.97907318
   1304.22473014      34.02531656
   1305.39631973      34.07279152
   1306.54452568      34.12108573
   1307.72967560      34.16979157
   1308.88673271      34.21849798
   1310.05752547      34.26679462
   1311.25808174      34.31430663
   1312.45857232      34.36065713
   1313.65984555      34.40548456
   1314.91033943      34.44844451
   1316.16197658      34.48922091
   1317.31996900      34.52752468
   1318.53004802      34.56310899
   1319.75534766      34.59576514
   1320.97137692      34.62532424
   1322.20899153      34.65167829
   1323.74935630      34.67474849
   1324.90517988      34.69450094
   1326.04481162      34.71094852
   1327.17482466      34.72414800
   1328.35766631      34.73420393
   1329.49422415      34.74124633
   1330.66149923      34.74543825
   1331.81416337      34.74701067
   1333.00235788      34.74621516
   1334.20124629      34.74330747
   1335.35098635      34.73858564
   1336.47337514      34.73234647
   1337.60329130      34.72485840
   1338.76308439      34.71638303
   1339.97277445      34.70716565
   1341.19423266      34.69741450
   1342.41066837      34.68729063
   1343.61298845      34.67690230
   1344.83271925      34.66632046
   1346.06622115      34.65559031
   1347.26269070      34.64471913
   1348.47037356      34.63366130
   1349.65315141      34.62234532
   1350.84878963      34.61068693
   1352.03511683      34.59858717
   1353.27389502      34.58592303
   1354.46051666      34.57256365
   1355.72700957      34.55837029
   1356.92788532      34.54321423
   1358.16235231      34.52694100
   1359.33519103      34.50940858
   1360.56505237      34.49047538
   1361.76681712      34.47001266
   1362.98295981      34.44791732
   1364.24010483      34.42410940
   1365.49105148      34.39854070
   1366.66259192      34.37119778
   1367.86361845      34.34211266
   1369.09905193      34.31135488
   1370.34641189      34.27904899
   1371.60006806      34.24537464
   1372.81066837      34.21055609
   1374.00407726      34.17486323
   1375.17929467      34.13858883
   1376.36303429      34.10208116
   1377.57485254      34.06572009
   1378.75912150      34.02988735
   1379.97994026      33.99496568
   1381.20835066      33.96135111
   1382.46011967      33.92940264
   1383.72852430      33.89945366
   1384.92836976      33.87182955
   1386.11639176      33.84683395
   1387.33434410      33.82474262
   1388.66659121      33.80581685
   1390.23746006      33.79029193
   1391.48943088      33.77838367
   1392.85447804      33.77027030
   1394.06362601      33.76607967
   1395.23989262      33.76589803
   1396.44115640      33.76978631
   1397.64893094      33.77776609
   1398.89505170      33.78980979
   1400.05374076      33.80582157
   1401.24753341      33.82566641
   1402.44927453      33.84915954
   1403.65285886      33.87606380
   1404.83523357      33.90606241
   1406.04082604      33.93879623
   1407.26004877      33.97385277
   1408.50726270      34.01079210
   1409.72343422      34.04915981
   1410.94754948      34.08847177
   1412.14729711      34.12824985
   1413.39653619      34.16801434
   1414.56508687      34.20727996
   1415.71974734      34.24556343
   1416.92312229      34.28238819
   1418.08475670      34.31729027
   1419.31935365      34.34981141
   1420.49181334      34.37951353
   1421.72563851      34.40599044
   1422.94410269      34.42888800
   1424.12867034      34.44787542
   1425.33150273      34.46264846
   1426.54738312      34.47294267
   1427.78173290      34.47854853
   1428.95918152      34.47929197
   1430.15198688      34.47506473
   1431.43956793      34.46584721
   1432.64135348      34.45170019
   1433.83951027      34.43275654
   1435.07103380      34.40922037
   1436.29044417      34.38136413
   1437.47488185      34.34952336
   1438.67715230      34.31407049
   1439.94955480      34.27542188
   1441.16333251      34.23404192
   1442.34748095      34.19042420
   1443.53560599      34.14507530
   1444.75276575      34.09849939
   1445.95839556      34.05119734
   1447.15595544      34.00369806
   1448.35623192      33.95649899
   1449.58912604      33.91005324
   1450.76148884      33.86477628
   1451.96391620      33.82107817
   1453.19553236      33.77935152
   1454.38391591      33.73996190
   1455.56740883      33.70324613
   1456.76462039      33.66948911
   1457.96947228      33.63893356
   1459.22197903      33.61174124
   1460.44113749      33.58799682
   1461.69350152      33.56772290
   1462.88014443      33.55088158
   1464.07891327      33.53738074
   1465.28098096      33.52707881
   1466.55422708      33.51980799
   1467.75308808      33.51536993
   1468.98619629      33.51351518
   1470.16211033      33.51394154
   1471.40691060      33.51631804
   1472.59093663      33.52030143
   1473.76281027      33.52553242
   1474.96422340      33.53164416
   1476.22507042      33.53830469
   1477.42749353      33.54521393
   1478.62717026      33.55207970
   1479.82973704      33.55862080
   1481.08405959      33.56457592
   1482.30048727      33.56970937
   1483.50186305      33.57377714
   1484.73449629      33.57654539
   1485.93826777      33.57781574
   1487.19248020      33.57741899
   1488.39308751      33.57520940
   1489.67935753      33.57107083
   1490.91465348      33.56491833
   1492.11639743      33.55670612
   1493.32677089      33.54642850
   1494.54902027      33.53408073
   1495.75031287      33.51969758
   1496.94938843      33.50338201
   1498.13408653      33.48529194
   1499.33464800      33.46562416
   1500.53937936      33.44459121
   1501.73810755      33.42244366
   1502.90638458      33.39942881
   1504.09154016      33.37580611
   1505.27902669      33.35183400
   1506.51107341      33.32779380
   1507.71549521      33.30398259
   1508.91754636      33.28070972
   1510.10432161      33.25829630
   1511.32153478      33.23707126
   1512.55049199      33.21735800
   1513.72544899      33.19944985
   1514.95299875      33.18360584
   1516.18039539      33.17007254
   1517.41176484      33.15908451
   1518.60206344      33.15084242
   1519.88104807      33.14551775
   1521.08445942      33.14327225
   1522.30859926      33.14425240
   1523.53003809      33.14854401
   1524.73117048      33.15615737
   1525.91735826      33.16705143
   1527.11349037      33.18112679
   1528.28217763      33.19822956
   1529.50247557      33.21814163
   1530.70478477      33.24063444
   1531.92057773      33.26544253
   1533.14227366      33.29226585
   1534.34379407      33.32076112
   1535.56369548      33.35055964
   1536.80503100      33.38126766
   1538.00733406      33.41247111
   1539.20924627      33.44374450
   1540.42596839      33.47466147
   1541.69883736      33.50482928
   1542.99423786      33.53388064
   1544.19735571      33.56146542
   1545.46681428      33.58725366
   1546.61561762      33.61092585
   1547.86770233      33.63219666
   1549.07151162      33.65078789
   1550.22163450      33.66647572
   1551.42221251      33.67906005
   1552.62267803      33.68839042
   1553.82647787      33.69435456
   1555.02776859      33.69689411
   1556.23110762      33.69600192
   1557.46386941      33.69170902
   1558.66571781      33.68407793
   1559.84885343      33.67321505
   1561.07023366      33.65927413
   1562.23629884      33.64245383
   1563.43736129      33.62299501
   1564.62535966      33.60116541
   1565.83958400      33.57727568
   1567.03965064      33.55166493
   1568.27928900      33.52467241
   1569.47856258      33.49661937
   1570.67811313      33.46782918
   1571.89215267      33.43865739
   1573.09589674      33.40945715
   1574.30678252      33.38059272
   1575.49498365      33.35241797
   1576.68306142      33.32529015
   1577.91638893      33.29952622
   1579.08396317      33.27542209
   1580.34008828      33.25324366
   1581.59387536      33.23324878
   1582.79301756      33.21566716
   1583.99234078      33.20070718
   1585.22674348      33.18855579
   1586.47553075      33.17939405
   1587.64862610      33.17337985
   1588.83415222      33.17062047
   1590.03757869      33.17118013
   1591.23932359      33.17506840
   1592.48905704      33.18224467
   1593.68747282      33.19263086
   1594.90870891      33.20610509
   1596.10923729      33.22251619
   1597.34172732      33.24166593
   1598.50867488      33.26334650
   1599.69623419      33.28731790
   1600.96252481      33.31332054
   1602.11584967      33.34105664
   1603.31666682      33.37020740
   1604.51867166      33.40044143
   1605.72212271      33.43143521
   1606.97392952      33.46285048
   1608.17600762      33.49434742
   1609.47534785      33.52559821
   1610.68112747      33.55626546
   1611.89575638      33.58603066
   1613.13346834      33.61457356
   1614.38506437      33.64159354
   1615.60646303      33.66681068
   1616.78699690      33.68998629
   1617.99618362      33.71092384
   1619.22862780      33.72943298
   1620.42752094      33.74536424
   1621.59821965      33.75858932
   1622.79843044      33.76903142
   1623.99909588      33.77664349
   1625.21601887      33.78142839
   1626.41875106      33.78343803
   1627.60359756      33.78276038
   1628.90817343      33.77951929
   1630.15789459      33.77387582
   1631.41758701      33.76600330
   1632.62334915      33.75610712
   1633.80358385      33.74438194
   1634.97937643      33.73101998
   1636.19551629      33.71623093
   1637.44852213      33.70023774
   1638.63025361      33.68327685
   1639.84524122      33.66558825
   1641.04818515      33.64740564
   1642.23574116      33.62896415
   1643.48080940      33.61048820
   1644.83269420      33.59218759
   1646.09432435      33.57424155
   1647.33294374      33.55681268
   1648.55085213      33.54005002
   1649.75121793      33.52410846
   1650.93085997      33.50913347
   1652.13460026      33.49525820
   1653.33712262      33.48258448
   1654.49094608      33.47121615
   1655.69509991      33.46125003
   1656.90822684      33.45275793
   1658.19391742      33.44580363
   1659.37930648      33.44042189
   1660.59838412      33.43665676
   1661.79838271      33.43452497
   1663.02398955      33.43403569
   1664.27592680      33.43518832
   1665.47424996      33.43795571
   1666.64038320      33.44232226
   1667.84296132      33.44826781
   1669.04757122      33.45576989
   1670.20117209      33.46478489
   1671.35492230      33.47525717
   1672.58755979      33.48712109
   1673.75474176      33.50029854
   1674.93850218      33.51471459
   1676.13462531      33.53026383
   1677.30973874      33.54680894
   1678.48801539      33.56422623
   1679.65849292      33.58237680
   1680.85998119      33.60113223
   1682.06069957      33.62037865
   1683.29478468      33.63999108
   1684.46247661      33.65983564
   1685.64875276      33.67976416
   1686.86607180      33.69961830
   1688.05229881      33.71925104
   1689.29061147      33.73850591
   1690.52393850      33.75723931
   1691.73059531      33.77532108
   1692.92387612      33.79264383
   1694.12999603      33.80913374
   1695.37489366      33.82473532
   1696.54156947      33.83940267
   1697.69460319      33.85309458
   1698.87982636      33.86578604
   1700.09498601      33.87746831
   1701.29699936      33.88812309
   1702.50535616      33.89772850
   1703.70304223      33.90626508
   1704.95550078      33.91373127
   1706.17765705      33.92014665
   1707.39247831      33.92551766
   1708.59446235      33.92986690
   1709.84419863      33.93322556
   1711.06698726      33.93562623
   1712.26818629      33.93713843
   1713.54494962      33.93783253
   1714.80172458      33.93778262
   1716.12735079      33.93707736
   1717.37018735      33.93581974
   1718.57131075      33.93413906
   1719.77569333      33.93216774
   1721.00360937      33.93002723
   1722.22295499      33.92782165
   1723.42252207      33.92566183
   1724.62521929      33.92367779
   1725.82886080      33.92197408
   1727.06068681      33.92063794
   1728.28160387      33.91974274
   1729.48147390      33.91932282
   1730.68599637      33.91941007
   1731.96842827      33.92001392
   1733.15033036      33.92115154
   1734.36913010      33.92284853
   1735.56967125      33.92510403
   1736.77057962      33.92791275
   1737.99689302      33.93124595
   1739.24142532      33.93506142
   1740.44595251      33.93930626
   1741.63275989      33.94388134
   1742.87716789      33.94865923
   1744.09775649      33.95347430
   1745.35084598      33.95813191
   1746.55149252      33.96239591
   1747.75177657      33.96601372
   1748.95798297      33.96873663
   1750.13956415      33.97031634
   1751.36003412      33.97052630
   1752.56117124      33.96912652
   1753.76320302      33.96588629
   1755.01506938      33.96061968
   1756.19387772      33.95317424
   1757.39614912      33.94343739
   1758.58024652      33.93134507
   1759.83111849      33.91684549
   1761.05206722      33.89992650
   1762.23625017      33.88061686
   1763.45782228      33.85897290
   1764.68643638      33.83507774
   1765.87280659      33.80901117
   1767.11259334      33.78086816
   1768.33992618      33.75076757
   1769.56195909      33.71884556
   1770.79613636      33.68524201
   1772.06223746      33.65009694
   1773.24509660      33.61357911
   1774.46428673      33.57588719
   1775.66476312      33.53723114
   1776.86582651      33.49785939
   1778.06818912      33.45803841
   1779.27048509      33.41806882
   1780.47332930      33.37823181
   1781.67212696      33.33878812
   1782.92629639      33.30000121
   1784.14418398      33.26211692
   1785.35905628      33.22536839
   1786.59278031      33.18995472
   1787.80754249      33.15602192
   1789.01278286      33.12369887
   1790.19294525      33.09307381
   1791.41602123      33.06421110
   1792.65135121      33.03717068
   1793.85248880      33.01201375
   1795.10246564      32.98880038
   1796.27805263      32.96756805
   1797.45782606      32.94834393
   1798.67366344      32.93112788
   1799.91713141      32.91593721
   1801.17235949      32.90278951
   1802.43425100      32.89166975
   1803.70041590      32.88254133
   1804.88280195      32.87533173
   1806.08684235      32.86993140
   1807.25429041      32.86622219
   1808.51258294      32.86407010
   1809.76595081      32.86330835
   1810.96330510      32.86373771
   1812.23030276      32.86512333
   1813.45070656      32.86723138
   1814.67138496      32.86981069
   1815.88587680      32.87260225
   1817.07214587      32.87535576
   1818.32406611      32.87783739
   1819.49943097      32.87984345
   1820.69870409      32.88117873
   1821.88263607      32.88166173
   1823.04923720      32.88113683
   1824.26874728      32.87947187
   1825.45315802      32.87654473
   1826.60749286      32.87222609
   1827.85599089      32.86641942
   1829.06441764      32.85905221
   1830.26534681      32.85006253
   1831.51094911      32.83939873
   1832.74465282      32.82701821
   1833.97057914      32.81290666
   1835.16561903      32.79709483
   1836.38064399      32.77964852
   1837.60383812      32.76067841
   1838.79453561      32.74034900
   1839.99954062      32.71885336
   1841.20202847      32.69641876
   1842.40083606      32.67328778
   1843.55989281      32.64973887
   1844.78881506      32.62608442
   1846.00516097      32.60266567
   1847.19035815      32.57981930
   1848.41160463      32.55788100
   1849.62723500      32.53719517
   1850.86849349      32.51809634
   1852.09621529      32.50093779
   1853.31982674      32.48607121
   1854.56727508      32.47382385
   1855.76805537      32.46447617
   1857.00243870      32.45826932
   1858.21906677      32.45540811
   1859.42142324      32.45607604
   1860.60932614      32.46039710
   1861.85421338      32.46846042
   1863.05711855      32.48030803
   1864.27827098      32.49591547
   1865.51298939      32.51520867
   1866.71657466      32.53803659
   1867.88145027      32.56420528
   1869.08220551      32.59346917
   1870.27176163      32.62553363
   1871.48903010      32.66003238
   1872.69367875      32.69654634
   1873.95432066      32.73461899
   1875.15753776      32.77375017
   1876.37549956      32.81340768
   1877.57497495      32.85302815
   1878.74541278      32.89204119
   1879.94698471      32.92987570
   1881.19957370      32.96596975
   1882.40010161      32.99977339
   1883.63500057      33.03074872
   1884.85416659      33.05839443
   1886.03809999      33.08224568
   1887.26329612      33.10189158
   1888.46088200      33.11697699
   1889.71194775      33.12722787
   1890.91556421      33.13243998
   1892.11739135      33.13246687
   1893.36460811      33.12723344
   1894.61711345      33.11674171
   1895.84539152      33.10106747
   1897.09349916      33.08035175
   1898.36143638      33.05481966
   1899.56532034      33.02472294
   1900.80023536      32.99034834
   1902.01789988      32.95201753
   1903.21988251      32.91010737
   1904.47641596      32.86504710
   1905.70658024      32.81730797
   1906.90994622      32.76737712
   1908.12908246      32.71576502
   1909.33469715      32.66298527
   1910.56255742      32.60954803
   1911.81172278      32.55597348
   1913.02922519      32.50277251
   1914.21073029      32.45047261
   1915.43101924      32.39956762
   1916.72981927      32.35051195
   1917.90162911      32.30371034
   1919.08540844      32.25953968
   1920.30497334      32.21832492
   1921.48901592      32.18033694
   1922.75566620      32.14578470
   1923.97330472      32.11479607
   1925.16604533      32.08744485
   1926.44123485      32.06374005
   1927.63272019      32.04363462
   1928.84845927      32.02702428
   1930.06965518      32.01376444
   1931.27065760      32.00369134
   1932.47347392      31.99661533
   1933.72006257      31.99231286
   1934.90176664      31.99054836
   1936.12060230      31.99107111
   1937.32692449      31.99360151
   1938.52877101      31.99783891
   1939.76017402      32.00348181
   1940.92915099      32.01021871
   1942.12984527      32.01773739
   1943.31722546      32.02573577
   1944.53196542      32.03393267
   1945.73880608      32.04205205
   1946.93625584      32.04985634
   1948.13625206      32.05715104
   1949.38296643      32.06380298
   1950.59246129      32.06971592
   1951.79260497      32.07481990
   1952.98766140      32.07907032
   1954.17264164      32.08244628
   1955.39549502      32.08496695
   1956.57778749      32.08668696
   1957.79465045      32.08769272
   1959.05160501      32.08809848
   1960.25162344      32.08802911
   1961.45936773      32.08759045
   1962.69016296      32.08687991
   1963.90637749      32.08599830
   1965.10938569      32.08503460
   1966.36208008      32.08404730
   1967.55995142      32.08308188
   1968.76490160      32.08216538
   1969.99915685      32.08129250
   1971.19779855      32.08045995
   1972.38433040      32.07965629
   1973.56956302      32.07886293
   1974.74927690      32.07805670
   1975.93840908      32.07722215
   1977.15188338      32.07632910
   1978.35213954      32.07531763
   1979.60835066      32.07411565
   1980.85824527      32.07265823
   1982.05684113      32.07085268
   1983.24432718      32.06859389
   1984.41280460      32.06577573
   1985.61296387      32.06229593
   1986.81905401      32.05805038
   1988.05229692      32.05295097
   1989.27890429      32.04693806
   1990.48117993      32.03996274
   1991.70064370      32.03198824
   1992.90348697      32.02299198
   1994.05257245      32.01296779
   1995.31113910      32.00193986
   1996.55683404      31.98993249
   1997.75707507      31.97698202
   1998.99087850      31.96314408
   2000.22281320      31.94849561
   2001.47325368      31.93314632
   2002.68039917      31.91720734
   2003.94636936      31.90078280
   2005.19267161      31.88398953
   2006.39476152      31.86693982
   2007.60554946      31.84975681
   2008.82947095      31.83257595
   2010.04829905      31.81556314
   2011.28658950      31.79888486
   2012.55202233      31.78271919
   2013.83447313      31.76725563
   2015.07456756      31.75268740
   2016.29647948      31.73919672
   2017.54038509      31.72699040
   2018.76029312      31.71627598
   2019.97002760      31.70724382
   2021.16963864      31.70006611
   2022.36904928      31.69489748
   2023.55126283      31.69185162
   2024.77018924      31.69101836
   2025.95370579      31.69249366
   2027.15442133      31.69634689
   2028.37376316      31.70259179
   2029.57635027      31.71122892
   2030.87904938      31.72222896
   2032.11454714      31.73553657
   2033.36426073      31.75106650
   2034.56575042      31.76871448
   2035.77060419      31.78835709
   2037.01641303      31.80982670
   2038.30210929      31.83294095
   2039.47138448      31.85748945
   2040.70101140      31.88324694
   2041.94139460      31.90998473
   2043.17275035      31.93745366
   2044.41734078      31.96539429
   2045.59079201      31.99353500
   2046.81978562      32.02159434
   2047.98987750      32.04927838
   2049.24317069      32.07626188
   2050.44817759      32.10222605
   2051.66321672      32.12687638
   2052.88396932      32.14992084
   2054.09100894      32.17109725
   2055.38775403      32.19015474
   2056.57479630      32.20686276
   2057.77183441      32.22096945
   2058.94513488      32.23224424
   2060.13048850      32.24047432
   2061.32837826      32.24546189
   2062.49444297      32.24701857
   2063.64592085      32.24499563
   2064.89815869      32.23925303
   2066.07914579      32.22966851
   2067.30597151      32.21614822
   2068.53450148      32.19863383
   2069.72323241      32.17709299
   2070.94248540      32.15154045
   2072.18223292      32.12202970
   2073.39623655      32.08862109
   2074.59876600      32.05140301
   2075.80115602      32.01052936
   2077.00498469      31.96619008
   2078.20534151      31.91860627
   2079.50711855      31.86802996
   2080.68999754      31.81475705
   2081.88940630      31.75911737
   2083.04043897      31.70146161
   2084.21103087      31.64218008
   2085.39836853      31.58168685
   2086.61455895      31.52043044
   2087.81238019      31.45889584
   2089.00686759      31.39756534
   2090.17766934      31.33691808
   2091.40837855      31.27742974
   2092.61626699      31.21956731
   2093.93314696      31.16377859
   2095.16475934      31.11049153
   2096.35530937      31.06014048
   2097.55644413      31.01312877
   2098.77961888      30.96981368
   2100.01261934      30.93053319
   2101.24364756      30.89555760
   2102.41003790      30.86510088
   2103.66176815      30.83930763
   2104.86225211      30.81830156
   2106.09811473      30.80215305
   2107.32010464      30.79086596
   2108.55160737      30.78440796
   2109.82333875      30.78271554
   2111.05946226      30.78567816
   2112.27262085      30.79315336
   2113.47186702      30.80494948
   2114.65764032      30.82083225
   2115.82596650      30.84052434
   2117.02830312      30.86372484
   2118.21737433      30.89009677
   2119.41807948      30.91928557
   2120.60273881      30.95094813
   2121.77503970      30.98474291
   2122.97888444      31.02030304
   2124.22299280      31.05725152
   2125.47374709      31.09522376
   2126.72349661      31.13387252
   2127.93144413      31.17286110
   2129.15762142      31.21187829
   2130.33489139      31.25064046
   2131.53536070      31.28887759
   2132.73611878      31.32634053
   2133.93643968      31.36279771
   2135.08653610      31.39801430
   2136.26738378      31.43178576
   2137.52793826      31.46392460
   2138.73328213      31.49425732
   2139.93334405      31.52263159
   2141.13408086      31.54891356
   2142.33770393      31.57299294
   2143.58626151      31.59476733
   2144.79072206      31.61415893
   2146.02285196      31.63112083
   2147.22310197      31.64559151
   2148.47326644      31.65753695
   2149.71045381      31.66695142
   2150.95347184      31.67387397
   2152.18371080      31.67836295
   2153.38728189      31.68050017
   2154.60697629      31.68041793
   2155.89683347      31.67827069
   2157.09479649      31.67423153
   2158.31352629      31.66848007
   2159.51714275      31.66119166
   2160.76588134      31.65257484
   2161.92086224      31.64285030
   2163.14339613      31.63225745
   2164.32728746      31.62104916
   2165.52683612      31.60950090
   2166.73024085      31.59789872
   2167.90389767      31.58650307
   2169.14360928      31.57556081
   2170.32416158      31.56532595
   2171.52387423      31.55604006
   2172.70886912      31.54794013
   2173.93432851      31.54124571
   2175.13402131      31.53615931
   2176.33215967      31.53284457
   2177.61905685      31.53143249
   2178.80760676      31.53204477
   2179.95638883      31.53476954
   2181.15549511      31.53965770
   2182.35547857      31.54673357
   2183.50713651      31.55597198
   2184.74178781      31.56732730
   2185.91416526      31.58072887
   2187.14606594      31.59607372
   2188.34762841      31.61324744
   2189.59552479      31.63213044
   2190.81453863      31.65257942
   2192.04872204      31.67442232
   2193.24793845      31.69746978
   2194.42247245      31.72154216
   2195.59909825      31.74645523
   2196.77388368      31.77202322
   2197.97030881      31.79804659
   2199.17234579      31.82432027
   2200.35828922      31.85064442
   2201.57312655      31.87681140
   2202.77792124      31.90260264
   2204.00232905      31.92778103
   2205.24966681      31.95212029
   2206.46928370      31.97541103
   2207.67072896      31.99743458
   2208.90528905      32.01799126
   2210.09199104      32.03690544
   2211.32471785      32.05400649
   2212.51722498      32.06913724
   2213.75341229      32.08214378
   2214.95570637      32.09291284
   2216.11891412      32.10135288
   2217.32359066      32.10737680
   2218.52287370      32.11094313
   2219.72589088      32.11203097
   2220.89873670      32.11065050
   2222.09110961      32.10684461
   2223.32317854      32.10069396
   2224.49509140      32.09231828
   2225.69533102      32.08184286
   2226.90102889      32.06942229
   2228.12805121      32.05523608
   2229.37690275      32.03948933
   2230.59425582      32.02241974
   2231.84244948      32.00426287
   2233.01580099      31.98528118
   2234.21657277      31.96576515
   2235.40368027      31.94600884
   2236.61807428      31.92628127
   2237.80375967      31.90683733
   2238.97199841      31.88793101
   2240.26126812      31.86978702
   2241.47918975      31.85259829
   2242.68191155      31.83653659
   2243.88120120      31.82173051
   2245.11451878      31.80828489
   2246.33781973      31.79627895
   2247.52150736      31.78575332
   2248.69146974      31.77669427
   2249.87526230      31.76904444
   2251.12359538      31.76273418
   2252.39078681      31.75766166
   2253.60027459      31.75370044
   2254.78243946      31.75071666
   2255.98092472      31.74856256
   2257.25095469      31.74706123
   2258.45422472      31.74603488
   2259.65746167      31.74528557
   2260.85642900      31.74461636
   2262.03960338      31.74380584
   2263.26252954      31.74264648
   2264.44170085      31.74096079
   2265.66595979      31.73857771
   2266.81749296      31.73534191
   2268.06713661      31.73111767
   2269.30876940      31.72577326
   2270.71583029      31.71919412
   2271.97019916      31.71127555
   2273.21490302      31.70192773
   2274.43296595      31.69107071
   2275.64822202      31.67865472
   2276.81913105      31.66464929
   2278.12049407      31.64904842
   2279.32228576      31.63189459
   2280.56375456      31.61323785
   2281.74810197      31.59312369
   2282.94713689      31.57158372
   2284.13387574      31.54865483
   2285.33387007      31.52439537
   2286.53427746      31.49884899
   2287.73774836      31.47207258
   2288.95564493      31.44414040
   2290.19140074      31.41511936
   2291.41081583      31.38508585
   2292.60778447      31.35410938
   2293.81138108      31.32223486
   2294.99684339      31.28949174
   2296.19556875      31.25592709
   2297.36647116      31.22160584
   2298.57344084      31.18657876
   2299.77361051      31.15090020
   2301.02117511      31.11462924
   2302.25909078      31.07782693
   2303.49831938      31.04055493
   2304.76637002      31.00287546
   2306.19660709      30.96483456
   2307.95560523      30.92648330
   2309.35247793      30.88787101
   2310.55355124      30.84907623
   2311.75476776      30.81017489
   2312.95699378      30.77124309
   2314.19048717      30.73236006
   2315.41242698      30.69360775
   2316.66626699      30.65506698
   2317.91449184      30.61683143
   2319.11304894      30.57899834
   2320.36335756      30.54167743
   2321.56709501      30.50502387
   2322.81713991      30.46923290
   2324.05594315      30.43450846
   2325.27399994      30.40107196
   2326.49963183      30.36914080
   2327.67779033      30.33891220
   2328.97983534      30.31055452
   2330.24119043      30.28422263
   2331.53442870      30.26008189
   2332.84857081      30.23829606
   2334.66568000      30.21899413
   2335.88221213      30.20230327
   2337.09968476      30.18832989
   2338.30346522      30.17713519
   2339.55283806      30.16874578
   2340.73374152      30.16316080
   2341.93520994      30.16033505
   2343.14434231      30.16021735
   2344.34950044      30.16273673
   2345.56175681      30.16777449
   2346.74616708      30.17516716
   2347.91729068      30.18474711
   2349.10236403      30.19631325
   2350.27370030      30.20964217
   2351.52174178      30.22446612
   2352.72809753      30.24046689
   2353.94278220      30.25729334
   2355.09587358      30.27458147
   2356.29606830      30.29197001
   2357.47932586      30.30909781
   2358.70144999      30.32558400
   2359.89979914      30.34106687
   2361.13708055      30.35520374
   2362.33899654      30.36767036
   2363.50605753      30.37817854
   2364.72299280      30.38648585
   2365.95908936      30.39240494
   2367.15919995      30.39581365
   2368.34262765      30.39665750
   2369.54684292      30.39490001
   2370.76010502      30.39053102
   2371.94864501      30.38357658
   2373.16239012      30.37408788
   2374.31504055      30.36214945
   2375.56856296      30.34787729
   2376.78709426      30.33144616
   2377.97433408      30.31307476
   2379.16016362      30.29300007
   2380.37771896      30.27146939
   2381.62547262      30.24875332
   2382.79738123      30.22514592
   2383.99735476      30.20095555
   2385.20364246      30.17651303
   2386.36858281      30.15217205
   2387.55424930      30.12828690
   2388.75451302      30.10523071
   2389.95679150      30.08334591
   2391.15884313      30.06295027
   2392.42319980      30.04434631
   2393.66130357      30.02781578
   2394.86202242      30.01356636
   2396.04417547      30.00176852
   2397.21404144      29.99252425
   2398.39739919      29.98589261
   2399.62843025      29.98190823
   2400.82465121      29.98058510
   2402.02239021      29.98192239
   2403.20989801      29.98586344
   2404.44891913      29.99231801
   2405.66865418      30.00119256
   2406.89766858      30.01236723
   2408.11929646      30.02568757
   2409.34097633      30.04100067
   2410.52770998      30.05814163
   2411.74446944      30.07692824
   2412.93255430      30.09714795
   2414.17848413      30.11855577
   2415.38173857      30.14087337
   2416.60205257      30.16382315
   2417.80684869      30.18712948
   2419.02391109      30.21050761
   2420.22624818      30.23368737
   2421.45809639      30.25639800
   2422.66481511      30.27838722
   2423.88205995      30.29941073
   2425.11021844      30.31923827
   2426.29438484      30.33766474
   2427.46655292      30.35452780
   2428.66384105      30.36972319
   2429.87082916      30.38318341
   2431.06915940      30.39487583
   2432.26900722      30.40480391
   2433.45316370      30.41299437
   2434.65621160      30.41948269
   2435.82930648      30.42428947
   2437.10875759      30.42745261
   2438.31214955      30.42901788
   2439.50947171      30.42903590
   2440.73487769      30.42755201
   2441.93153392      30.42463402
   2443.08802815      30.42036387
   2444.28728709      30.41485798
   2445.45690635      30.40826125
   2446.64033641      30.40072927
   2447.84202838      30.39242181
   2449.04314753      30.38347461
   2450.26612473      30.37404197
   2451.46691542      30.36428524
   2452.73436584      30.35435889
   2454.03755648      30.34440264
   2455.35226053      30.33456324
   2456.57057206      30.32496499
   2457.80619648      30.31570270
   2459.01945999      30.30684102
   2460.22079749      30.29844474
   2461.42552508      30.29058467
   2462.60754910      30.28333016
   2463.80562603      30.27674115
   2465.02734040      30.27085410
   2466.16162873      30.26571536
   2467.38353687      30.26134108
   2468.63343101      30.25775602
   2469.83782870      30.25497891
   2471.04084920      30.25302176
   2472.32040806      30.25190216
   2473.53620999      30.25164056
   2474.74203121      30.25226630
   2475.92852619      30.25380067
   2477.14435459      30.25624840
   2478.34424353      30.25959761
   2479.54715154      30.26381770
   2480.76948504      30.26884803
   2481.97195399      30.27462466
   2483.12335813      30.28110412
   2484.32539085      30.28824464
   2485.48022714      30.29601403
   2486.65939562      30.30437184
   2487.82983629      30.31330274
   2488.98087557      30.32280989
   2490.19205437      30.33289371
   2491.43019358      30.34353262
   2492.61770327      30.35467698
   2493.78438522      30.36626557
   2494.98895022      30.37822087
   2496.22130083      30.39048039
   2497.47274231      30.40297347
   2498.69080288      30.41561959
   2499.92774779      30.42831033
   2501.15573378      30.44093099
   2502.35452719      30.45335728
   2503.50985406      30.46543516
   2504.69069182      30.47701002
   2505.89223066      30.48795400
   2507.14293580      30.49813150
   2508.36114383      30.50738478
   2509.56280933      30.51555007
   2510.74596764      30.52245074
   2511.96590213      30.52792144
   2513.26709171      30.53177596
   2514.46908568      30.53383824
   2515.65259514      30.53392319
   2516.87394276      30.53184375
   2518.10762945      30.52743415
   2519.27258682      30.52053921
   2520.52563709      30.51103092
   2521.72527365      30.49879256
   2522.92745099      30.48372518
   2524.19958126      30.46576469
   2525.38387716      30.44489450
   2526.56525086      30.42113563
   2527.76763096      30.39456132
   2528.96722262      30.36529042
   2530.19035862      30.33346481
   2531.40875522      30.29924153
   2532.64662552      30.26278993
   2533.84368159      30.22431895
   2535.06238161      30.18403442
   2536.29944893      30.14213528
   2537.52162741      30.09881605
   2538.75683073      30.05430199
   2540.02813061      30.00885025
   2541.21236129      29.96273975
   2542.45054776      29.91627840
   2543.63440223      29.86976714
   2544.85590723      29.82350746
   2546.00705097      29.77778684
   2547.18845965      29.73289319
   2548.42243038      29.68910512
   2549.63652334      29.64668494
   2550.84118948      29.60590940
   2552.02944354      29.56704711
   2553.24586650      29.53031990
   2554.42840662      29.49591626
   2555.64420005      29.46401042
   2556.84695304      29.43473165
   2558.05360890      29.40817808
   2559.28158497      29.38437988
   2560.46917216      29.36332476
   2561.67300319      29.34496108
   2562.85570259      29.32921075
   2564.07456992      29.31598682
   2565.28965726      29.30516555
   2566.50627918      29.29661410
   2567.69337628      29.29017454
   2568.90884786      29.28568585
   2570.11255884      29.28297524
   2571.30378046      29.28185364
   2572.55192071      29.28210222
   2573.75628202      29.28347669
   2574.95331541      29.28572075
   2576.18876070      29.28855150
   2577.38998053      29.29167001
   2578.61378717      29.29479868
   2579.82943125      29.29768149
   2581.02582046      29.30005928
   2582.22536108      29.30169119
   2583.42768777      29.30236613
   2584.61586574      29.30193562
   2585.83061705      29.30028483
   2587.03171588      29.29732593
   2588.23877441      29.29300386
   2589.44025890      29.28727958
   2590.64366836      29.28014979
   2591.82570467      29.27162894
   2592.97534501      29.26176880
   2594.19930903      29.25066035
   2595.39628003      29.23842843
   2596.58297541      29.22519820
   2597.81613513      29.21108894
   2599.01100819      29.19621549
   2600.21230788      29.18070158
   2601.38079806      29.16467279
   2602.65074390      29.14823122
   2603.94768654      29.13146527
   2605.11665973      29.11443930
   2606.30139375      29.09723584
   2607.52492296      29.07994141
   2608.75604666      29.06264313
   2609.97818355      29.04542036
   2611.20755194      29.02832960
   2612.37404626      29.01143836
   2613.57809280      28.99479084
   2614.72882489      28.97843022
   2615.88459837      28.96237382
   2617.08547555      28.94662606
   2618.26980311      28.93118138
   2619.48788731      28.91603376
   2620.73823657      28.90118849
   2621.92710976      28.88664000
   2623.14235212      28.87238943
   2624.33983260      28.85846109
   2625.52966331      28.84486787
   2626.71996238      28.83160331
   2627.93607482      28.81867472
   2629.18660085      28.80611942
   2630.34062518      28.79400893
   2631.54263947      28.78241047
   2632.72828090      28.77139627
   2633.97312513      28.76104942
   2635.19579938      28.75145145
   2636.44292446      28.74269404
   2637.64702299      28.73487201
   2638.80501635      28.72809749
   2640.02142655      28.72247890
   2641.20363159      28.71810992
   2642.40722773      28.71506478
   2643.65686948      28.71343630
   2644.85870796      28.71332660
   2646.09260828      28.71484195
   2647.31356882      28.71808575
   2648.51443277      28.72315498
   2649.71653355      28.73014661
   2650.91924778      28.73916604
   2652.15199917      28.75033157
   2653.32106074      28.76374444
   2654.52222527      28.77949477
   2655.72629024      28.79764463
   2656.92520181      28.81828312
   2658.12319035      28.84148089
   2659.32912547      28.86727186
   2660.52852099      28.89566859
   2661.72766887      28.92664549
   2662.91204794      28.96015136
   2664.11158478      28.99610223
   2665.30101660      29.03438098
   2666.47387801      29.07483271
   2667.69429079      29.11726018
   2668.92625527      29.16143342
   2670.08134819      29.20708882
   2671.36469601      29.25392017
   2672.56937019      29.30159208
   2673.83191202      29.34975799
   2675.01886024      29.39804949
   2676.23891903      29.44606580
   2677.42031495      29.49336684
   2678.59430402      29.54007577
   2679.82513659      29.58465462
   2681.02852619      29.62665216
   2682.24732735      29.66561657
   2683.44990878      29.70109661
   2684.65243303      29.73264089
   2685.85070184      29.75979788
   2687.02851201      29.78211620
   2688.23853432      29.79914431
   2689.42446736      29.81043098
   2690.62764665      29.81552452
   2691.82820340      29.81397356
   2693.02855266      29.80532671
   2694.21362034      29.78913257
   2695.47066469      29.76493963
   2696.67104467      29.73229649
   2697.96968732      29.69075162
   2699.17148090      29.63985364
   2700.37270781      29.57915117
