      0.34239276      22.45442498
      1.65026845      22.73853431
      2.88252264      22.99902355
      4.19896166      23.23673187
      5.41733038      23.45249862
      6.70369775      23.64716325
      7.89304592      23.82156495
      9.06204936      23.97654320
     10.29690153      24.11293718
     11.58434079      24.23158651
     12.80042252      24.33333022
     14.01541864      24.41900794
     15.27010227      24.48945870
     16.47318752      24.54552212
     17.67456756      24.58803753
     18.90706940      24.61784397
     20.14068095      24.63578120
     21.38037176      24.64268826
     22.61213112      24.63940463
     23.81517619      24.62676962
     25.01792398      24.60639873
     26.26824678      24.57873329
     27.46979649      24.54462560
     28.67218179      24.50492623
     29.88033348      24.46047831
     31.12456661      24.41208979
     32.36992930      24.36054937
     33.58336153      24.30661673
     34.85404418      24.25100806
     36.07090998      24.19441753
     37.31201722      24.13749114
     38.51694378      24.08083145
     39.71631803      24.02499212
     40.96348139      23.97048320
     42.22354718      23.91778074
     43.45432964      23.86729601
     44.68729039      23.81939098
     45.92428210      23.77437830
     47.24573038      23.73252292
     48.42960518      23.69403622
     49.71650803      23.65912247
     50.96552546      23.62792654
     52.16824016      23.60056324
     53.36725098      23.57709094
     54.62311662      23.55753136
     55.84373594      23.54187373
     57.07165198      23.53006652
     58.24343347      23.52201522
     59.38810613      23.51758835
     60.62857724      23.51662516
     61.85006853      23.51892693
     63.01074730      23.52428752
     64.28222158      23.53249683
     65.61653827      23.54332698
     66.83836371      23.55653461
     68.01837722      23.57186034
     69.21937397      23.58905060
     70.46002845      23.60787428
     71.74563869      23.62810263
     72.94704237      23.64952629
     74.21770705      23.67196435
     75.41799062      23.69526844
     76.63357894      23.71928858
     77.85396242      23.74387726
     79.08366448      23.76893412
     80.30394399      23.79436928
     81.51501503      23.82009536
     82.75659206      23.84605428
     83.96055353      23.87218901
     85.19287861      23.89846919
     86.34962380      23.92488855
     87.53374199      23.95146956
     88.76356835      23.97824739
     89.99988232      24.00524537
     91.25318733      24.03252828
     92.43732490      24.06016906
     93.61722829      24.08825074
     94.87268985      24.11686713
     96.10950905      24.14613055
     97.26068728      24.17614839
     98.48106603      24.20702160
     99.62765847      24.23880417
    100.92415071      24.27153258
    102.26962540      24.30520711
    103.47843734      24.33979259
    104.70407868      24.37521289
    105.90876987      24.41136703
    107.18105469      24.44813553
    108.49825037      24.48537294
    109.80964894      24.52293656
    111.16810594      24.56067701
    112.46494650      24.59842577
    113.64997968      24.63600748
    114.85504802      24.67325919
    116.08622275      24.71003075
    117.28615092      24.74617161
    118.48507713      24.78153311
    119.67259816      24.81600539
    120.88969081      24.84948938
    122.07699113      24.88190221
    123.31344736      24.91315402
    124.51537138      24.94317522
    125.75121132      24.97191576
    127.00012288      24.99931451
    128.32874501      25.02531909
    129.57062121      25.04992558
    130.77291671      25.07315832
    131.97163213      25.09507744
    133.23546468      25.11577236
    134.39156332      25.13535615
    135.61872932      25.15396508
    136.86548197      25.17175948
    138.15408577      25.18894784
    139.36596404      25.20574855
    140.51776944      25.22240673
    141.74321417      25.23918133
    142.92461009      25.25631308
    144.13322920      25.27401820
    145.35211118      25.29249319
    146.58062934      25.31187769
    147.78497835      25.33229337
    148.98399909      25.35383171
    150.22062121      25.37655441
    151.43940535      25.40049503
    152.70189377      25.42567882
    153.91083993      25.45212415
    155.14059020      25.47984314
    156.39935346      25.50884234
    157.72018971      25.53910572
    158.97274467      25.57058732
    160.15585430      25.60322745
    161.38830368      25.63696063
    162.54321370      25.67168924
    163.74018659      25.70729934
    164.94094183      25.74368371
    166.12472257      25.78071992
    167.37890429      25.81823263
    168.59720164      25.85601641
    169.76506749      25.89384862
    171.05132238      25.93150518
    172.28641464      25.96876855
    173.53120687      26.00542895
    174.80280923      26.04129670
    175.97484026      26.07622037
    177.17327542      26.11006428
    178.42245354      26.14272543
    179.63836465      26.17412430
    180.85586375      26.20420516
    182.04101745      26.23295110
    183.24262482      26.26036619
    184.52678555      26.28650150
    185.71385665      26.31142690
    186.93068227      26.33522338
    188.14674462      26.35797672
    189.36779071      26.37977679
    190.58104051      26.40072440
    191.78524633      26.42089556
    192.95305736      26.44036161
    194.15470395      26.45920558
    195.38043178      26.47751163
    196.66798306      26.49536745
    197.86941178      26.51287838
    199.05453381      26.53017003
    200.28021627      26.54738421
    201.44200853      26.56464989
    202.64639204      26.58206964
    203.88069408      26.59972296
    205.06489688      26.61767186
    206.35691296      26.63597339
    207.60224068      26.65465322
    208.82406233      26.67370581
    210.06190899      26.69311292
    211.25781802      26.71283940
    212.49326947      26.73280062
    213.66299459      26.75288731
    214.80641341      26.77300595
    216.11816313      26.79307819
    217.32192374      26.81302467
    218.57442152      26.83277916
    219.78199614      26.85228140
    220.99630319      26.87149360
    222.19103730      26.89041853
    223.44670255      26.90907371
    224.79347695      26.92749034
    226.04575921      26.94571076
    227.26921281      26.96378936
    228.54694028      26.98180887
    229.73555022      26.99986793
    230.96522629      27.01809943
    232.16649196      27.03663847
    233.45497476      27.05561957
    234.64225618      27.07519140
    235.85231015      27.09549970
    237.03660226      27.11667082
    238.24280536      27.13882074
    239.43351986      27.16208821
    240.58836040      27.18660263
    241.84691381      27.21249970
    243.14037611      27.23990428
    244.36020474      27.26894157
    245.56816360      27.29971776
    246.86793249      27.33230728
    248.15718755      27.36672192
    249.47841276      27.40293413
    250.72486058      27.44087226
    251.87859425      27.48042968
    253.14169660      27.52147054
    254.33975414      27.56380373
    255.52368707      27.60722339
    256.74481634      27.65148588
    257.99572377      27.69631021
    259.25774666      27.74137556
    260.50799431      27.78636081
    261.72392952      27.83094602
    262.90677496      27.87479549
    264.23209398      27.91756286
    265.43197157      27.95891039
    266.64650642      27.99851726
    267.90086631      28.03609679
    269.14132654      28.07137688
    270.46696977      28.10409726
    271.73498261      28.13402756
    273.08010757      28.16097842
    274.38578984      28.18479911
    275.63441452      28.20540635
    276.83776159      28.22278072
    278.15559389      28.23696717
    279.39510038      28.24806066
    280.58943229      28.25621671
    281.86842165      28.26165404
    283.20099675      28.26464005
    284.40992542      28.26550272
    285.65800943      28.26463786
    286.96096092      28.26249949
    288.70769278      28.25957403
    290.01263777      28.25638391
    291.31326588      28.25346720
    292.58314602      28.25139390
    293.86203565      28.25072381
    295.13387621      28.25200125
    296.41882196      28.25574125
    298.23702289      28.26244756
    299.61859274      28.27259113
    300.96094060      28.28662044
    302.21212829      28.30493569
    303.79244664      28.32787227
    305.09228028      28.35570841
    306.36613419      28.38863114
    307.64888841      28.42675456
    308.92764287      28.47011587
    310.43204671      28.51869288
    311.71366902      28.57237838
    313.31570363      28.63097963
    314.77871382      28.69422395
    316.04190833      28.76178528
    317.98859009      28.83328735
    319.81686816      28.90829949
    321.14195087      28.98633586
    322.39254636      29.06687111
    323.61695559      29.14934602
    324.87937974      29.23317876
    326.16966794      29.31779276
    327.40927935      29.40264078
    328.68021721      29.48719876
    329.92919258      29.57096046
    331.16006295      29.65343303
    332.47067792      29.73416275
    333.76287171      29.81272668
    334.97768872      29.88874519
    336.21298703      29.96189266
    337.46755723      30.03189275
    338.68029378      30.09851861
    339.95867346      30.16157750
    341.21311275      30.22092923
    342.46504102      30.27650303
    343.69501011      30.32828621
    344.95560192      30.37630227
    346.16586905      30.42062414
    347.43788117      30.46137438
    348.68680644      30.49872179
    349.91601556      30.53285165
    351.15326625      30.56396778
    352.40054682      30.59227676
    353.66919249      30.61800751
    354.92352827      30.64138498
    356.13902868      30.66262700
    357.37572499      30.68193958
    358.67116330      30.69951470
    359.94180625      30.71554291
    361.13450621      30.73019139
    362.42364028      30.74361175
    363.62251593      30.75595015
    364.88222914      30.76735191
    366.10164045      30.77794367
    367.40636473      30.78783922
    368.63808770      30.79713836
    369.84446471      30.80591024
    371.12197903      30.81423072
    372.36945904      30.82217057
    373.60285602      30.82980768
    374.85352903      30.83719809
    376.06473288      30.84436892
    377.29329121      30.85132398
    378.58542356      30.85805189
    379.86055542      30.86454986
    381.11262501      30.87080638
    382.38898803      30.87680977
    383.62148090      30.88256135
    384.86720892      30.88807892
    386.08798561      30.89339632
    387.30254882      30.89856709
    388.53489328      30.90369133
    389.77444184      30.90890952
    391.04818043      30.91436552
    392.26021183      30.92022170
    393.50859548      30.92665052
    394.72144923      30.93383318
    395.93205428      30.94194780
    397.17024879      30.95116962
    398.41888765      30.96168857
    399.63256943      30.97370280
    400.87082160      30.98741479
    402.13715570      31.00299175
    403.39405874      31.02058861
    404.65677023      31.04035404
    405.86465064      31.06244035
    407.09354548      31.08700015
    408.37174225      31.11416401
    409.57161370      31.14404777
    410.80485850      31.17676203
    412.05874152      31.21239066
    413.29563302      31.25099451
    414.61529813      31.29260114
    415.82344840      31.33718956
    417.07588946      31.38469061
    418.28623551      31.43500508
    419.53794922      31.48795717
    420.73148997      31.54332701
    421.99141397      31.60084105
    423.22201212      31.66020781
    424.43946443      31.72113402
    425.65392792      31.78331157
    426.92378065      31.84642065
    428.15586423      31.91012819
    429.40589306      31.97410695
    430.61653449      32.03806878
    431.91021419      32.10174349
    433.12542157      32.16486775
    434.34502382      32.22719659
    435.58143515      32.28851380
    436.81958476      32.34860463
    438.10760251      32.40724877
    439.39304261      32.46425058
    440.63739673      32.51941982
    441.84869841      32.57259235
    443.06148647      32.62363060
    444.27718680      32.67241522
    445.49309885      32.71885285
    446.73066951      32.76286572
    447.94693130      32.80439999
    449.18024085      32.84343087
    450.37292238      32.87998462
    451.63492353      32.91412965
    452.86257207      32.94595716
    454.08988175      32.97557598
    455.30074295      33.00311347
    456.54124761      33.02871991
    457.75508252      33.05255462
    458.99254022      33.07476436
    460.21058661      33.09549969
    461.53723604      33.11489119
    462.77798127      33.13305791
    463.99423219      33.15010227
    465.22893359      33.16611589
    466.44782644      33.18117930
    467.63735325      33.19538909
    468.85430223      33.20885657
    470.10546959      33.22170443
    471.39334934      33.23406063
    472.60761716      33.24603153
    473.84288618      33.25771370
    475.05546392      33.26921584
    476.32910515      33.28065495
    477.54139743      33.29215315
    478.74859113      33.30379972
    479.96892877      33.31565507
    481.18289837      33.32777784
    482.41972891      33.34020961
    483.71407736      33.35295579
    484.92834329      33.36600980
    486.13945072      33.37936494
    487.39458854      33.39300107
    488.64735760      33.40690346
    489.87196486      33.42105313
    491.08048897      33.43543362
    492.31800669      33.45004957
    493.53420279      33.46492522
    494.79298259      33.48011337
    496.01073029      33.49569455
    497.27923512      33.51175413
    498.52288315      33.52838342
    499.75789648      33.54567726
    501.03693168      33.56374609
    502.29345804      33.58271041
    503.49979630      33.60268272
    504.71994726      33.62375799
    505.92650103      33.64602885
    507.13298958      33.66958548
    508.38978250      33.69450024
    509.62008242      33.72084097
    510.85460423      33.74866602
    512.10783126      33.77803434
    513.32389833      33.80899757
    514.56947180      33.84159905
    515.80486890      33.87587962
    517.06140377      33.91185256
    518.27291009      33.94952356
    519.51495926      33.98886782
    520.72354245      34.02984361
    521.91583880      34.07241198
    523.18815387      34.11650451
    524.42102104      34.16203234
    525.71521731      34.20887482
    526.96929315      34.25689861
    528.18629317      34.30596583
    529.45808552      34.35590812
    530.66698679      34.40654560
    531.89746488      34.45770100
    533.10943154      34.50919254
    534.34871212      34.56083494
    535.59432813      34.61244247
    536.86039615      34.66384005
    538.06794762      34.71485963
    539.34151842      34.76534771
    540.61502212      34.81517533
    541.89899522      34.86422037
    543.19148959      34.91237167
    544.40153222      34.95950901
    545.61256924      35.00552573
    546.82228293      35.05032818
    548.07169783      35.09381393
    549.32163781      35.13586248
    550.50930346      35.17634500
    551.70201240      35.21513385
    552.91296293      35.25212513
    554.17123986      35.28721162
    555.40375399      35.32030913
    556.68299147      35.35135465
    557.91129223      35.38029871
    559.10359472      35.40710688
    560.32778560      35.43175947
    561.58588625      35.45425588
    562.84100611      35.47461787
    564.05163005      35.49287359
    565.29992627      35.50908621
    566.55192780      35.52332941
    567.80507968      35.53569961
    569.03555542      35.54632289
    570.31051477      35.55532936
    571.57179471      35.56286420
    572.86865229      35.56907112
    574.16232537      35.57410052
    575.43476190      35.57810954
    576.69053302      35.58124904
    577.92070959      35.58368590
    579.17683990      35.58558676
    580.40948022      35.58712842
    581.66946424      35.58849136
    582.91721648      35.58985226
    584.17482891      35.59140501
    585.41827750      35.59333811
    586.65015076      35.59586791
    587.86985510      35.59921603
    589.12500992      35.60357316
    590.36994678      35.60913230
    591.60401677      35.61606737
    592.81286037      35.62455155
    594.00546817      35.63475289
    595.23065958      35.64680097
    596.41891459      35.66082474
    597.64966161      35.67696849
    598.92212602      35.69539009
    600.17340350      35.71626038
    601.40247698      35.73973823
    602.68261055      35.76600002
    603.93171730      35.79519750
    605.19044889      35.82746969
    606.39573180      35.86293784
    607.64595866      35.90170290
    608.86286368      35.94384526
    610.14137049      35.98942212
    611.42053566      36.03847095
    612.74689349      36.09101366
    613.96512562      36.14701625
    615.19936528      36.20640386
    616.43132928      36.26905921
    617.70307768      36.33480956
    618.91276112      36.40343139
    620.16171191      36.47465029
    621.37919684      36.54816730
    622.60298977      36.62366410
    623.81384152      36.70078849
    625.03417680      36.77917573
    626.26527686      36.85843091
    627.48021816      36.93814550
    628.69360030      37.01787220
    629.95032752      37.09714546
    631.19179963      37.17550674
    632.44255912      37.25249253
    633.73608191      37.32766005
    635.05250250      37.40055818
    636.28940299      37.47074370
    637.56666352      37.53782373
    638.82131926      37.60143585
    640.03518111      37.66126057
    641.31207961      37.71702024
    642.62720050      37.76847268
    643.83684566      37.81545332
    645.04872772      37.85786457
    646.28391638      37.89566819
    647.54086007      37.92887848
    648.76948220      37.95755045
    650.01608929      37.98179453
    651.24879057      38.00174933
    652.58816426      38.01760392
    653.83549114      38.02958080
    655.07414315      38.03793630
    656.34986861      38.04297839
    657.64626822      38.04504352
    658.90460470      38.04449992
    660.13750071      38.04171904
    661.35698102      38.03707115
    662.59087047      38.03095804
    663.83223765      38.02379100
    665.04054909      38.01597764
    666.25099580      38.00792867
    667.51991370      38.00005988
    668.82929987      37.99279435
    670.12284392      37.98653623
    671.33581772      37.98164455
    672.55170047      37.97843722
    673.83740713      37.97716692
    675.08722328      37.97803105
    676.35673809      37.98116193
    677.57171910      37.98666097
    678.82949364      37.99459294
    680.02407509      38.00497694
    681.28073993      38.01779184
    682.47643486      38.03295941
    683.72634459      38.05037478
    684.96567197      38.06991364
    686.17860181      38.09140718
    687.43561780      38.11465218
    688.70386080      38.13942572
    689.91822268      38.16548589
    691.13584230      38.19259081
    692.38949893      38.22049304
    693.67159858      38.24894631
    694.88562915      38.27771238
    696.10557026      38.30654643
    697.34383188      38.33522803
    698.56116840      38.36354985
    699.79507534      38.39133989
    700.99589911      38.41847107
    702.22893453      38.44486840
    703.48289270      38.47052051
    704.73089400      38.49544446
    705.95805575      38.51970488
    707.18752954      38.54340682
    708.43542923      38.56670829
    709.65818147      38.58982096
    710.88707913      38.61296486
    712.16066837      38.63637530
    713.39071119      38.66031432
    714.64831890      38.68505269
    715.88545192      38.71084355
    717.09804289      38.73790718
    718.30675275      38.76642435
    719.55649564      38.79653936
    720.77217328      38.82834994
    722.01416243      38.86192526
    723.20619128      38.89729420
    724.44521145      38.93445997
    725.67596414      38.97337661
    726.95465433      39.01394565
    728.18596234      39.05602338
    729.41152050      39.09941241
    730.60364387      39.14388236
    731.89622474      39.18915649
    733.15197979      39.23490549
    734.37237367      39.28077078
    735.63812125      39.32637929
    736.89385220      39.37133624
    738.16971804      39.41524902
    739.36216657      39.45772679
    740.53365172      39.49838206
    741.75040740      39.53683782
    742.99131520      39.57272264
    744.20081999      39.60571409
    745.43697421      39.63553264
    746.67079182      39.66196149
    747.91612710      39.68485270
    749.12705305      39.70409991
    750.36283816      39.71964740
    751.54725741      39.73147021
    752.77912783      39.73961489
    753.98521324      39.74418020
    755.26030210      39.74532270
    756.59081328      39.74325319
    757.95511040      39.73820584
    759.14941774      39.73047186
    760.36380466      39.72039335
    761.63565325      39.70833550
    762.86547772      39.69468770
    764.05119194      39.67987581
    765.30031145      39.66435794
    766.57828988      39.64860927
    767.88189973      39.63311313
    769.09503327      39.61838105
    770.32725155      39.60492262
    771.53707535      39.59324176
    772.80968344      39.58381409
    774.02161890      39.57707700
    775.27070202      39.57343169
    776.52454582      39.57322437
    777.75436840      39.57676653
    778.95772634      39.58432603
    780.20137484      39.59611237
    781.41836163      39.61228458
    782.68021249      39.63294696
    783.88671475      39.65814607
    785.13082642      39.68787708
    786.35085496      39.72206880
    787.60358858      39.76059197
    788.83398444      39.80327020
    790.06966274      39.84987283
    791.30633070      39.90013405
    792.61575515      39.95374674
    793.83341730      40.01036048
    795.08904427      40.06957915
    796.29832363      40.13095136
    797.49738690      40.19400223
    798.73125177      40.25824797
    799.95072499      40.32322727
    801.22009755      40.38847034
    802.42033527      40.45353207
    803.64861996      40.51799126
    804.89765157      40.58144042
    806.12614468      40.64353524
    807.31723964      40.70398132
    808.53630924      40.76252727
    809.79409182      40.81898461
    811.00949203      40.87321400
    812.24685521      40.92511988
    813.47550286      40.97464068
    814.68885287      41.02176051
    815.95992684      41.06650300
    817.17494518      41.10889615
    818.39997542      41.14897119
    819.65412453      41.18676766
    820.87051723      41.22232699
    822.12872186      41.25571790
    823.38493676      41.28703201
    824.59575685      41.31638982
    825.80719086      41.34390062
    827.05818147      41.36966521
    828.25435091      41.39379316
    829.51221761      41.41639069
    830.67990340      41.43756005
    831.91282209      41.45738501
    833.16735212      41.47594083
    834.37982778      41.49329230
    835.56849727      41.50948391
    836.84307900      41.52453448
    838.06556988      41.53843993
    839.28194983      41.55117414
    840.49149337      41.56268036
    841.68162183      41.57288507
    842.89433285      41.58171005
    844.17560826      41.58909739
    845.40959932      41.59500989
    846.60281254      41.59942654
    847.92119638      41.60232881
    849.20050239      41.60374005
    850.45379417      41.60369453
    851.74535938      41.60224171
    853.02258540      41.59947804
    854.25439486      41.59551308
    855.46619515      41.59047215
    856.72083672      41.58449677
    857.90988052      41.57773298
    859.14144942      41.57034534
    860.31604581      41.56250296
    861.55563312      41.55437637
    862.78429542      41.54613102
    864.01113910      41.53793893
    865.24028348      41.52998260
    866.44887990      41.52246891
    867.67871997      41.51562356
    868.86598626      41.50971690
    870.09630697      41.50504085
    871.33844736      41.50187495
    872.57276358      41.50048502
    873.78879946      41.50114679
    874.99725126      41.50411719
    876.23757964      41.50962455
    877.50561421      41.51787938
    878.75522856      41.52906361
    879.98888359      41.54332636
    881.24305395      41.56075675
    882.51599854      41.58139069
    883.73957266      41.60521503
    885.01191183      41.63215743
    886.25615583      41.66210699
    887.46996238      41.69491549
    888.67858905      41.73041763
    889.94903492      41.76843002
    891.18788825      41.80874448
    892.40818666      41.85111735
    893.63994745      41.89527145
    894.85263295      41.94090067
    896.11009509      41.98767006
    897.32200928      42.03520292
    898.57676002      42.08312005
    899.82979989      42.13104259
    901.02461624      42.17858230
    902.25611330      42.22535315
    903.47360956      42.27097275
    904.70202847      42.31507242
    905.95262822      42.35729692
    907.20355030      42.39731550
    908.44196268      42.43483653
    909.63798845      42.46961649
    910.86393226      42.50146574
    912.13392678      42.53024158
    913.37056544      42.55586728
    914.58214596      42.57832723
    915.78989404      42.59767015
    917.04159877      42.61397555
    918.23087699      42.62732821
    919.44150613      42.63786760
    920.68030276      42.64576615
    921.90862194      42.65121588
    923.14397036      42.65445531
    924.33689860      42.65574516
    925.56806577      42.65536218
    926.76547016      42.65358811
    927.97249797      42.65071590
    929.90673715      42.64706052
    931.14343063      42.64294354
    932.34335265      42.63868869
    933.51669518      42.63463925
    934.74904626      42.63113123
    935.97836739      42.62849040
    937.23189264      42.62700243
    938.48344755      42.62690760
    939.73409456      42.62841133
    940.94374208      42.63167804
    942.18983402      42.63682431
    943.38047195      42.64390309
    944.60008224      42.65294633
    945.83654839      42.66395111
    947.07147712      42.67687878
    948.27202204      42.69165595
    949.51756669      42.70816371
    950.72949411      42.72625209
    951.93817230      42.74573871
    953.12980037      42.76642371
    954.36188773      42.78811027
    955.56857100      42.81057153
    956.77799403      42.83357274
    957.99641662      42.85687800
    959.20217356      42.88024993
    960.41405420      42.90345787
    961.63293429      42.92627117
    962.86656616      42.94847157
    964.08233123      42.96984592
    965.29388718      42.99020383
    966.50728019      43.00942069
    967.67350889      43.02739250
    968.86805443      43.04406819
    970.10829111      43.05944775
    971.32254428      43.07355716
    972.58169603      43.08647666
    973.81056015      43.09831144
    975.04037375      43.10918608
    976.34672051      43.11924912
    977.64121406      43.12865666
    978.89585563      43.13758479
    980.14226941      43.14620538
    981.42275838      43.15466504
    982.65060211      43.16309742
    983.89287720      43.17162697
    985.13322778      43.18037492
    986.37266858      43.18945230
    988.23575581      43.19893308
    989.44368017      43.20885285
    990.66050532      43.21922241
    991.94478184      43.23007284
    993.21676749      43.24139830
    994.45041779      43.25319033
    995.66740363      43.26540122
    996.93810566      43.27795613
    998.15092302      43.29078036
    999.39426574      43.30377208
   1000.63585222      43.31683499
   1001.86570883      43.32984830
   1003.08325000      43.34266844
   1004.35494121      43.35519009
   1005.60570779      43.36731184
   1006.81195767      43.37893419
   1008.01923928      43.38998012
   1009.27366486      43.40039316
   1010.52519850      43.41016047
   1011.73209398      43.41929636
   1013.00561469      43.42786311
   1014.24361306      43.43595570
   1015.47620423      43.44368123
   1016.74109874      43.45118499
   1017.96063435      43.45861684
   1019.18956982      43.46612950
   1020.42915714      43.47387604
   1021.67286236      43.48199839
   1022.94637787      43.49063590
   1024.18839206      43.49993708
   1025.44904012      43.51003076
   1026.67059947      43.52102387
   1027.88191863      43.53297872
   1029.10688839      43.54595001
   1030.32964866      43.55999260
   1031.54408568      43.57515478
   1032.78242622      43.59144152
   1033.98856693      43.60882362
   1035.24541137      43.62723136
   1036.44778107      43.64656990
   1037.68929476      43.66674223
   1038.90306539      43.68762579
   1040.11762435      43.70903486
   1041.38978439      43.73075046
   1042.67404484      43.75249377
   1043.91415014      43.77397068
   1045.18990964      43.79485104
   1046.42277398      43.81475754
   1047.65022449      43.83330505
   1048.87429580      43.85008943
   1050.12631435      43.86471982
   1051.39764637      43.87682450
   1052.66672921      43.88601043
   1053.94028631      43.89189346
   1055.15061440      43.89412885
   1056.38361202      43.89239869
   1057.63306473      43.88643834
   1058.87045154      43.87601756
   1060.10307815      43.86096335
   1061.31360474      43.84113868
   1062.56873547      43.81647019
   1063.80720126      43.78694956
   1065.07924835      43.75262624
   1066.30036628      43.71362411
   1067.53459175      43.67014112
   1068.80918152      43.62245071
   1070.08978676      43.57088607
   1071.43284260      43.51584420
   1072.73545097      43.45777342
   1073.99769599      43.39717751
   1075.25184746      43.33463391
   1076.88034340      43.27079565
   1078.81904787      43.20635398
   1080.03402225      43.14202216
   1081.36252339      43.07851289
   1082.58899843      43.01656206
   1083.94945366      42.95690148
   1085.12609363      42.90023887
   1086.35880674      42.84724622
   1087.93122625      42.79850493
   1089.53136520      42.75452532
   1091.07148468      42.71574786
   1092.42722697      42.68253684
   1093.95090270      42.65517894
   1095.24764779      42.63384865
   1096.82827571      42.61863001
   1098.08167665      42.60951412
   1099.37127389      42.60639155
   1100.75218113      42.60904828
   1101.98042091      42.61717209
   1103.19136104      42.63035770
   1104.40985642      42.64813780
   1105.61834272      42.67000382
   1106.89991587      42.69538266
   1108.15616103      42.72366101
   1109.36438314      42.75419239
   1110.61409532      42.78631125
   1111.78538622      42.81933334
   1112.98578889      42.85258361
   1114.14717092      42.88538846
   1115.37071479      42.91709283
   1116.59073813      42.94707449
   1117.85155255      42.97474285
   1119.07236044      42.99954688
   1120.25396384      43.02098980
   1121.45428332      43.03866092
   1122.62725391      43.05222600
   1123.84293391      43.06142651
   1125.08358414      43.06609016
   1126.30795981      43.06610708
   1127.54564153      43.06143220
   1128.73306898      43.05208973
   1129.96878509      43.03818195
   1131.18212895      43.01988961
   1132.41719426      42.99744250
   1133.63634327      42.97108412
   1134.87212129      42.94108963
   1136.14232991      42.90775664
   1137.37512335      42.87145894
   1138.60602161      42.83260226
   1139.84446188      42.79160852
   1141.05589873      42.74888389
   1142.27977532      42.70481092
   1143.51359954      42.65976935
   1144.75030200      42.61412889
   1145.96998696      42.56825879
   1147.20412122      42.52253035
   1148.45487126      42.47731167
   1149.70656795      42.43296762
   1150.93954667      42.38985682
   1152.16115564      42.34833246
   1153.39052640      42.30870838
   1154.61037441      42.27127898
   1155.83606065      42.23631358
   1157.07942416      42.20403030
   1158.29742235      42.17459954
   1159.50137579      42.14814954
   1160.70237206      42.12476594
   1161.96907055      42.10450389
   1163.22387281      42.08739066
   1164.44664679      42.07340760
   1165.75304979      42.06250625
   1167.10997599      42.05461557
   1168.33425289      42.04964774
   1169.52870248      42.04746137
   1170.75110734      42.04787687
   1171.95151143      42.05069175
   1173.15688555      42.05569125
   1174.38222111      42.06265623
   1175.59442927      42.07136231
   1176.84198159      42.08158175
   1178.03459932      42.09307134
   1179.27613428      42.10556162
   1180.54485746      42.11876444
   1181.79847203      42.13242318
   1183.10771310      42.14630019
   1184.82763531      42.16018404
   1186.02433739      42.17382849
   1187.41917406      42.18696158
   1189.31059701      42.19931953
   1190.52027100      42.21066498
   1191.75425024      42.22081322
   1192.95600318      42.22961690
   1194.20415714      42.23695873
   1195.42464837      42.24275261
   1196.69206099      42.24692197
   1197.87053897      42.24943471
   1199.13388425      42.25029067
   1200.38510785      42.24951757
   1201.57648496      42.24714607
   1202.73441547      42.24322210
   1203.96304185      42.23779820
   1205.13088502      42.23092820
   1206.33239220      42.22266636
   1207.56432501      42.21309017
   1208.75378849      42.20229197
   1209.98585080      42.19037200
   1211.21621973      42.17740756
   1212.43472550      42.16345528
   1213.64021117      42.14858241
   1214.82163733      42.13286378
   1215.99351901      42.11637937
   1217.16402962      42.09918415
   1218.36355512      42.08134394
   1219.54990264      42.06294102
   1220.76933427      42.04406481
   1221.95192544      42.02480476
   1223.10349642      42.00524562
   1224.29662079      41.98546312
   1225.45944193      41.96552000
   1226.69657258      41.94546555
   1227.88234541      41.92534429
   1229.11875532      41.90519851
   1230.33297919      41.88504924
   1231.53622275      41.86489150
   1232.72485585      41.84469495
   1233.98851873      41.82442531
   1235.16217177      41.80408535
   1236.37930932      41.78367770
   1237.56526032      41.76321519
   1238.77834187      41.74269797
   1240.00085922      41.72211684
   1241.19703764      41.70147153
   1242.39687459      41.68077427
   1243.60015833      41.66008023
   1244.76582651      41.63945767
   1246.01812201      41.61897751
   1247.21669660      41.59870802
   1248.55934930      41.57873294
   1249.75832703      41.55914973
   1250.93077207      41.54005716
   1252.21149593      41.52155065
   1253.84460886      41.50375217
   1255.66447530      41.48676996
   1257.20146984      41.47069142
   1258.58676910      41.45558993
   1259.73162561      41.44156120
   1260.91819385      41.42873157
   1262.05139044      41.41722695
   1263.21755393      41.40715049
   1264.41782379      41.39857601
   1265.60624610      41.39158637
   1266.78257510      41.38626007
   1268.02251120      41.38264992
   1269.42345265      41.38078263
   1270.93829990      41.38064213
   1272.26427066      41.38215432
   1273.41934892      41.38520278
   1274.56927850      41.38962482
   1275.73687544      41.39521986
   1276.89287720      41.40175635
   1278.06955073      41.40896074
   1279.23469667      41.41653352
   1280.49924901      41.42416873
   1281.72141048      41.43154762
   1282.95649753      41.43836991
   1284.15806095      41.44431786
   1285.50823251      41.44907313
   1286.65571393      41.45231081
   1287.83230949      41.45372132
   1289.03424863      41.45303605
   1290.23434930      41.45003530
   1291.46898784      41.44455582
   1293.17211846      41.43646891
   1294.36581517      41.42567203
   1295.58941481      41.41211512
   1296.76331030      41.39580139
   1298.06070996      41.37677623
   1299.28911233      41.35512206
   1300.43631869      41.33096011
   1301.58696996      41.30446328
   1302.73716373      41.27582691
   1303.90703868      41.24527422
   1305.08842515      41.21308359
   1306.22979989      41.17957625
   1307.39599505      41.14510748
   1308.57280139      41.11001647
   1309.73845350      41.07463381
   1310.93516504      41.03929887
   1312.13625773      41.00435681
   1313.33779326      40.97012585
   1314.56637947      40.93687587
   1315.85808931      40.90483609
   1317.01208339      40.87419543
   1318.18744447      40.84509205
   1319.44859208      40.81764063
   1320.66788523      40.79191179
   1321.84568407      40.76794213
   1323.38836702      40.74572772
   1324.56163677      40.72521313
   1325.72271915      40.70632204
   1326.85988714      40.68894811
   1328.04069418      40.67294456
   1329.18239078      40.65813617
   1330.32528357      40.64429550
   1331.48050126      40.63117773
   1332.66378245      40.61852959
   1333.86139337      40.60610205
   1335.03204671      40.59367436
   1336.16818203      40.58104606
   1337.29168384      40.56803232
   1338.43639148      40.55444448
   1339.65244626      40.54009595
   1340.87560873      40.52484506
   1342.07073747      40.50856212
   1343.27374095      40.49115478
   1344.53042138      40.47255111
   1345.72964204      40.45271886
   1346.93383557      40.43166022
   1348.15154687      40.40940555
   1349.33773560      40.38602633
   1350.53730977      40.36165823
   1351.71922841      40.33645913
   1352.97203055      40.31061284
   1354.14118192      40.28428787
   1355.40610573      40.25768774
   1356.60662136      40.23105377
   1357.83031883      40.20464505
   1359.02737254      40.17874828
   1360.26349462      40.15365831
   1361.45229077      40.12970484
   1362.66722924      40.10722870
   1363.91697497      40.08654677
   1365.19222262      40.06797388
   1366.35983893      40.05179671
   1367.54549549      40.03826781
   1368.78352600      40.02760559
   1370.01509537      40.01998044
   1371.26069862      40.01552760
   1372.48878150      40.01433317
   1373.68869123      40.01641800
   1374.86870475      40.02175261
   1376.05462503      40.03025911
   1377.23631822      40.04182252
   1378.45339906      40.05626048
   1379.65803543      40.07333782
   1380.88030701      40.09278841
   1382.12524671      40.11429858
   1383.41382309      40.13751046
   1384.59686844      40.16201759
   1385.78460593      40.18740476
   1387.03125461      40.21326549
   1388.23933115      40.23916329
   1389.62483837      40.26466833
   1391.17230183      40.28933142
   1392.43241961      40.31272524
   1393.74799232      40.33441909
   1394.92458268      40.35401105
   1396.10622342      40.37113522
   1397.34270375      40.38547018
   1398.56477116      40.39670767
   1399.74815065      40.40459017
   1400.93162136      40.40891739
   1402.13301369      40.40959886
   1403.35158090      40.40662087
   1404.52331134      40.40003011
   1405.73569390      40.38996386
   1406.93520143      40.37659763
   1408.19835529      40.36017726
   1409.38411866      40.34096433
   1410.63854897      40.31923269
   1411.84005851      40.29529353
   1413.09383897      40.26946182
   1414.25929448      40.24205607
   1415.41739749      40.21340307
   1416.61546071      40.18381387
   1417.76943919      40.15358609
   1418.98604458      40.12299824
   1420.18765951      40.09228259
   1421.42458788      40.06165243
   1422.61113154      40.03128649
   1423.81244116      40.00132278
   1425.01673015      39.97185730
   1426.24511125      39.94298575
   1427.45043292      39.91478896
   1428.65173403      39.88732003
   1429.85227990      39.86060275
   1431.09994707      39.83462209
   1432.32282833      39.80936901
   1433.50938428      39.78478703
   1434.72943267      39.76076981
   1435.96109137      39.73719247
   1437.13468580      39.71391858
   1438.33668592      39.69080984
   1439.62583133      39.66771715
   1440.84260355      39.64450133
   1442.04984073      39.62103457
   1443.23027440      39.59720628
   1444.43489659      39.57291216
   1445.65502770      39.54810434
   1446.83599779      39.52277510
   1448.05582925      39.49696338
   1449.25779203      39.47071807
   1450.45751508      39.44413881
   1451.66158194      39.41737718
   1452.85700654      39.39057528
   1454.06570174      39.36389564
   1455.26480330      39.33747715
   1456.45045702      39.31147359
   1457.66830397      39.28604864
   1458.90157240      39.26135097
   1460.09410647      39.23753261
   1461.37868310      39.21473273
   1462.57695569      39.19307097
   1463.74158317      39.17265193
   1464.96492807      39.15358111
   1466.21577925      39.13595054
   1467.45252755      39.11986252
   1468.68401185      39.10540676
   1469.85595450      39.09266481
   1471.09050324      39.08170540
   1472.27830737      39.07259636
   1473.43924230      39.06536031
   1474.64393775      39.05999535
   1475.88823941      39.05647099
   1477.12416441      39.05471311
   1478.30922453      39.05464950
   1479.50777313      39.05613645
   1480.74495387      39.05901582
   1482.00174821      39.06312550
   1483.19903114      39.06829993
   1484.40169291      39.07433498
   1485.60960357      39.08101065
   1486.89085440      39.08809249
   1488.07750345      39.09535349
   1489.35881005      39.10257525
   1490.57773267      39.10955700
   1491.78536165      39.11613682
   1492.99570392      39.12215758
   1494.21086829      39.12748548
   1495.43192147      39.13200134
   1496.65201287      39.13562578
   1497.83065580      39.13825684
   1499.00175766      39.13977720
   1500.23225939      39.14008314
   1501.43520379      39.13908858
   1502.60479753      39.13675880
   1503.77822230      39.13305776
   1504.96199028      39.12796708
   1506.16907575      39.12149799
   1507.37950876      39.11367763
   1508.58364132      39.10455722
   1509.78795631      39.09422194
   1511.01656379      39.08279858
   1512.21798731      39.07043246
   1513.42244362      39.05727749
   1514.62250742      39.04349225
   1515.86978846      39.02923841
   1517.09568690      39.01467614
   1518.29904484      38.99997528
   1519.55254315      38.98528550
   1520.75234701      38.97076803
   1521.98803902      38.95655956
   1523.19308420      38.94276790
   1524.40810727      38.92950395
   1525.58276556      38.91682124
   1526.78486304      38.90478192
   1527.98352270      38.89343078
   1529.18644110      38.88277745
   1530.38800830      38.87279626
   1531.58715192      38.86345715
   1532.82376174      38.85472787
   1533.99435176      38.84657137
   1535.20743662      38.83894783
   1536.50187912      38.83179931
   1537.70355408      38.82503800
   1538.88731970      38.81854309
   1540.11099212      38.81218401
   1541.37672883      38.80581457
   1542.66520266      38.79928027
   1543.86442946      38.79240618
   1545.11629913      38.78505998
   1546.31442473      38.77712743
   1547.55098919      38.76852785
   1548.73954997      38.75919778
   1549.90550409      38.74905188
   1551.10137106      38.73804899
   1552.30295574      38.72616650
   1553.50489347      38.71340180
   1554.72681201      38.69977749
   1555.91109373      38.68536214
   1557.14692043      38.67024766
   1558.33452795      38.65454042
   1559.53407944      38.63835377
   1560.72963401      38.62181902
   1561.93257368      38.60507009
   1563.13617077      38.58824954
   1564.31995009      38.57150236
   1565.52492438      38.55495156
   1566.74029340      38.53872085
   1567.97411195      38.52290127
   1569.17461907      38.50758386
   1570.34274723      38.49284857
   1571.55968391      38.47875039
   1572.77498393      38.46534317
   1573.99467078      38.45263930
   1575.17552413      38.44062464
   1576.37638713      38.42926839
   1577.57964204      38.41851819
   1578.78181608      38.40830080
   1580.02106925      38.39850022
   1581.27289166      38.38897611
   1582.46937681      38.37954115
   1583.67117700      38.36999851
   1584.89289941      38.36016248
   1586.13078341      38.34986412
   1587.34467503      38.33895475
   1588.53130423      38.32731094
   1589.72026580      38.31484722
   1590.91955120      38.30151776
   1592.14892480      38.28727894
   1593.37455101      38.27210859
   1594.60633023      38.25598905
   1595.80760440      38.23892310
   1597.00999111      38.22097945
   1598.19580269      38.20225322
   1599.38140301      38.18288725
   1600.64369671      38.16306755
   1601.81407027      38.14301909
   1603.01521967      38.12295384
   1604.20275299      38.10308760
   1605.41994442      38.08364066
   1606.65220948      38.06482952
   1607.85250581      38.04687055
   1609.17101962      38.02997647
   1610.35619222      38.01435195
   1611.58107454      38.00019031
   1612.79827117      37.98767756
   1614.03475244      37.97696952
   1615.28102822      37.96820903
   1616.48560741      37.96148696
   1617.68865767      37.95685249
   1618.88762075      37.95429453
   1620.11048264      37.95375531
   1621.29636038      37.95515399
   1622.46447057      37.95837168
   1623.67728510      37.96325651
   1624.87873651      37.96961909
   1626.10180729      37.97722440
   1627.28553321      37.98582310
   1628.57278957      37.99516207
   1629.81091933      38.00501094
   1631.05749995      38.01513700
   1632.30492136      38.02531194
   1633.48859293      38.03531181
   1634.67489083      38.04491557
   1635.87769202      38.05391505
   1637.14482721      38.06209562
   1638.31583360      38.06923917
   1639.51394975      38.07514715
   1640.73241961      38.07964667
   1641.91889663      38.08260729
   1643.15367837      38.08393420
   1644.42347439      38.08354627
   1645.76324177      38.08138485
   1647.00054540      38.07739260
   1648.23260771      38.07150841
   1649.41783986      38.06367331
   1650.63170123      38.05387916
   1651.80340709      38.04216503
   1653.03454118      38.02859514
   1654.18560315      38.01327904
   1655.38770819      37.99634206
   1656.59340747      37.97794410
   1657.86129412      37.95825862
   1659.07661115      37.93746186
   1660.26378292      37.91573139
   1661.49715627      37.89324387
   1662.72140622      37.87016942
   1663.97280706      37.84668427
   1665.15763559      37.82297241
   1666.34116916      37.79925355
   1667.52692449      37.77575235
   1668.72396686      37.75268491
   1669.89704378      37.73025035
   1671.05102463      37.70861791
   1672.26960366      37.68795450
   1673.44927642      37.66842878
   1674.63275469      37.65020778
   1675.80313345      37.63342880
   1677.00272842      37.61819484
   1678.18706921      37.60458439
   1679.35454563      37.59264180
   1680.53682392      37.58237670
   1681.74139980      37.57376297
   1682.96412037      37.56671789
   1684.16357308      37.56112111
   1685.34623986      37.55683036
   1686.53532525      37.55366432
   1687.74965357      37.55140909
   1688.97070533      37.54982234
   1690.21097605      37.54864221
   1691.42200692      37.54759046
   1692.61335851      37.54637604
   1693.82611916      37.54472393
   1695.03405155      37.54240247
   1696.24024330      37.53922577
   1697.39129582      37.53503059
   1698.56115328      37.52966971
   1699.76370352      37.52302584
   1700.96573388      37.51499861
   1702.19910770      37.50553534
   1703.40274401      37.49460569
   1704.63448022      37.48220470
   1705.85890977      37.46836607
   1707.07577226      37.45315822
   1708.28012600      37.43669569
   1709.51239201      37.41912436
   1710.74210210      37.40061931
   1711.96419504      37.38138493
   1713.16123788      37.36161381
   1714.46420260      37.34150524
   1715.77043122      37.32124494
   1717.03438806      37.30102899
   1718.26532554      37.28107623
   1719.45028168      37.26160522
   1720.67427123      37.24282589
   1721.89247547      37.22492586
   1723.09890967      37.20808298
   1724.32612388      37.19244752
   1725.49552385      37.17814378
   1726.72742594      37.16525740
   1727.94470622      37.15383856
   1729.16281783      37.14389034
   1730.34785668      37.13539975
   1731.65171985      37.12833148
   1732.80668516      37.12261856
   1734.03938078      37.11818163
   1735.24051648      37.11493461
   1736.44068473      37.11277684
   1737.67120442      37.11158197
   1738.89675785      37.11122803
   1740.09821824      37.11159889
   1741.30030531      37.11258061
   1742.54505076      37.11405545
   1743.78118844      37.11587986
   1745.03435261      37.11790895
   1746.22108626      37.11998561
   1747.45330879      37.12195562
   1748.65706751      37.12366345
   1749.83519245      37.12494513
   1751.02532800      37.12562237
   1752.22984337      37.12552958
   1753.46274269      37.12449155
   1754.69233889      37.12233567
   1755.86080307      37.11888586
   1757.06594041      37.11397813
   1758.26649479      37.10748205
   1759.48458277      37.09927625
   1760.73183167      37.08927623
   1761.91689368      37.07742409
   1763.13647749      37.06372392
   1764.35069995      37.04822560
   1765.55818241      37.03102630
   1766.79122256      37.01224784
   1768.00704530      36.99205377
   1769.25845747      36.97064602
   1770.45591385      36.94824618
   1771.72666219      36.92510681
   1772.94123154      36.90149152
   1774.14613494      36.87767885
   1775.33212753      36.85394481
   1776.54827495      36.83059652
   1777.74860720      36.80793422
   1778.95891497      36.78624153
   1780.15213339      36.76578792
   1781.35378471      36.74683380
   1782.62424145      36.72961131
   1783.82534406      36.71431447
   1785.05657835      36.70112244
   1786.25949014      36.69015529
   1787.46691448      36.68149911
   1788.69467975      36.67519124
   1789.86404617      36.67120585
   1791.08237235      36.66948911
   1792.31283627      36.66992432
   1793.53976738      36.67236045
   1794.77018356      36.67658875
   1795.97388179      36.68236382
   1797.14164461      36.68938366
   1798.34687884      36.69733299
   1799.52812541      36.70585130
   1800.84769978      36.71459181
   1802.09590761      36.72321736
   1803.36640027      36.73141193
   1804.55293920      36.73888652
   1805.78345984      36.74536071
   1806.92627606      36.75058488
   1808.18725731      36.75435085
   1809.44365465      36.75649972
   1810.63080184      36.75689932
   1811.91524992      36.75546621
   1813.09895930      36.75213194
   1814.33456434      36.74687188
   1815.55750279      36.73968616
   1816.75591102      36.73058194
   1817.97723831      36.71959116
   1819.19521712      36.70675220
   1820.36277010      36.69212049
   1821.55571772      36.67577656
   1822.73121869      36.65783773
   1823.93107171      36.63840683
   1825.13278967      36.61760103
   1826.30518649      36.59556724
   1827.53913313      36.57247310
   1828.74174622      36.54847601
   1829.95792011      36.52372247
   1831.16331597      36.49836536
   1832.41269165      36.47254474
   1833.64713027      36.44642869
   1834.84612832      36.42017098
   1836.02573208      36.39392800
   1837.26727177      36.36785368
   1838.46110460      36.34207216
   1839.69750931      36.31669682
   1840.89877072      36.29180044
   1842.06968117      36.26744417
   1843.25029633      36.24365907
   1844.45054634      36.22048366
   1845.69118334      36.19794522
   1846.87783286      36.17609263
   1848.10953835      36.15495259
   1849.30797493      36.13454114
   1850.54160208      36.11486894
   1851.77072944      36.09594196
   1852.99949572      36.07776692
   1854.24761045      36.06034951
   1855.43195361      36.04367105
   1856.66533121      36.02769639
   1857.90295858      36.01240290
   1859.09382810      35.99773399
   1860.29262104      35.98363100
   1861.52269221      35.97003630
   1862.72449099      35.95688775
   1863.95788561      35.94414843
   1865.17652466      35.93179121
   1866.39900136      35.91981710
   1867.58005558      35.90824479
   1868.78115441      35.89710885
   1869.96554294      35.88644910
   1871.15200153      35.87634754
   1872.36661295      35.86690383
   1873.62582708      35.85821423
   1874.83993327      35.85037374
   1876.04294809      35.84349455
   1877.24390230      35.83772240
   1878.43405155      35.83321748
   1879.61443040      35.83015400
   1880.88012269      35.82868266
   1882.08035097      35.82894745
   1883.31947228      35.83103797
   1884.52313127      35.83500877
   1885.72566544      35.84087925
   1886.95713226      35.84862870
   1888.14604798      35.85822196
   1889.39060675      35.86959499
   1890.59446991      35.88266592
   1891.79394342      35.89731499
   1893.04964128      35.91337778
   1894.29815160      35.93064375
   1895.51154697      35.94887788
   1896.75654716      35.96782324
   1898.02869775      35.98719811
   1899.24470575      36.00668211
   1900.46259901      36.02591867
   1901.71658364      36.04453971
   1902.91756527      36.06218646
   1904.15099911      36.07850383
   1905.37298807      36.09310972
   1906.59240978      36.10565413
   1907.79636463      36.11581243
   1909.02885986      36.12326631
   1910.25843621      36.12773081
   1911.42100781      36.12894756
   1912.72521410      36.12670386
   1913.89716430      36.12081937
   1915.09638685      36.11116950
   1916.38202119      36.09767270
   1917.59776263      36.08031044
   1918.76792115      36.05910022
   1919.97138968      36.03411266
   1921.17180889      36.00549263
   1922.42277209      35.97345343
   1923.65817721      35.93826219
   1924.85662845      35.90020005
   1926.10772964      35.85957659
   1927.31148127      35.81671818
   1928.54477522      35.77196403
   1929.76051572      35.72563888
   1930.94622001      35.67810165
   1932.16211364      35.62971795
   1933.40449884      35.58085804
   1934.58413521      35.53189149
   1935.78553084      35.48317062
   1937.00383812      35.43502501
   1938.20481171      35.38774660
   1939.40808600      35.34160893
   1940.60993157      35.29688206
   1941.79318818      35.25382290
   1943.00144810      35.21267568
   1944.19589296      35.17365676
   1945.42760884      35.13694852
   1946.62918644      35.10272747
   1947.82267473      35.07116738
   1949.06791642      35.04239431
   1950.28377649      35.01648996
   1951.48586451      34.99349458
   1952.65905911      34.97344086
   1953.83590752      34.95631728
   1955.09460508      34.94207088
   1956.26133193      34.93063950
   1957.47859708      34.92195122
   1958.72745004      34.91591763
   1959.95097737      34.91241923
   1961.13046014      34.91133189
   1962.35584107      34.91251304
   1963.60643420      34.91582790
   1964.77944118      34.92112998
   1966.04172921      34.92828258
   1967.24019557      34.93715513
   1968.46363877      34.94758844
   1969.66106584      34.95939331
   1970.86878084      34.97235629
   1972.06746555      34.98628669
   1973.26272378      35.00096610
   1974.43959582      35.01615440
   1975.60375210      35.03160647
   1976.85205305      35.04709779
   1978.05452719      35.06238340
   1979.28664811      35.07720696
   1980.54214086      35.09130776
   1981.74335359      35.10443005
   1982.92501512      35.11632625
   1984.10849056      35.12677212
   1985.29338620      35.13559520
   1986.49410127      35.14264801
   1987.75005530      35.14781164
   1988.95994338      35.15099140
   1990.15123117      35.15210953
   1991.38461444      35.15111336
   1992.58664338      35.14797708
   1993.72229711      35.14267092
   1994.95472569      35.13514541
   1996.24431868      35.12537095
   1997.42640414      35.11332594
   1998.65989990      35.09900776
   1999.88716704      35.08242107
   2001.12142087      35.06359417
   2002.36220012      35.04259579
   2003.59537261      35.01953316
   2004.86438078      34.99452897
   2006.07669575      34.96773188
   2007.29469724      34.93934543
   2008.48245742      34.90960771
   2009.73083398      34.87879650
   2010.94597047      34.84719002
   2012.20023442      34.81509290
   2013.48665236      34.78281531
   2014.75463259      34.75064612
   2015.96107388      34.71889433
   2017.20645831      34.68788616
   2018.44061005      34.65795352
   2019.64458996      34.62937405
   2020.84742566      34.60242509
   2022.04824801      34.57737013
   2023.25049861      34.55443574
   2024.44993383      34.53379246
   2025.62152532      34.51557278
   2026.82300225      34.49987940
   2028.05553670      34.48679533
   2029.27593058      34.47636639
   2030.54040683      34.46861548
   2031.79856844      34.46352786
   2033.03152825      34.46101907
   2034.26367185      34.46096465
   2035.46475036      34.46317728
   2036.67884757      34.46742221
   2037.98346362      34.47341043
   2039.17028754      34.48080434
   2040.37150878      34.48922418
   2041.62447161      34.49825852
   2042.84164272      34.50749551
   2044.08934722      34.51650738
   2045.28825359      34.52488768
   2046.51778551      34.53226437
   2047.68742745      34.53829869
   2048.91162731      34.54270017
   2050.14261442      34.54523055
   2051.34423408      34.54567976
   2052.54905713      34.54390759
   2053.78834906      34.53983671
   2055.05069191      34.53342846
   2056.27156975      34.52468255
   2057.45626642      34.51363867
   2058.64296321      34.50042417
   2059.81125206      34.48519940
   2061.01259098      34.46816379
   2062.19265128      34.44959426
   2063.34665482      34.42980651
   2064.56141133      34.40912880
   2065.77602841      34.38788532
   2066.99731979      34.36643846
   2068.20354651      34.34514888
   2069.39476577      34.32437430
   2070.62289213      34.30447377
   2071.86326729      34.28580401
   2073.06649763      34.26872215
   2074.28227688      34.25357252
   2075.48232603      34.24064091
   2076.67074125      34.23017812
   2077.90250250      34.22237221
   2079.13965726      34.21735170
   2080.37483364      34.21520137
   2081.57740751      34.21593858
   2082.74193622      34.21954376
   2083.90948683      34.22593684
   2085.05847685      34.23499087
   2086.31625376      34.24653591
   2087.48496512      34.26034521
   2088.70777407      34.27614947
   2089.87465830      34.29362364
   2091.07937879      34.31242967
   2092.30919523      34.33219830
   2093.59482863      34.35251127
   2094.85015927      34.37293089
   2096.03566176      34.39299628
   2097.22667495      34.41222744
   2098.44369577      34.43016934
   2099.71039709      34.44636052
   2100.90068907      34.46035642
   2102.10784260      34.47175629
   2103.35919003      34.48022719
   2104.53157032      34.48551147
   2105.76588701      34.48738285
   2107.01790602      34.48569850
   2108.21495453      34.48040926
   2109.48603418      34.47152169
   2110.74106944      34.45908568
   2111.93065486      34.44322321
   2113.14345142      34.42415618
   2114.34296085      34.40216834
   2115.50925242      34.37761044
   2116.70619459      34.35088003
   2117.90323033      34.32240925
   2119.08511447      34.29268101
   2120.26417188      34.26219325
   2121.46909938      34.23144040
   2122.66951717      34.20094680
   2123.90678488      34.17123344
   2125.15409995      34.14282817
   2126.40849623      34.11625853
   2127.62563851      34.09204144
   2128.82943267      34.07067891
   2130.03022856      34.05260293
   2131.23282795      34.03819707
   2132.43092803      34.02779074
   2133.63218755      34.02161767
   2134.78457994      34.01981573
   2135.92369227      34.02243307
   2137.19905618      34.02945422
   2138.42758285      34.04075605
   2139.63046865      34.05612438
   2140.83136189      34.07528289
   2142.03117048      34.09788916
   2143.26487797      34.12357453
   2144.48568822      34.15194042
   2145.70629336      34.18254256
   2146.90731894      34.21493541
   2148.15473704      34.24867311
   2149.37051865      34.28330587
   2150.60959034      34.31836405
   2151.87151965      34.35335658
   2153.05332911      34.38781602
   2154.27674301      34.42127958
   2155.55287540      34.45327443
   2156.75587699      34.48333196
   2158.01114950      34.51102497
   2159.21420024      34.53595739
   2160.44968949      34.55774651
   2161.60341371      34.57604527
   2162.82414598      34.59052539
   2164.00952559      34.60091407
   2165.22717356      34.60701054
   2166.40220996      34.60865331
   2167.58960338      34.60575658
   2168.80460565      34.59832445
   2169.99070978      34.58643044
   2171.22457417      34.57023737
   2172.37647409      34.54997430
   2173.62728510      34.52590470
   2174.79932038      34.49831936
   2176.01892026      34.46751208
   2177.30215041      34.43381990
   2178.50113806      34.39758538
   2179.65280025      34.35911794
   2180.83945781      34.31872674
   2182.05258143      34.27673815
   2183.20912434      34.23349459
   2184.42754929      34.18931000
   2185.61092737      34.14451193
   2186.82905930      34.09944235
   2188.02005927      34.05445316
   2189.26930686      34.00990909
   2190.49735476      33.96612324
   2191.71595176      33.92338300
   2192.93531911      33.88195494
   2194.11861731      33.84206649
   2195.30197743      33.80389537
   2196.46739135      33.76757213
   2197.65547999      33.73319717
   2198.85685200      33.70084313
   2200.03945734      33.67052241
   2201.27430478      33.64219738
   2202.46011825      33.61580414
   2203.64081990      33.59126316
   2204.91826001      33.56847335
   2206.12172713      33.54731944
   2207.35263815      33.52768298
   2208.57377970      33.50944288
   2209.77189302      33.49252180
   2210.97769722      33.47685687
   2212.19117010      33.46239935
   2213.45150339      33.44914328
   2214.65224446      33.43709185
   2215.81848309      33.42625105
   2217.00631699      33.41663765
   2218.19144658      33.40824189
   2219.42507656      33.40104144
   2220.59554323      33.39502491
   2221.76671220      33.39017831
   2223.00914135      33.38650864
   2224.19190408      33.38399839
   2225.39156805      33.38260744
   2226.57595374      33.38231638
   2227.79633864      33.38313149
   2229.04685568      33.38507013
   2230.25207620      33.38813113
   2231.52825916      33.39234426
   2232.71474233      33.39775488
   2233.91407972      33.40440517
   2235.10002599      33.41230912
   2236.31694945      33.42145595
   2237.48593635      33.43187045
   2238.64308184      33.44357844
   2239.92090100      33.45660094
   2241.14742802      33.47095035
   2242.36467144      33.48662170
   2243.55552489      33.50359209
   2244.78386298      33.52181235
   2246.01932624      33.54119350
   2247.21849018      33.56164215
   2248.39075420      33.58306114
   2249.55897593      33.60533391
   2250.79514528      33.62832811
   2252.06276774      33.65189963
   2253.28509604      33.67590007
   2254.46490964      33.70016822
   2255.66633930      33.72454741
   2256.93114685      33.74884386
   2258.12428162      33.77285408
   2259.35501919      33.79636096
   2260.55517326      33.81911838
   2261.70895750      33.84088913
   2262.92483647      33.86143713
   2264.11145764      33.88052386
   2265.34424164      33.89793748
   2266.51463221      33.91347417
   2267.74738454      33.92693260
   2268.95104259      33.93811217
   2270.28392867      33.94680045
   2271.59545815      33.95281668
   2272.89593833      33.95604794
   2274.11663658      33.95641618
   2275.31009320      33.95385369
   2276.49933456      33.94830885
   2277.78356287      33.93979622
   2279.00834405      33.92836893
   2280.22720806      33.91410487
   2281.42955272      33.89710734
   2282.61571828      33.87754908
   2283.81457928      33.85564251
   2285.01842307      33.83160326
   2286.22105460      33.80565879
   2287.40830624      33.77803799
   2288.63715239      33.74895533
   2289.88752103      33.71862921
   2291.10680379      33.68726463
   2292.28834669      33.65504539
   2293.47548254      33.62216949
   2294.69355256      33.58882060
   2295.87694056      33.55516562
   2297.06650472      33.52137351
   2298.26479006      33.48761246
   2299.46996663      33.45403583
   2300.70493270      33.42076879
   2301.92498677      33.38794993
   2303.16401686      33.35570502
   2304.40882895      33.32416011
   2305.62816937      33.29343658
   2307.28114874      33.26366676
   2309.04113560      33.23498691
   2310.23812645      33.20750034
   2311.42769155      33.18129325
   2312.63863971      33.15643291
   2313.87566544      33.13295287
   2315.10418975      33.11087517
   2316.34297172      33.09020534
   2317.59367781      33.07095477
   2318.80101660      33.05315191
   2320.01484961      33.03681995
   2321.23827533      33.02193293
   2322.50050712      33.00844181
   2323.71572112      32.99631437
   2324.96626415      32.98553018
   2326.17493336      32.97605247
   2327.37749022      32.96783236
   2328.59608390      32.96080246
   2329.87974932      32.95490469
   2331.16920808      32.95003811
   2332.47705683      32.94608394
   2334.12961699      32.94289338
   2335.56699246      32.94027867
   2336.78319186      32.93803511
   2337.99930998      32.93595423
   2339.23290262      32.93380959
   2340.43484460      32.93138818
   2341.60545541      32.92850648
   2342.83793268      32.92498344
   2344.03065249      32.92066614
   2345.24452143      32.91543321
   2346.41506607      32.90917932
   2347.61651039      32.90181474
   2348.78707110      32.89328315
   2349.96851759      32.88358586
   2351.17692260      32.87273325
   2352.40967919      32.86074134
   2353.64425771      32.84765450
   2354.77543150      32.83354334
   2355.98293854      32.81846724
   2357.16099590      32.80249243
   2358.38103342      32.78572103
   2359.58651578      32.76826131
   2360.79957843      32.75024253
   2361.99807314      32.73181393
   2363.20475169      32.71313555
   2364.38619487      32.69437446
   2365.65691816      32.67570017
   2366.82894777      32.65726748
   2368.02713859      32.63920916
   2369.22995160      32.62167766
   2370.43142475      32.60484995
   2371.63099420      32.58888112
   2372.83357090      32.57392276
   2374.01467475      32.56010907
   2375.25031996      32.54754176
   2376.45645263      32.53630530
   2377.65835964      32.52643221
   2378.84404267      32.51793651
   2380.06426168      32.51079252
   2381.29776358      32.50497179
   2382.49746961      32.50045841
   2383.66712290      32.49721985
   2384.86918162      32.49521133
   2386.05193206      32.49439520
   2387.24810055      32.49472244
   2388.43432236      32.49611850
   2389.63717602      32.49850474
   2390.82547876      32.50178108
   2392.09558340      32.50583066
   2393.34212006      32.51053677
   2394.56232679      32.51578501
   2395.74531212      32.52145825
   2396.91398709      32.52741933
   2398.08238274      32.53352908
   2399.28449770      32.53967049
   2400.48995123      32.54572611
   2401.71097085      32.55156888
   2402.89303269      32.55708848
   2404.10724899      32.56218077
   2405.36412084      32.56672756
   2406.56754589      32.57063051
   2407.80096839      32.57379160
   2409.00523754      32.57612430
   2410.20638458      32.57755508
   2411.44341314      32.57802836
   2412.62768446      32.57749453
   2413.84611037      32.57593157
   2415.04891534      32.57335990
   2416.26543991      32.56981715
   2417.48237329      32.56534200
   2418.69995652      32.55998944
   2419.90568889      32.55381170
   2421.11033471      32.54687488
   2422.35818336      32.53926213
   2423.56016929      32.53107631
   2424.79296179      32.52245222
   2425.98100790      32.51354787
   2427.16423899      32.50455643
   2428.33318336      32.49567221
   2429.53640755      32.48706884
   2430.75540343      32.47892635
   2431.92264448      32.47142550
   2433.11728312      32.46474414
   2434.34023763      32.45905092
   2435.50602492      32.45452631
   2436.78850975      32.45135369
   2438.00493459      32.44973179
   2439.20866590      32.44986543
   2440.41622351      32.45194705
   2441.63201505      32.45615623
   2442.78226790      32.46265479
   2443.98288135      32.47157650
   2445.15197317      32.48303006
   2446.32713056      32.49708023
   2447.50271046      32.51375825
   2448.72669906      32.53306470
   2449.91608078      32.55497521
   2451.15005435      32.57943171
   2452.41336938      32.60634610
   2453.68236526      32.63559493
   2455.02497164      32.66703202
   2456.23520048      32.70048421
   2457.48233832      32.73574956
   2458.70049483      32.77258882
   2459.88663724      32.81075222
   2461.10494357      32.84996050
   2462.28934013      32.88991299
   2463.47816889      32.93029383
   2464.70923824      32.97076396
   2465.85192449      33.01098825
   2467.06167221      33.05062430
   2468.28490841      33.08931189
   2469.53554549      33.12669387
   2470.71689368      33.16240362
   2472.01685256      33.19607289
   2473.21793249      33.22732792
   2474.41824489      33.25578410
   2475.62215721      33.28106506
   2476.82708897      33.30284178
   2478.02589088      33.32082439
   2479.21356079      33.33476908
   2480.44449780      33.34445469
   2481.65631369      33.34971621
   2482.82180747      33.35043941
   2484.00486606      33.34656009
   2485.16565023      33.33804163
   2486.32874927      33.32488243
   2487.52636492      33.30713836
   2488.64859349      33.28489011
   2489.84929202      33.25825832
   2491.08422831      33.22741662
   2492.30295858      33.19257319
   2493.48173290      33.15400071
   2494.68559559      33.11202467
   2495.91939997      33.06701534
   2497.13854330      33.01934768
   2498.35483487      32.96942625
   2499.62595043      32.91770055
   2500.82939675      32.86464357
   2502.03425242      32.81073777
   2503.20379275      32.75647206
   2504.37633372      32.70232612
   2505.57451510      32.64879979
   2506.82879558      32.59637876
   2508.04380920      32.54553630
   2509.24332996      32.49670281
   2510.42675341      32.45026372
   2511.66515209      32.40659326
   2512.93114071      32.36598761
   2514.15049388      32.32869958
   2515.33411772      32.29493343
   2516.54920931      32.26483812
   2517.77365210      32.23852511
   2518.96989007      32.21604985
   2520.20629667      32.19742487
   2521.39456160      32.18263151
   2522.62587434      32.17162352
   2523.88146445      32.16431204
   2525.07947284      32.16055891
   2526.26637144      32.16019170
   2527.46639932      32.16303663
   2528.64409418      32.16889136
   2529.85567518      32.17752916
   2531.10703726      32.18868495
   2532.34080666      32.20209202
   2533.49771868      32.21746502
   2534.74350294      32.23447874
   2535.98172581      32.25282127
   2537.20370957      32.27217630
   2538.43798325      32.29223541
   2539.69995274      32.31273104
   2540.90319961      32.33339269
   2542.13191769      32.35393238
   2543.33501238      32.37406707
   2544.51923739      32.39355793
   2545.70560901      32.41218071
   2546.87361098      32.42971032
   2548.10646161      32.44592629
   2549.30610762      32.46063722
   2550.50895703      32.47366497
   2551.71355795      32.48487138
   2552.92594901      32.49412209
   2554.08873896      32.50128548
   2555.31253710      32.50623100
   2556.53244938      32.50885869
   2557.73360257      32.50909752
   2558.96367043      32.50685236
   2560.17146388      32.50206426
   2561.37396355      32.49468524
   2562.54399115      32.48469821
   2563.75914182      32.47211383
   2564.97530956      32.45694640
   2566.17343800      32.43923763
   2567.37486200      32.41905291
   2568.58270743      32.39649258
   2569.81036874      32.37168375
   2571.00015880      32.34476718
   2572.23721194      32.31591313
   2573.43943277      32.28530253
   2574.64325387      32.25312341
   2575.85475830      32.21957508
   2577.05913851      32.18485348
   2578.27662013      32.14917831
   2579.51031013      32.11276433
   2580.72369085      32.07584016
   2581.92302494      32.03867337
   2583.10177515      32.00153211
   2584.27983959      31.96471823
   2585.50279316      31.92853156
   2586.71972276      31.89324067
   2587.93330009      31.85910424
   2589.13694680      31.82639976
   2590.30933371      31.79539772
   2591.50971794      31.76635096
   2592.67433645      31.73949756
   2593.87439883      31.71506848
   2595.09338006      31.69327863
   2596.26534681      31.67430030
   2597.49692894      31.65826581
   2598.69447795      31.64524331
   2599.87745855      31.63524126
   2601.08040059      31.62822828
   2602.31221289      31.62413887
   2603.63364227      31.62284785
   2604.81699151      31.62417476
   2606.00058179      31.62791913
   2607.21635112      31.63385060
   2608.42313411      31.64171516
   2609.65220334      31.65122263
   2610.89255865      31.66204155
   2612.07463278      31.67382599
   2613.25925005      31.68621925
   2614.42633467      31.69886476
   2615.57740562      31.71137051
   2616.78297210      31.72334942
   2617.96378528      31.73442409
   2619.16502874      31.74424101
   2620.42203339      31.75247687
   2621.60730382      31.75883187
   2622.82675955      31.76304675
   2624.00915364      31.76491930
   2625.21132200      31.76429093
   2626.41199170      31.76105602
   2627.61833422      31.75516701
   2628.85233425      31.74661295
   2630.03851447      31.73545235
   2631.22549767      31.72177100
   2632.42582330      31.70572236
   2633.64358612      31.68751990
   2634.87937454      31.66743525
   2636.12812919      31.64577641
   2637.33157551      31.62288914
   2638.50141549      31.59913628
   2639.70282247      31.57490081
   2640.90031287      31.55055679
   2642.08475859      31.52648019
   2643.34099051      31.50303984
   2644.53308694      31.48060250
   2645.75966832      31.45953380
   2646.97576895      31.44020124
   2648.21500983      31.42295599
   2649.39895410      31.40812207
   2650.59750269      31.39600951
   2651.83829423      31.38690339
   2653.02011693      31.38105566
   2654.20465338      31.37866679
   2655.40447473      31.37985423
   2656.62016986      31.38474328
   2657.82133533      31.39341026
   2659.02705825      31.40587734
   2660.20927794      31.42210630
   2661.41158620      31.44199472
   2662.58178016      31.46540487
   2663.78183120      31.49214053
   2665.00212347      31.52195835
   2666.15650793      31.55455866
   2667.37914532      31.58959292
   2668.61316284      31.62667174
   2669.77679405      31.66536006
   2671.03455867      31.70517672
   2672.26555145      31.74560045
   2673.49052593      31.78608020
   2674.70168724      31.82603036
   2675.92080600      31.86484882
   2677.10609345      31.90190283
   2678.28681778      31.93720437
   2679.48580591      31.96893326
   2680.70937010      31.99646141
   2681.90798438      32.01916106
   2683.13411252      32.03640413
   2684.33534558      32.04756283
   2685.52004225      32.05200895
   2686.70436178      32.04911456
   2687.92287228      32.03825188
   2689.12268796      32.01879297
   2690.30768333      31.99010963
   2691.52590979      31.95157406
   2692.70793334      31.90255819
   2693.88165208      31.84243425
   2695.15158988      31.77057415
   2696.35107048      31.68634997
   2697.58522884      31.58913379
   2698.85606981      31.47829752
   2700.05790073      31.35321325
