      0.53526571      24.10639002
      1.81337836      24.24407854
      3.06648534      24.36632872
      4.36958381      24.47379669
      5.57400089      24.56713875
      6.85946415      24.64701163
      8.04269429      24.71407133
      9.22439789      24.76897429
     10.47869775      24.81237695
     11.75041023      24.84493559
     12.95547999      24.86730651
     14.19015398      24.88014630
     15.43323015      24.88411110
     16.63230665      24.87985720
     17.83779279      24.86804119
     19.05627162      24.84931936
     20.30854916      24.82434786
     21.54483808      24.79378327
     22.76349888      24.75828188
     23.96741639      24.71849998
     25.17172949      24.67619863
     26.41830539      24.63143434
     27.62123183      24.58487320
     28.85340378      24.53714991
     30.05402953      24.48887777
     31.28094552      24.44064504
     32.53962559      24.39301294
     33.76907528      24.34651565
     35.00385750      24.30165558
     36.24306341      24.25889196
     37.47701949      24.21863528
     38.67810320      24.18125390
     39.89740108      24.14705733
     41.13472976      24.11630676
     42.38483893      24.08920932
     43.60764457      24.06592048
     44.84275668      24.04653128
     46.08707866      24.03106905
     47.41176626      24.01950143
     48.59259693      24.01174817
     49.89621765      24.00769434
     51.11995435      24.00717080
     52.31904976      24.00997289
     53.51819149      24.01587636
     54.77252727      24.02461816
     56.00338393      24.03591250
     57.22226308      24.04945418
     58.40690304      24.06492403
     59.55958466      24.08199355
     60.80718424      24.10033926
     62.01156209      24.11964087
     63.17817693      24.13958784
     64.48404730      24.15986533
     65.78391355      24.18018179
     66.99435270      24.20025519
     68.17757056      24.21980994
     69.37452408      24.23860095
     70.64898624      24.25640414
     71.92640603      24.27300722
     73.13104713      24.28822149
     74.37972569      24.30190397
     75.58133448      24.31394133
     76.80172836      24.32428295
     78.03502420      24.33291515
     79.25543793      24.33986758
     80.45483440      24.34520163
     81.68888548      24.34900318
     82.91125773      24.35137450
     84.11490964      24.35244085
     85.34625546      24.35235656
     86.51557839      24.35127554
     87.69695304      24.34937469
     88.91463694      24.34682978
     90.16644611      24.34381094
     91.41877328      24.34046605
     92.60269250      24.33694036
     93.78807541      24.33338361
     95.02782814      24.32993199
     96.26269212      24.32668188
     97.40969337      24.32371713
     98.63094883      24.32111755
     99.80917538      24.31894990
    101.10232622      24.31725545
    102.43771480      24.31605750
    103.64161956      24.31536467
    104.87581668      24.31516590
    106.09325529      24.31543932
    107.38264505      24.31614883
    108.70271565      24.31723618
    110.07910184      24.31862715
    111.37827429      24.32022150
    112.61994253      24.32192818
    113.80283523      24.32364521
    115.03683101      24.32526300
    116.25286217      24.32668605
    117.45637513      24.32781698
    118.65757132      24.32856993
    119.84104344      24.32888290
    121.06017213      24.32870887
    122.24674698      24.32802079
    123.46313071      24.32683894
    124.66620177      24.32519181
    125.91714369      24.32313275
    127.20903407      24.32072461
    128.50213481      24.31804694
    129.72036741      24.31519567
    130.92717167      24.31228615
    132.15488827      24.30944250
    133.38918322      24.30677878
    134.55791680      24.30441379
    135.80334660      24.30245527
    137.03985718      24.30100187
    138.31844575      24.30015357
    139.53209681      24.30001923
    140.67232121      24.30070055
    141.90856334      24.30226944
    143.09422935      24.30479566
    144.31057054      24.30836996
    145.54251092      24.31307548
    146.73624544      24.31898557
    147.93438522      24.32615992
    149.13982362      24.33463780
    150.38958967      24.34445487
    151.62847137      24.35561948
    152.88761886      24.36812673
    154.07901535      24.38195132
    155.32973184      24.39704937
    156.60281443      24.41336867
    157.88408842      24.43083847
    159.13532384      24.44939806
    160.31936783      24.46895597
    161.53783201      24.48939685
    162.69354406      24.51060290
    163.89473269      24.53244353
    165.09494300      24.55477691
    166.29282757      24.57743981
    167.53225183      24.60026768
    168.74931849      24.62310907
    169.92861410      24.64581224
    171.20717716      24.66819568
    172.45067395      24.69007154
    173.69946453      24.71124724
    174.95628816      24.73152991
    176.13552517      24.75072882
    177.32541354      24.76865614
    178.57750912      24.78511568
    179.79223916      24.79991572
    181.01266423      24.81288653
    182.19307475      24.82388401
    183.39715485      24.83279467
    184.67630159      24.83953638
    185.89081233      24.84404428
    187.12199085      24.84627378
    188.29789449      24.84621308
    189.53563198      24.84390390
    190.73548358      24.83941384
    191.93523215      24.83282487
    193.10357960      24.82425006
    194.33980141      24.81382027
    195.55245997      24.80167777
    196.83000454      24.78799069
    198.04900420      24.77293032
    199.20537271      24.75669213
    200.44012657      24.73949619
    201.59849330      24.72156801
    202.80118201      24.70314750
    204.03129053      24.68447313
    205.23578700      24.66578754
    206.53888595      24.64731123
    207.75725939      24.62926842
    208.97785697      24.61188966
    210.24214653      24.59538237
    211.41235373      24.57992748
    212.66313685      24.56569111
    213.81284099      24.55284169
    214.98874227      24.54152592
    216.27087122      24.53186188
    217.49135632      24.52394997
    218.72499149      24.51788584
    219.94408000      24.51376269
    221.14526533      24.51166508
    222.37847893      24.51167529
    223.69740723      24.51386970
    224.94947918      24.51831618
    226.21237121      24.52508177
    227.44711704      24.53423219
    228.69607823      24.54580959
    229.89459232      24.55982992
    231.11855824      24.57628242
    232.32271726      24.59512866
    233.61948835      24.61632493
    234.81882243      24.63982031
    236.01365295      24.66554102
    237.21671645      24.69338105
    238.41696363      24.72322478
    239.58876496      24.75493655
    240.74984687      24.78835529
    242.04524784      24.82330107
    243.31155311      24.85958763
    244.52879228      24.89701849
    245.74567839      24.93539603
    247.04973392      24.97453213
    248.39103541      25.01421924
    249.64529841      25.05425169
    250.89559758      25.09441833
    252.07806397      25.13450572
    253.29499215      25.17429121
    254.48843318      25.21355733
    255.67678980      25.25207166
    256.92548821      25.28958651
    258.18018838      25.32586674
    259.41168592      25.36071241
    260.68731072      25.39394576
    261.88827485      25.42541072
    263.09084589      25.45498333
    264.40010445      25.48257756
    265.60183423      25.50814149
    266.84986578      25.53166492
    268.05635149      25.55316798
    269.34659432      25.57269914
    270.62176258      25.59032341
    271.90588786      25.60612219
    273.28684708      25.62017878
    274.57646464      25.63258852
    275.78665236      25.64344159
    276.99074995      25.65284918
    278.30813373      25.66094015
    279.54456585      25.66785949
    280.75863518      25.67377418
    282.04817334      25.67885280
    283.36709312      25.68326131
    284.58621755      25.68717764
    285.83125035      25.69079495
    287.39660425      25.69429072
    288.89357667      25.69784618
    290.18049086      25.70163896
    291.46717158      25.70584453
    292.76658884      25.71063462
    294.03350993      25.71616831
    295.31798117      25.72259777
    296.60576356      25.73002554
    298.44950470      25.73853434
    299.83575864      25.74818155
    301.12496786      25.75898975
    302.49946689      25.77094441
    304.00462833      25.78401360
    305.25811861      25.79814038
    306.53375144      25.81326417
    307.82580723      25.82932660
    309.15589542      25.84627113
    310.61722404      25.86401449
    311.90248927      25.88246937
    313.61278806      25.90154028
    314.94804100      25.92112667
    316.41812910      25.94112268
    318.34365276      25.96141484
    319.98248341      25.98187729
    321.30909740      26.00237527
    322.55452767      26.02276207
    323.78722423      26.04289530
    325.04490047      26.06261933
    326.33574636      26.08180300
    327.57420128      26.10032836
    328.84718321      26.11809286
    330.09373736      26.13500705
    331.33693735      26.15099885
    332.64962805      26.16601521
    333.92617682      26.18002073
    335.13952304      26.19300061
    336.37664092      26.20497066
    337.62964251      26.21595750
    338.84386260      26.22599074
    340.12097567      26.23512434
    341.37546553      26.24342473
    342.62708188      26.25097389
    343.86067074      26.25786749
    345.11735495      26.26421022
    346.32714946      26.27010564
    347.59905004      26.27565788
    348.85026230      26.28099755
    350.08027535      26.28625566
    351.31349888      26.29156095
    352.56328478      26.29704933
    353.83057168      26.30287283
    355.08434599      26.30919025
    356.30050381      26.31615792
    357.53708244      26.32392973
    358.83536732      26.33265241
    360.10541193      26.34244546
    361.31033754      26.35341920
    362.58436064      26.36566397
    363.78977116      26.37924721
    365.04311256      26.39423235
    366.27067556      26.41066600
    367.57097709      26.42857865
    368.79897300      26.44798382
    370.03607010      26.46888020
    371.29640386      26.49126148
    372.53285631      26.51509903
    373.76793911      26.54037517
    375.01725996      26.56704716
    376.22713764      26.59504555
    377.45405080      26.62430274
    378.75271093      26.65474910
    380.02281131      26.68631029
    381.29455593      26.71890762
    382.55311596      26.75245207
    383.78250988      26.78685633
    385.02903378      26.82202202
    386.25192639      26.85785724
    387.46668006      26.89427727
    388.70100100      26.93120228
    389.93629365      26.96855720
    391.20889323      27.00626882
    392.42110847      27.04426248
    393.67327448      27.08244974
    394.88612209      27.12076113
    396.09635613      27.15912817
    397.33176881      27.19746933
    398.58199898      27.23571614
    399.79874757      27.27380861
    401.03416025      27.31168721
    402.29935960      27.34929096
    403.55925194      27.38654390
    404.81884937      27.42337542
    406.02544426      27.45970498
    407.25414816      27.49544254
    408.54191448      27.53050712
    409.73297682      27.56483127
    410.96672070      27.59836421
    412.22061223      27.63108265
    413.46835407      27.66296501
    414.77619572      27.69400107
    415.98679604      27.72419588
    417.23921064      27.75356727
    418.44638685      27.78213263
    419.69935724      27.80991341
    420.89480689      27.83693980
    422.15461510      27.86322993
    423.38556487      27.88881357
    424.59771065      27.91374998
    425.81451169      27.93810373
    427.08342392      27.96194747
    428.31883377      27.98534936
    429.56826427      28.00838205
    430.77781160      28.03112074
    432.07138590      28.05363391
    433.28972673      28.07598974
    434.51058189      28.09825538
    435.74735571      28.12048319
    436.98320273      28.14271489
    438.27931263      28.16497190
    439.56212120      28.18725811
    440.80145519      28.20956259
    442.01039946      28.23188864
    443.22916281      28.25421699
    444.44265696      28.27650147
    445.65472617      28.29869965
    446.89251375      28.32074495
    448.10792389      28.34255278
    449.34180199      28.36403542
    450.53700635      28.38509634
    451.79628382      28.40564711
    453.02314214      28.42559638
    454.25278040      28.44486706
    455.46624194      28.46339717
    456.70106622      28.48114053
    457.91913672      28.49806665
    459.15770743      28.51415267
    460.39204681      28.52937542
    461.69826172      28.54372138
    462.94354548      28.55718050
    464.15831994      28.56974198
    465.41096801      28.58139906
    466.60553009      28.59216842
    467.80192213      28.60206992
    469.01568993      28.61113663
    470.27126964      28.61942666
    471.55886251      28.62701409
    472.77242755      28.63396824
    474.00385750      28.64036864
    475.21800953      28.64629297
    476.48994461      28.65183486
    477.70640679      28.65709240
    478.91363452      28.66218223
    480.12985519      28.66723208
    481.34865304      28.67238476
    482.58272586      28.67777419
    483.87631435      28.68354937
    485.08910052      28.68985312
    486.30510804      28.69683316
    487.55858224      28.70464050
    488.81111263      28.71342258
    490.03454449      28.72329775
    491.24395712      28.73438297
    492.48045541      28.74681500
    493.69555929      28.76070977
    494.95751886      28.77617660
    496.17155463      28.79331732
    497.44676683      28.81221519
    498.68765147      28.83293625
    499.92409636      28.85552335
    501.20042157      28.88000785
    502.45546156      28.90640067
    503.66098172      28.93469506
    504.88330529      28.96484931
    506.08835614      28.99677626
    507.29543878      29.03035019
    508.55366987      29.06543232
    509.78228728      29.10184717
    511.01990708      29.13940029
    512.27272955      29.17787247
    513.49570061      29.21702626
    514.73103531      29.25658997
    515.96980264      29.29627679
    517.22617540      29.33579778
    518.43468155      29.37484658
    519.67636397      29.41310963
    520.88605119      29.45029066
    522.08108966      29.48610388
    523.34983978      29.52028103
    524.58455773      29.55257575
    525.87685171      29.58276351
    527.12926347      29.61063777
    528.34922774      29.63602480
    529.61935885      29.65877572
    530.82900259      29.67877533
    532.06079031      29.69592957
    533.27411621      29.71019197
    534.53775876      29.72155376
    535.75555466      29.73003653
    537.01949780      29.73571247
    538.22966473      29.73870455
    539.50327051      29.73916682
    540.77664234      29.73726122
    542.06126151      29.73317503
    543.35265847      29.72712931
    544.56496351      29.71936914
    545.77312702      29.71017011
    546.98213509      29.69982950
    548.23349292      29.68867870
    549.48090676      29.67706419
    550.67017978      29.66532887
    551.86771509      29.65379074
    553.07527884      29.64276881
    554.33320746      29.63258555
    555.56494650      29.62357292
    556.84625735      29.61602332
    558.07388510      29.61022585
    559.26628164      29.60644515
    560.48759240      29.60492574
    561.75268777      29.60589040
    563.00151993      29.60954711
    564.21020143      29.61608373
    565.46295064      29.62563442
    566.71640594      29.63830564
    567.96893822      29.65417735
    569.19718368      29.67329126
    570.47459355      29.69564493
    571.74016816      29.72120987
    573.03040721      29.74992266
    574.32090005      29.78169484
    575.59826691      29.81640819
    576.85206392      29.85390478
    578.08500482      29.89399433
    579.34052026      29.93647274
    580.57278863      29.98112901
    581.83089542      30.02770770
    583.07980462      30.07593799
    584.33851825      30.12554285
    585.58391544      30.17622816
    586.81306832      30.22768468
    588.03114591      30.27959742
    589.29012468      30.33167327
    590.54889408      30.38364111
    591.76444742      30.43523743
    592.97778513      30.48622205
    594.16721459      30.53636785
    595.39151890      30.58547866
    596.60119856      30.63336649
    597.81244778      30.67985370
    599.08281991      30.72479174
    600.33417727      30.76808019
    601.56604817      30.80964902
    602.84518498      30.84945422
    604.09678337      30.88746687
    605.35293495      30.92371056
    606.55791538      30.95822255
    607.81049209      30.99106439
    609.02655255      31.02232426
    610.30396194      31.05208815
    611.58266253      31.08043331
    612.91299365      31.10743137
    614.12544095      31.13318257
    615.36148742      31.15779838
    616.59026410      31.18138841
    617.86351683      31.20406108
    619.07543906      31.22592875
    620.32845719      31.24709237
    621.53936565      31.26763594
    622.76492192      31.28761815
    623.97752141      31.30709667
    625.19680228      31.32613190
    626.42732338      31.34477966
    627.64121831      31.36307763
    628.85515908      31.38103486
    630.11756385      31.39867553
    631.35575742      31.41601487
    632.60382678      31.43306109
    633.91939288      31.44981706
    635.21283863      31.46629544
    636.45294251      31.48251738
    637.73073000      31.49849149
    638.98618258      31.51422412
    640.19639204      31.52972762
    641.47498535      31.54501136
    642.78608569      31.56009920
    644.00141549      31.57502063
    645.21060032      31.58981103
    646.44454222      31.60450780
    647.70185833      31.61914545
    648.93507619      31.63375678
    650.18113362      31.64837631
    651.41355701      31.66304733
    652.74946972      31.67782580
    654.00094571      31.69275427
    655.23790952      31.70788958
    656.51416479      31.72328363
    657.80847874      31.73896275
    659.06942312      31.75495427
    660.30109742      31.77129817
    661.51831720      31.78803976
    662.75714927      31.80520622
    663.99114317      31.82281122
    665.20135263      31.84086122
    666.41237074      31.85934861
    667.68119695      31.87826216
    668.99125045      31.89757672
    670.28535739      31.91727385
    671.49961954      31.93734725
    672.71741309      31.95778338
    673.99888699      31.97856168
    675.24897962      31.99965411
    676.52022705      32.02103390
    677.73569815      32.04269014
    678.99108362      32.06460513
    680.18863310      32.08676448
    681.44183413      32.10915468
    682.64061809      32.13175429
    683.88966198      32.15452305
    685.12735599      32.17741032
    686.34026410      32.20036720
    687.59504981      32.22333473
    688.86426877      32.24625839
    690.08628325      32.26909331
    691.29884871      32.29178253
    692.55104401      32.31425701
    693.83704322      32.33644743
    695.04958126      32.35829970
    696.26709596      32.37977673
    697.50605375      32.40085621
    698.72450044      32.42152779
    699.96093540      32.44179219
    701.15769184      32.46165488
    702.39061005      32.48113196
    703.64418493      32.50023292
    704.89303552      32.51896165
    706.11895949      32.53733412
    707.34874095      32.55537305
    708.59478042      32.57308981
    709.82271584      32.59049660
    711.04873528      32.60761114
    712.32504584      32.62444982
    713.55262397      32.64103032
    714.81096896      32.65738026
    716.04767520      32.67351402
    717.25687185      32.68945952
    718.46872223      32.70525068
    719.71931584      32.72094002
    720.93371363      32.73659008
    722.17500945      32.75226877
    723.37006352      32.76805706
    724.60702686      32.78403592
    725.84212763      32.80027224
    727.11846938      32.81682225
    728.34830520      32.83371586
    729.57189964      32.85095539
    730.76517099      32.86853694
    732.06190190      32.88645218
    733.31755865      32.90469103
    734.53367771      32.92324832
    735.80069664      32.94213958
    737.08881506      32.96136741
    738.33350048      32.98092532
    739.52472494      33.00082151
    740.69818893      33.02107326
    741.91529624      33.04170859
    743.15262680      33.06275269
    744.36537705      33.08423461
    745.60052555      33.10618454
    746.83277218      33.12863716
    748.08042186      33.15162310
    749.28961992      33.17516580
    750.52256650      33.19927864
    751.72997287      33.22395458
    752.95235788      33.24918095
    754.18111991      33.27492927
    755.46146048      33.30115597
    756.79656124      33.32780970
    758.11765648      33.35483609
    759.31103607      33.38217373
    760.52819489      33.40976437
    761.79931376      33.43755190
    763.02599675      33.46547838
    764.23504263      33.49352020
    765.48417065      33.52166818
    766.75423417      33.54992589
    768.04565524      33.57827537
    769.26005066      33.60669935
    770.49028678      33.63516591
    771.70028830      33.66362886
    772.97329764      33.69202509
    774.18227451      33.72028510
    775.43430960      33.74832923
    776.68942379      33.77609217
    777.91216562      33.80353639
    779.12215816      33.83064074
    780.36413880      33.85740061
    781.58549067      33.88382465
    782.84188045      33.90992938
    784.04784298      33.93571697
    785.29468684      33.96121331
    786.51525086      33.98646484
    787.76575987      34.01152322
    788.99275668      34.03645618
    790.23248719      34.06133548
    791.46668667      34.08624183
    792.78011324      34.11124756
    793.99614439      34.13642000
    795.25165321      34.16180357
    796.46321956      34.18742547
    797.66056912      34.21328670
    798.89627342      34.23936224
    800.13302030      34.26561569
    801.38336673      34.29199772
    802.58571989      34.31845412
    803.81099873      34.34492922
    805.06077424      34.37138504
    806.28725211      34.39776894
    807.48246309      34.42403232
    808.70450451      34.45012166
    809.95687374      34.47598735
    811.17359113      34.50158552
    812.40799336      34.52684511
    813.63683999      34.55168199
    814.85261782      34.57598584
    816.12090005      34.59965698
    817.33752765      34.62258236
    818.56408917      34.64465729
    819.81966132      34.66577359
    821.03647419      34.68583879
    822.29285640      34.70477622
    823.54571006      34.72252720
    824.75613929      34.73904557
    825.97118929      34.75428198
    827.21920430      34.76818783
    828.42207734      34.78073191
    829.68095497      34.79191233
    830.84196079      34.80173559
    832.07649394      34.81024381
    833.32951065      34.81750446
    834.54015445      34.82360153
    835.73116292      34.82863340
    837.00546108      34.83269657
    838.22705777      34.83589519
    839.43976691      34.83833181
    840.65734588      34.84011874
    841.84527383      34.84135769
    843.05659631      34.84216241
    844.33759523      34.84264510
    845.57506049      34.84293348
    846.76832382      34.84317397
    848.08714483      34.84354015
    849.36093588      34.84421586
    850.61673772      34.84539714
    851.91043018      34.84728144
    853.18894030      34.85004555
    854.41652551      34.85387889
    855.62981502      34.85894830
    856.88187232      34.86542091
    858.07559502      34.87343824
    859.30822967      34.88311148
    860.48116765      34.89454045
    861.71950111      34.90779835
    862.95006664      34.92294559
    864.17119827      34.94001036
    865.40099202      34.95899152
    866.61076337      34.97985051
    867.84096830      35.00252951
    869.02813959      35.02694152
    870.26122937      35.05296801
    871.49906516      35.08046947
    872.73728378      35.10929373
    873.95058557      35.13929408
    875.16068208      35.17033374
    876.39816577      35.20227291
    877.66614033      35.23494993
    878.91940611      35.26822714
    880.15139375      35.30196964
    881.40872876      35.33603562
    882.68653421      35.37027979
    883.90571630      35.40455777
    885.17691457      35.43873939
    886.41926811      35.47269375
    887.63008205      35.50630364
    888.84223964      35.53946090
    890.11341333      35.57208930
    891.35059644      35.60412368
    892.56962210      35.63552766
    893.80125149      35.66628111
    895.01765507      35.69637682
    896.27139488      35.72581120
    897.48375475      35.75459605
    898.74124100      35.78275179
    899.99465234      35.81030689
    901.18842042      35.83729503
    902.41841976      35.86373373
    903.63673082      35.88965437
    904.86358489      35.91508080
    906.11326540      35.94002555
    907.36779212      35.96450444
    908.60388538      35.98851703
    909.79832788      36.01205599
    911.02545844      36.03509630
    912.29624790      36.05759883
    913.53089069      36.07952129
    914.74326947      36.10084082
    915.95272085      36.12154088
    917.20278277      36.14162061
    918.39587217      36.16109955
    919.61196145      36.18001944
    920.83948381      36.19843333
    922.06918823      36.21639474
    923.30479280      36.23396305
    924.49804148      36.25120819
    925.73033537      36.26822852
    926.92416725      36.28510761
    928.14512165      36.30192888
    930.06711628      36.31877446
    931.30532922      36.33571726
    932.50781566      36.35283094
    933.70013989      36.37018049
    934.91341428      36.38783856
    936.13908492      36.40587519
    937.39246366      36.42435338
    938.64732263      36.44331842
    939.89479649      36.46281492
    941.11484489      36.48287249
    942.35135405      36.50351257
    943.54449591      36.52475343
    944.76334055      36.54661031
    946.00038471      36.56908393
    947.23351891      36.59215329
    948.43400098      36.61578977
    949.68156843      36.63996632
    950.89031750      36.66465822
    952.10195947      36.68982562
    953.29305915      36.71540351
    954.52271112      36.74132126
    955.72843261      36.76748684
    956.93965820      36.79380487
    958.17043830      36.82017338
    959.36534350      36.84651098
    960.58167571      36.87275436
    961.79376855      36.89886068
    963.02793022      36.92478074
    964.24386638      36.95048102
    965.45691958      36.97593392
    966.67153856      37.00111886
    967.86228094      37.02601169
    969.04293296      37.05059284
    970.27121859      37.07485196
    971.48708197      37.09877279
    972.74660236      37.12234296
    974.00338015      37.14553457
    975.29381298      37.16831671
    976.55231960      37.19064693
    977.84310263      37.21247101
    979.06267889      37.23374927
    980.35388349      37.25443235
    981.58435403      37.27447756
    982.81124449      37.29383900
    984.06147182      37.31246288
    985.31724153      37.33029613
    986.53573407      37.34729590
    988.39911432      37.36341456
    989.61002609      37.37861574
    990.84940592      37.39288087
    992.10530796      37.40620076
    993.38141624      37.41856591
    994.61493232      37.42997676
    995.82742925      37.44046177
    997.10074248      37.45005188
    998.31381364      37.45876822
    999.56153704      37.46662562
   1000.79836995      37.47363054
   1002.02724068      37.47979664
   1003.24509755      37.48514436
   1004.51656663      37.48971641
   1005.76418417      37.49357520
   1006.97191807      37.49680130
   1008.18317627      37.49946228
   1009.43516882      37.50162591
   1010.68813449      37.50335833
   1011.89691618      37.50475146
   1013.16849396      37.50589145
   1014.40514774      37.50686705
   1015.65540484      37.50776684
   1016.90966737      37.50868318
   1018.12349472      37.50970825
   1019.35099344      37.51093885
   1020.60101329      37.51248732
   1021.83712167      37.51445865
   1023.10993298      37.51695135
   1024.34989744      37.52006554
   1025.61199170      37.52390593
   1026.83102255      37.52859606
   1028.04425062      37.53424438
   1029.26455848      37.54097574
   1030.49059824      37.54890548
   1031.70745553      37.55814018
   1032.94273305      37.56877823
   1034.15121793      37.58092634
   1035.40408293      37.59468822
   1036.61579863      37.61018569
   1037.85409995      37.62752704
   1039.06613702      37.64679197
   1040.29737745      37.66804060
   1041.55352430      37.69131463
   1042.84227083      37.71663362
   1044.08021911      37.74396953
   1045.35500737      37.77326095
   1046.58244938      37.80441510
   1047.81561383      37.83731102
   1049.03730174      37.87181841
   1050.28806832      37.90779070
   1051.56246574      37.94506191
   1052.82730117      37.98343183
   1054.10884786      38.02266904
   1055.31200730      38.06251379
   1056.54242159      38.10270344
   1057.81667061      38.14298370
   1059.03423871      38.18311453
   1060.26358064      38.22284968
   1061.47978902      38.26196478
   1062.73055041      38.30025157
   1063.98779420      38.33751530
   1065.24109401      38.37358712
   1066.46231639      38.40832852
   1067.69738123      38.44162141
   1068.97052101      38.47336310
   1070.25107142      38.50346830
   1071.59816010      38.53188567
   1072.89764637      38.55860498
   1074.16326540      38.58364207
   1075.44348498      38.60703030
   1077.33460026      38.62883123
   1078.97347628      38.64911059
   1080.21331786      38.66794461
   1081.53697327      38.68542188
   1082.80381071      38.70167172
   1084.10941783      38.71683133
   1085.27636823      38.73103706
   1086.56361845      38.74438816
   1088.23647655      38.75697222
   1089.84637030      38.76888172
   1091.26594372      38.78019116
   1092.66662949      38.79096369
   1094.11554861      38.80124821
   1095.53761225      38.81108024
   1096.99927831      38.82048063
   1098.25418124      38.82946277
   1099.65848583      38.83803428
   1100.91132957      38.84617459
   1102.14568974      38.85384170
   1103.35304507      38.86097779
   1104.57027289      38.86753037
   1105.82242235      38.87344376
   1107.06348564      38.87867743
   1108.32498157      38.88321409
   1109.54221317      38.88703995
   1110.78617360      38.89014220
   1111.94670397      38.89251539
   1113.14717139      38.89414325
   1114.30112719      38.89501716
   1115.52723075      38.89514660
   1116.76628590      38.89454238
   1118.00356211      38.89321986
   1119.22578785      38.89119892
   1120.41996096      38.88850298
   1121.60456926      38.88518211
   1122.78866098      38.88130504
   1124.01271244      38.87693393
   1125.24492599      38.87213247
   1126.46143070      38.86696296
   1127.69599694      38.86149443
   1128.89441462      38.85581015
   1130.12357364      38.85001498
   1131.35411933      38.84425087
   1132.57690795      38.83865073
   1133.78929760      38.83334271
   1135.02110186      38.82845395
   1136.30475736      38.82413692
   1137.52886553      38.82055830
   1138.75980443      38.81787459
   1140.01047933      38.81624299
   1141.22427642      38.81580258
   1142.43240496      38.81667059
   1143.67747746      38.81895719
   1144.90061676      38.82275745
   1146.13657769      38.82814932
   1147.36327533      38.83518991
   1148.61710494      38.84390726
   1149.87276027      38.85431878
   1151.11053793      38.86642317
   1152.32172713      38.88018720
   1153.54498979      38.89555695
   1154.77993601      38.91246034
   1155.99476152      38.93079326
   1157.24635045      38.95042208
   1158.45579381      38.97117535
   1159.66652787      38.99285288
   1160.88390315      39.01525458
   1162.13544861      39.03816141
   1163.38659234      39.06133548
   1164.64642135      39.08454033
   1165.95721922      39.10753260
   1167.26356410      39.13007252
   1168.48363896      39.15195227
   1169.69986719      39.17297263
   1170.91695654      39.19294218
   1172.12061884      39.21169177
   1173.31959185      39.22909455
   1174.53929618      39.24507312
   1175.76147182      39.25958708
   1177.00730145      39.27263643
   1178.19760100      39.28425755
   1179.44968571      39.29449935
   1180.73051496      39.30344165
   1181.98242008      39.31119851
   1183.54058973      39.31790757
   1184.98144838      39.32371367
   1186.18467966      39.32876841
   1187.76709738      39.33322295
   1189.46494036      39.33722960
   1190.68098285      39.34096211
   1191.90733076      39.34459956
   1193.13914589      39.34831021
   1194.35433768      39.35225775
   1195.58657249      39.35658845
   1196.85953126      39.36141881
   1198.05597151      39.36686793
   1199.32012969      39.37303878
   1200.55914466      39.38001494
   1201.72818685      39.38786442
   1202.90697488      39.39664405
   1204.11550891      39.40637626
   1205.28055986      39.41703847
   1206.48621755      39.42857804
   1207.71919343      39.44092953
   1208.91439826      39.45401814
   1210.13459317      39.46774464
   1211.36854737      39.48199424
   1212.60364340      39.49664110
   1213.79392357      39.51153995
   1214.97570562      39.52655601
   1216.14351665      39.54156777
   1217.32507940      39.55642663
   1218.51477541      39.57098144
   1219.70404891      39.58508635
   1220.93032592      39.59860127
   1222.10470490      39.61138669
   1223.25382489      39.62328497
   1224.45563879      39.63413962
   1225.60866921      39.64379719
   1226.86094107      39.65211858
   1228.04164745      39.65897693
   1229.28200465      39.66424540
   1230.48597558      39.66779008
   1231.68534510      39.66949690
   1232.89140358      39.66926936
   1234.13825784      39.66702821
   1235.32372157      39.66273922
   1236.53007401      39.65639807
   1237.72554020      39.64800089
   1238.93299809      39.63757154
   1240.16518659      39.62516295
   1241.35786718      39.61084604
   1242.56267983      39.59471443
   1243.76269165      39.57689915
   1244.91969393      39.55754850
   1246.18502042      39.53681061
   1247.44610847      39.51483522
   1248.72521079      39.49177852
   1249.92932680      39.46778620
   1251.10081810      39.44300657
   1252.49299960      39.41761005
   1254.24002590      39.39176464
   1256.02757623      39.36564596
   1257.41548245      39.33942256
   1258.75536325      39.31325555
   1259.89352468      39.28730385
   1261.09460744      39.26173100
   1262.21681144      39.23671060
   1263.39568548      39.21238086
   1264.59647759      39.18885369
   1265.78633051      39.16624229
   1266.95277615      39.14465077
   1268.18696523      39.12416674
   1269.65248785      39.10487219
   1271.16105876      39.08682606
   1272.41759079      39.07008764
   1273.56782568      39.05472135
   1274.72069635      39.04078544
   1275.90334234      39.02831500
   1277.05371807      39.01733407
   1278.22194264      39.00787110
   1279.38834055      38.99997516
   1280.65820557      38.99369011
   1281.88764438      38.98906528
   1283.10589967      38.98614583
   1284.34096499      38.98495291
   1285.66402159      38.98548954
   1286.82159574      38.98775873
   1287.98516126      38.99174007
   1289.18897669      38.99738120
   1290.38419003      39.00461553
   1291.65478761      39.01336093
   1293.35781046      39.02351096
   1294.52485916      39.03493158
   1295.76081961      39.04747422
   1296.91268314      39.06098900
   1298.28435214      39.07530562
   1299.44264230      39.09025280
   1300.59040447      39.10565116
   1301.73636548      39.12129994
   1302.92328346      39.13700898
   1304.07187411      39.15258195
   1305.24264514      39.16782211
   1306.39132512      39.18254980
   1307.57455196      39.19658998
   1308.73779279      39.20975569
   1309.89165926      39.22184267
   1311.10729295      39.23268712
   1312.30582925      39.24214763
   1313.50637843      39.25010657
   1314.74017099      39.25646081
   1316.01148978      39.26113382
   1317.16656096      39.26405816
   1318.36158478      39.26520132
   1319.60279647      39.26456559
   1320.82045248      39.26217702
   1322.01995718      39.25809241
   1323.58539709      39.25240741
   1324.73597368      39.24525161
   1325.88898803      39.23676755
   1327.01354188      39.22710726
   1328.19499735      39.21642505
   1329.34131472      39.20487657
   1330.49638070      39.19262576
   1331.64280488      39.17984422
   1332.81823733      39.16670398
   1334.03342250      39.15337647
   1335.20069144      39.14004004
   1336.32036080      39.12689217
   1337.44961718      39.11412861
   1338.60708263      39.10193792
   1339.82149649      39.09050781
   1341.02923512      39.08000611
   1342.24075609      39.07060039
   1343.44265648      39.06243117
   1344.68071252      39.05562733
   1345.89213519      39.05028738
   1347.09339235      39.04647619
   1348.31812863      39.04424237
   1349.49879577      39.04359989
   1350.70027081      39.04452255
   1351.88244702      39.04695989
   1353.12215910      39.05079668
   1354.30620262      39.05588349
   1355.57622171      39.06205679
   1356.77956359      39.06916267
   1358.00829348      39.07702007
   1359.18149092      39.08543308
   1360.41411753      39.09417704
   1361.61363593      39.10302743
   1362.82036836      39.11174320
   1364.06969299      39.12010055
   1365.34117152      39.12788085
   1366.51279988      39.13487599
   1367.69853772      39.14089381
   1368.94561554      39.14575855
   1370.18150793      39.14929459
   1371.42975405      39.15133351
   1372.65183470      39.15173954
   1373.85023205      39.15040049
   1375.02010936      39.14724847
   1376.20531363      39.14225817
   1377.40901989      39.13543994
   1378.60548235      39.12683463
   1379.82489555      39.11654178
   1381.05759684      39.10470405
   1382.28219984      39.09150152
   1383.57905505      39.07714218
   1384.75862856      39.06186420
   1385.96251867      39.04593036
   1387.18490274      39.02960860
   1388.43866476      39.01319739
   1389.99252132      38.99697762
   1391.33564663      38.98122356
   1392.66739276      38.96618635
   1393.90860588      38.95210244
   1395.07742641      38.93919433
   1396.27928049      38.92764699
   1397.49644970      38.91761245
   1398.72560542      38.90921512
   1399.89762321      38.90253253
   1401.09677581      38.89763758
   1402.30091120      38.89457833
   1403.50083606      38.89336182
   1404.68418578      38.89394189
   1405.88567688      38.89621943
   1407.10565202      38.90004989
   1408.35352430      38.90526197
   1409.55384143      38.91162743
   1410.79246129      38.91890792
   1411.99419154      38.92682343
   1413.24271840      38.93509074
   1414.41204227      38.94339947
   1415.56622540      38.95141349
   1416.76956160      38.95876202
   1417.91928181      38.96508375
   1419.14662552      38.97003968
   1420.34044180      38.97330144
   1421.57325368      38.97456282
   1422.77109855      38.97354207
   1423.97536581      38.96998013
   1425.17876770      38.96366444
   1426.39866297      38.95444872
   1427.60557120      38.94221863
   1428.80582216      38.92689649
   1430.00272794      38.90845815
   1431.26619421      38.88692532
   1432.48572036      38.86236819
   1433.68712592      38.83490585
   1434.90330075      38.80471162
   1436.11841409      38.77198599
   1437.30396856      38.73698584
   1438.50771736      38.70000747
   1439.79516608      38.66138887
   1441.00168204      38.62149737
   1442.19838649      38.58072449
   1443.38266773      38.53949568
   1444.59940025      38.49825132
   1445.80418738      38.45743961
   1447.00230968      38.41751748
   1448.20511986      38.37891470
   1449.41098786      38.34203356
   1450.60682080      38.30727404
   1451.81468089      38.27501024
   1453.02648354      38.24560362
   1454.21934987      38.21938152
   1455.41395826      38.19661953
   1456.60471671      38.17757106
   1457.81746838      38.16242310
   1459.05554096      38.15132998
   1460.27595610      38.14436403
   1461.54377706      38.14154297
   1462.72643675      38.14283024
   1463.91074021      38.14817120
   1465.12714615      38.15746013
   1466.38250846      38.17052803
   1467.60264807      38.18715426
   1468.83245080      38.20707851
   1470.00697535      38.22999440
   1471.25722536      38.25557013
   1472.43914683      38.28343577
   1473.60833507      38.31317550
   1474.81001569      38.34436503
   1476.05876846      38.37658956
   1477.27686495      38.40943615
   1478.45962436      38.44250740
   1479.66356457      38.47541396
   1480.91652598      38.50779167
   1482.15209795      38.53929014
   1483.35208188      38.56959225
   1484.55984602      38.59839105
   1485.77306653      38.62541298
   1487.04000085      38.65041972
   1488.23979290      38.67321681
   1489.51205976      38.69365625
   1490.74791103      38.71162154
   1491.93831266      38.72703933
   1493.16325690      38.73988170
   1494.38215872      38.75015068
   1495.59777445      38.75792178
   1496.80065694      38.76332473
   1497.98403454      38.76650508
   1499.15729909      38.76763501
   1500.38546373      38.76688753
   1501.58782729      38.76445120
   1502.75792767      38.76053329
   1503.93891525      38.75533933
   1505.11586810      38.74908189
   1506.34192724      38.74196219
   1507.54517742      38.73418908
   1508.74516702      38.72595773
   1509.94929249      38.71745008
   1511.16738520      38.70881054
   1512.37179424      38.70015935
   1513.57189018      38.69160180
   1514.77982542      38.68322503
   1516.02730826      38.67507969
   1517.25822400      38.66720921
   1518.45281632      38.65963760
   1519.72445838      38.65238673
   1520.90689311      38.64549112
   1522.14196552      38.63898213
   1523.36336607      38.63287600
   1524.57811454      38.62717446
   1525.73670340      38.62187090
   1526.94030285      38.61696905
   1528.13394380      38.61245209
   1529.34131898      38.60830362
   1530.54230438      38.60449243
   1531.74160208      38.60100673
   1532.98916810      38.59784320
   1534.18137654      38.59501336
   1535.37601660      38.59253561
   1536.65107237      38.59043412
   1537.85753304      38.58874283
   1539.05643562      38.58750705
   1540.25992448      38.58677007
   1541.54559191      38.58660381
   1542.81656994      38.58704982
   1544.01932104      38.58813300
   1545.29944231      38.58987204
   1546.46584542      38.59227327
   1547.70102180      38.59534963
   1548.90248502      38.59909495
   1550.07098040      38.60349066
   1551.27176541      38.60850930
   1552.47262888      38.61411576
   1553.66415912      38.62025670
   1554.87573728      38.62685890
   1556.06424372      38.63384210
   1557.31132578      38.64111742
   1558.50424504      38.64858403
   1559.68748511      38.65613363
   1560.89925563      38.66364368
   1562.08688914      38.67097638
   1563.28394427      38.67800762
   1564.47234059      38.68460277
   1565.69076176      38.69063613
   1566.89005567      38.69597061
   1568.12577556      38.70046168
   1569.32768352      38.70395875
   1570.49828062      38.70631899
   1571.71820661      38.70742705
   1572.93940630      38.70717305
   1574.15760960      38.70543501
   1575.34173724      38.70210968
   1576.53309167      38.69711290
   1577.74935157      38.69040183
   1578.93446037      38.68195142
   1580.18673743      38.67175954
   1581.43931461      38.65984601
   1582.63885145      38.64625601
   1583.83946963      38.63104448
   1585.04599079      38.61428937
   1586.29842524      38.59607727
   1587.49909447      38.57652626
   1588.68113267      38.55573616
   1589.88234919      38.53382564
   1591.08602520      38.51093074
   1592.31940942      38.48719833
   1593.53432945      38.46278316
   1594.75650226      38.43783625
   1595.95652778      38.41252920
   1597.19262482      38.38703257
   1598.36057385      38.36150301
   1599.54266499      38.33608420
   1600.81316095      38.31091867
   1601.96755534      38.28614278
   1603.16650519      38.26186885
   1604.35239758      38.23818649
   1605.57334962      38.21516963
   1606.82166947      38.19285911
   1608.02241621      38.17126084
   1609.32464034      38.15036718
   1610.52587481      38.13013414
   1611.73405108      38.11049439
   1612.96304233      38.09133949
   1614.21616821      38.07255595
   1615.44905524      38.05400686
   1616.63597747      38.03555327
   1617.84217489      38.01705596
   1619.05672392      37.99834880
   1620.27373906      37.97927559
   1621.44943144      37.95970402
   1622.63306284      37.93951872
   1623.84587595      37.91861960
   1625.05178176      37.89691216
   1626.25541477      37.87432636
   1627.45420156      37.85082019
   1628.74046827      37.82636719
   1629.98748937      37.80095572
   1631.24681409      37.77461021
   1632.47007912      37.74738160
   1633.65066025      37.71936206
   1634.82518479      37.69065201
   1636.04025370      37.66140417
   1637.29577481      37.63181086
   1638.47640320      37.60208997
   1639.67609978      37.57248169
   1640.89870409      37.54325054
   1642.08133732      37.51467770
   1643.30624846      37.48703615
   1644.62841324      37.46060003
   1645.92138590      37.43564910
   1647.15448891      37.41247445
   1648.39781273      37.39135082
   1649.58606490      37.37251924
   1650.78096820      37.35619059
   1651.96466671      37.34253673
   1653.18831219      37.33167776
   1654.33731733      37.32368056
   1655.54077736      37.31858282
   1656.74781509      37.31636195
   1658.02730117      37.31694892
   1659.22812400      37.32022693
   1660.43165775      37.32606094
   1661.65007751      37.33427186
   1662.87478969      37.34467274
   1664.12243369      37.35705500
   1665.31936877      37.37118307
   1666.49067055      37.38681703
   1667.69268484      37.40369281
   1668.89340180      37.42153110
   1670.05157807      37.44004380
   1671.19987003      37.45894513
   1672.43432898      37.47795649
   1673.60191552      37.49679784
   1674.78556062      37.51518872
   1675.95782842      37.53287110
   1677.15647296      37.54960909
   1678.33618825      37.56519947
   1679.50837429      37.57947439
   1680.70598569      37.59228340
   1681.89478231      37.60352538
   1683.14561317      37.61312398
   1684.31401072      37.62102337
   1685.49987381      37.62719509
   1686.70251999      37.63164344
   1687.90335511      37.63440453
   1689.12842269      37.63554538
   1690.37166994      37.63517517
   1691.57705399      37.63343196
   1692.77514840      37.63048101
   1693.97994357      37.62647479
   1695.20422992      37.62156244
   1696.38890863      37.61589629
   1697.54417169      37.60962331
   1698.72276594      37.60287988
   1699.92531996      37.59580721
   1701.12833526      37.58855563
   1702.35030247      37.58126075
   1703.55266319      37.57406410
   1704.78852960      37.56711154
   1706.01189292      37.56056241
   1707.22969923      37.55455927
   1708.44148439      37.54924952
   1709.66367941      37.54474335
   1710.91227480      37.54111985
   1712.11383916      37.53843068
   1713.34668034      37.53670775
   1714.63053434      37.53596329
   1715.96571497      37.53618047
   1717.20407963      37.53732219
   1718.41766121      37.53931350
   1719.62031779      37.54204022
   1720.85355266      37.54537159
   1722.05608825      37.54916322
   1723.27320547      37.55324769
   1724.47580439      37.55745024
   1725.65653440      37.56156390
   1726.88133779      37.56535970
   1728.11490585      37.56860621
   1729.31548386      37.57106411
   1730.51835359      37.57250485
   1731.81894058      37.57271988
   1732.98214833      37.57152667
   1734.20832042      37.56876083
   1735.39515426      37.56426861
   1736.59613778      37.55791480
   1737.84136955      37.54957213
   1739.07475424      37.53912796
   1740.27603172      37.52647372
   1741.47921243      37.51152956
   1742.69978921      37.49423998
   1743.94695068      37.47457549
   1745.20009405      37.45254832
   1746.38041713      37.42821916
   1747.60221610      37.40167071
   1748.80762094      37.37301920
   1749.98766518      37.34241778
   1751.18784950      37.31005273
   1752.39140405      37.27612987
   1753.61135887      37.24086493
   1754.86217271      37.20449366
   1756.02415118      37.16725338
   1757.22821001      37.12940800
   1758.42927009      37.09124001
   1759.65136208      37.05305002
   1760.88592879      37.01512079
   1762.08631680      36.97772733
   1763.30244390      36.94114175
   1764.52146719      36.90560728
   1765.71131444      36.87136008
   1766.95897215      36.83863158
   1768.16013952      36.80763291
   1769.40857090      36.77854774
   1770.62352213      36.75153660
   1771.89736894      36.72671798
   1773.09548462      36.70420970
   1774.29705749      36.68412480
   1775.49955716      36.66656741
   1776.69858499      36.65162671
   1777.90342411      36.63936871
   1779.11834981      36.62982823
   1780.32186655      36.62299418
   1781.52264353      36.61881881
   1782.77695049      36.61723583
   1783.99011428      36.61814914
   1785.21013479      36.62143406
   1786.41449326      36.62694589
   1787.63182695      36.63452914
   1788.84713547      36.64401512
   1790.01936783      36.65522762
   1791.25182146      36.66799046
   1792.47933200      36.68211364
   1793.70151237      36.69738428
   1794.92419088      36.71360075
   1796.12369652      36.73056182
   1797.30447379      36.74807549
   1798.50479753      36.76595074
   1799.71703594      36.78401513
   1800.99720258      36.80210483
   1802.26519793      36.82007026
   1803.53632248      36.83776572
   1804.70777643      36.85504682
   1805.93748369      36.87176999
   1807.08474724      36.88778553
   1808.35842108      36.90295866
   1809.61149356      36.91716584
   1810.79371987      36.93028695
   1812.06838762      36.94222162
   1813.26612284      36.95287477
   1814.50097643      36.96216169
   1815.72013819      36.97000355
   1816.92254807      36.97634139
   1818.14479224      36.98113335
   1819.34546855      36.98438404
   1820.54518309      36.98610395
   1821.72969261      36.98629725
   1822.90000945      36.98496137
   1824.09971265      36.98209873
   1825.30346097      36.97770618
   1826.45758786      36.97178617
   1827.70491899      36.96435595
   1828.90821171      36.95544989
   1830.11047366      36.94510770
   1831.34393586      36.93337641
   1832.56723066      36.92033224
   1833.81659121      36.90605545
   1835.01393226      36.89063206
   1836.19681031      36.87415569
   1837.43673412      36.85672703
   1838.62543670      36.83844733
   1839.84657022      36.81942418
   1841.04857931      36.79979622
   1842.23101830      36.77971132
   1843.40472853      36.75932941
   1844.61802796      36.73880382
   1845.84041203      36.71828613
   1847.04001834      36.69790494
   1848.25829017      36.67778222
   1849.46016787      36.65802409
   1850.71291992      36.63873586
   1851.93352742      36.62001734
   1853.16546449      36.60196317
   1854.40053406      36.58466021
   1855.60186022      36.56819319
   1856.83342675      36.55263561
   1858.05718472      36.53804772
   1859.25200815      36.52447512
   1860.45534718      36.51195492
   1861.67592964      36.50050913
   1862.87934713      36.49015946
   1864.12377025      36.48090131
   1865.34212054      36.47270922
   1866.56068066      36.46551359
   1867.73041146      36.45921616
   1868.93166578      36.45371124
   1870.11853366      36.44888836
   1871.31865890      36.44462338
   1872.53890107      36.44079968
   1873.78535692      36.43728852
   1874.99286916      36.43396693
   1876.19901601      36.43070934
   1877.39618220      36.42738674
   1878.59489858      36.42387802
   1879.78141152      36.42003562
   1881.04971785      36.41571887
   1882.25022260      36.41079214
   1883.48245269      36.40512541
   1884.70056383      36.39860232
   1885.88745581      36.39112665
   1887.10919995      36.38262763
   1888.31164338      36.37303162
   1889.56037299      36.36226700
   1890.76379379      36.35025596
   1891.96403199      36.33693823
   1893.20285177      36.32227469
   1894.44989319      36.30625843
   1895.69057603      36.28891420
   1896.92753370      36.27029506
   1898.19642938      36.25048703
   1899.39723425      36.22960157
   1900.63037696      36.20776699
   1901.86510105      36.18513804
   1903.07006068      36.16187724
   1904.32162599      36.13814928
   1905.55309895      36.11413094
   1906.75326673      36.09000904
   1907.95808033      36.06597214
   1909.18098805      36.04220564
   1910.41064285      36.01886789
   1911.62768730      35.99612258
   1912.87519094      35.97412676
   1914.05307248      35.95303491
   1915.25153175      35.93300078
   1916.55009216      35.91417180
   1917.75210031      35.89668647
   1918.91699718      35.88066935
   1920.13342534      35.86621709
   1921.33809715      35.85341384
   1922.59338006      35.84231295
   1923.81226676      35.83292909
   1925.01064380      35.82524486
   1926.26193262      35.81920216
   1927.47812589      35.81473065
   1928.69494158      35.81172951
   1929.91479715      35.81007964
   1931.11610441      35.80964212
   1932.31785735      35.81026044
   1933.56950961      35.81175195
   1934.73914731      35.81389774
   1935.95583965      35.81647602
   1937.17369463      35.81927580
   1938.37457843      35.82211730
   1939.57777190      35.82483064
   1940.76165283      35.82725632
   1941.96328620      35.82925511
   1943.16318222      35.83070074
   1944.36630338      35.83148921
   1945.58090440      35.83152445
   1946.78585175      35.83071915
   1947.98530682      35.82900758
   1949.21795281      35.82633336
   1950.43846107      35.82265220
   1951.63677099      35.81795487
   1952.81787105      35.81225060
   1954.00290234      35.80556268
   1955.24611226      35.79792851
   1956.41067452      35.78940476
   1957.63431149      35.78008318
   1958.89772104      35.77005381
   1960.10203320      35.75941922
   1961.30308571      35.74830481
   1962.53656587      35.73685930
   1963.75602586      35.72523531
   1964.93872479      35.71357664
   1966.19566516      35.70202729
   1967.40969337      35.69072073
   1968.61297852      35.67977661
   1969.82651804      35.66928901
   1971.04823572      35.65934206
   1972.22399380      35.65000711
   1973.41849396      35.64134268
   1974.60031618      35.63339137
   1975.75335747      35.62618782
   1977.00272227      35.61975491
   1978.20320292      35.61409767
   1979.44182279      35.60920863
   1980.70778589      35.60507267
   1981.90718472      35.60169570
   1983.07500331      35.59907959
   1984.26242320      35.59721455
   1985.44659527      35.59606263
   1986.66433446      35.59558511
   1987.89975424      35.59573498
   1989.12924693      35.59645010
   1990.30541099      35.59765640
   1991.55092160      35.59926355
   1992.74187005      35.60116655
   1993.88340123      35.60325927
   1995.12645377      35.60543095
   1996.40725797      35.60756351
   1997.58736365      35.60954835
   1998.81220202      35.61126179
   2000.04333800      35.61258732
   2001.28999471      35.61340873
   2002.52364548      35.61362289
   2003.77909097      35.61312553
   2005.02428635      35.61181107
   2006.23248247      35.60960229
   2007.44654375      35.60645113
   2008.64947681      35.60232553
   2009.88462247      35.59717831
   2011.11758654      35.59097265
   2012.38658667      35.58368467
   2013.65308902      35.57529252
   2014.91197280      35.56578368
   2016.13832590      35.55514980
   2017.36084277      35.54340053
   2018.59390797      35.53056419
   2019.81481559      35.51668222
   2021.01351778      35.50181904
   2022.20285271      35.48605463
   2023.40290281      35.46948003
   2024.60294676      35.45219246
   2025.77567820      35.43430340
   2026.99260308      35.41593050
   2028.20891213      35.39720378
   2029.42562338      35.37824032
   2030.71168450      35.35916409
   2031.96049445      35.34009923
   2033.20942776      35.32117690
   2034.41621689      35.30250411
   2035.61654016      35.28418515
   2036.84989461      35.26631349
   2038.15157334      35.24897055
   2039.32090430      35.23223184
   2040.54252651      35.21618092
   2041.77810556      35.20089891
   2043.00688697      35.18645140
   2044.24452899      35.17291145
   2045.43775309      35.16034566
   2046.67104656      35.14882551
   2047.84163752      35.13840363
   2049.06515445      35.12913024
   2050.29499594      35.12104588
   2051.49736942      35.11419069
   2052.72041278      35.10860853
   2053.93773891      35.10434974
   2055.22166002      35.10144410
   2056.42003516      35.09989506
   2057.62185757      35.09971297
   2058.79316124      35.10088820
   2059.97595799      35.10339586
   2061.17391298      35.10720044
   2062.34161862      35.11225776
   2063.49727206      35.11851635
   2064.73055466      35.12591781
   2065.92988402      35.13438792
   2067.15054162      35.14384110
   2068.38160718      35.15417826
   2069.56176437      35.16528807
   2070.79336163      35.17704870
   2072.02847137      35.18932482
   2073.23014585      35.20197145
   2074.43234872      35.21483827
   2075.63229484      35.22776321
   2076.83406195      35.24059235
   2078.05526968      35.25316562
   2079.32384351      35.26531042
   2080.54028678      35.27684208
   2081.73998620      35.28759649
   2082.89156852      35.29740090
   2084.05983043      35.30610258
   2085.23152731      35.31357278
   2086.46492240      35.31969862
   2087.65768333      35.32437178
   2088.85675747      35.32749618
   2090.02803042      35.32899675
   2091.22940526      35.32880819
   2092.46264155      35.32686650
   2093.76764420      35.32311298
   2095.01181400      35.31752262
   2096.18788258      35.31009298
   2097.39415893      35.30084231
   2098.61366665      35.28982038
   2099.86025011      35.27710198
   2101.07354387      35.26275242
   2102.25840785      35.24685094
   2103.51108286      35.22950311
   2104.69185682      35.21081292
   2105.92141142      35.19090119
   2107.17107870      35.16989535
   2108.38207176      35.14793362
   2109.65667571      35.12516055
   2110.90635575      35.10172673
   2112.10412783      35.07777929
   2113.30366089      35.05346652
   2114.50550598      35.02893917
   2115.66191230      35.00433371
   2116.86076432      34.97977370
   2118.06852657      34.95536385
   2119.24662504      34.93120858
   2120.43548405      34.90740871
   2121.62222290      34.88404695
   2122.82614231      34.86120038
   2124.07292143      34.83891892
   2125.30751319      34.81721551
   2126.57341201      34.79609173
   2127.77922850      34.77554312
   2128.98454686      34.75553934
   2130.18080704      34.73604586
   2131.38293429      34.71700818
   2132.58362903      34.69834575
   2133.78299336      34.67996523
   2134.93310301      34.66177010
   2136.09039360      34.64366170
   2137.35744466      34.62553763
   2138.57941140      34.60729460
   2139.78086281      34.58885626
   2140.98471085      34.57017571
   2142.18468722      34.55121857
   2143.41970480      34.53196961
   2144.63699028      34.51243830
   2145.86961548      34.49263948
   2147.06774486      34.47259845
   2148.32413984      34.45237705
   2149.54473458      34.43205411
   2150.76298561      34.41171406
   2152.03367110      34.39146174
   2153.21460811      34.37141510
   2154.43715097      34.35172386
   2155.72207970      34.33254379
   2156.92549152      34.31403281
   2158.16132909      34.29635547
   2159.36342184      34.27968220
   2160.60476539      34.26418372
   2161.76840653      34.25002761
   2162.98980661      34.23738473
   2164.16195578      34.22643184
   2165.37780829      34.21735764
   2166.57563142      34.21033446
   2167.75113003      34.20550222
   2168.97446547      34.20299154
   2170.15287304      34.20290280
   2171.37482797      34.20530532
   2172.54277936      34.21025823
   2173.77785366      34.21779129
   2174.95259183      34.22789846
   2176.17944874      34.24054955
   2177.45482967      34.25569837
   2178.65396194      34.27327661
   2179.80328799      34.29320431
   2181.00631558      34.31538754
   2182.20615536      34.33971209
   2183.35846693      34.36603502
   2184.58788117      34.39419550
   2185.76017780      34.42402355
   2186.99184878      34.45532555
   2188.19358990      34.48788506
   2189.43066715      34.52145899
   2190.66354425      34.55577451
   2191.89561270      34.59052123
   2193.09822438      34.62538085
   2194.26874208      34.66000877
   2195.45062055      34.69402958
   2196.61777936      34.72705006
   2197.82187648      34.75867410
   2199.00700040      34.78850516
   2200.20446670      34.81615563
   2201.42458741      34.84123256
   2202.62548821      34.86336832
   2203.82031637      34.88223312
   2205.07316719      34.89752865
   2206.30676267      34.90899170
   2207.50529614      34.91640265
   2208.72637437      34.91958746
   2209.92952105      34.91842618
   2211.15567187      34.91284446
   2212.36793485      34.90280129
   2213.60083417      34.88830185
   2214.80196041      34.86941361
   2215.96941509      34.84624645
   2217.17076677      34.81896131
   2218.34506021      34.78778501
   2219.57740940      34.75299572
   2220.74492315      34.71492323
   2221.93761981      34.67395590
   2223.17060608      34.63053152
   2224.34195323      34.58510907
   2225.54115923      34.53817484
   2226.72951443      34.49023437
   2227.94600828      34.44180646
   2229.20869284      34.39340516
   2230.42502127      34.34554653
   2231.69381250      34.29873426
   2232.86388548      34.25344873
   2234.06588795      34.21013152
   2235.25128552      34.16916274
   2236.46776849      34.13087149
   2237.65533395      34.09553579
   2238.80314148      34.06338822
   2240.09249863      34.03458510
   2241.30567991      34.00922224
   2242.52982163      33.98734005
   2243.71170057      33.96893349
   2244.93679178      33.95394561
   2246.17204898      33.94227717
   2247.37331323      33.93378736
   2248.53970027      33.92829638
   2249.72012827      33.92557499
   2250.94987428      33.92534256
   2252.23061327      33.92727822
   2253.44679093      33.93103159
   2254.62951349      33.93623447
   2255.82806445      33.94250284
   2257.10036108      33.94943182
   2258.28795489      33.95660861
   2259.50364765      33.96362345
   2260.70442936      33.97008829
   2261.86286226      33.97563435
   2263.09401667      33.97992866
   2264.26813383      33.98267192
   2265.51242651      33.98359401
   2266.66472815      33.98246524
   2267.90108087      33.97910999
   2269.13672515      33.97338831
   2270.52106216      33.96520356
   2271.76359765      33.95451992
   2273.04852780      33.94135868
   2274.27030503      33.92579188
   2275.48380107      33.90792195
   2276.65334234      33.88790724
   2277.95402906      33.86594896
   2279.17189396      33.84229724
   2280.39762274      33.81722477
   2281.59971454      33.79103546
   2282.76927567      33.76408343
   2283.96313638      33.73674407
   2285.18030796      33.70940557
   2286.37993695      33.68245425
   2287.58462484      33.65628293
   2288.79038178      33.63128525
   2290.04011192      33.60784653
   2291.26080118      33.58632751
   2292.45745175      33.56706502
   2293.64486644      33.55035724
   2294.84306577      33.53644592
   2296.04578237      33.52552050
   2297.21732093      33.51772294
   2298.42000917      33.51315492
   2299.61980547      33.51185902
   2300.85921272      33.51383264
   2302.10477295      33.51901453
   2303.32612672      33.52728658
   2304.58228208      33.53848240
   2305.77766981      33.55238580
   2307.49824754      33.56875070
   2309.20335416      33.58728081
   2310.38779609      33.60763827
   2311.58567074      33.62945243
   2312.80811294      33.65233323
   2314.04038509      33.67587766
   2315.25804630      33.69966875
   2316.51244021      33.72327158
   2317.76385334      33.74627046
   2318.96259429      33.76826815
   2320.17893548      33.78888148
   2321.40057943      33.80775390
   2322.65458958      33.82456567
   2323.90104921      33.83906640
   2325.12285810      33.85104853
   2326.32983250      33.86036249
   2327.52775866      33.86689292
   2328.78492211      33.87058372
   2330.05508961      33.87142972
   2331.34779004      33.86944085
   2332.66106537      33.86466255
   2334.44462115      33.85716516
   2335.72869397      33.84705626
   2336.94759155      33.83447422
   2338.14940498      33.81958400
   2339.38568681      33.80257244
   2340.58427416      33.78364091
   2341.75847780      33.76299997
   2342.99086149      33.74086075
   2344.19666664      33.71745296
   2345.39429883      33.69301176
   2346.56912396      33.66777316
   2347.76948173      33.64194890
   2348.94908549      33.61576347
   2350.12134667      33.58941883
   2351.35093814      33.56310008
   2352.57575524      33.53696227
   2353.79334036      33.51114246
   2354.92978666      33.48575745
   2356.13302030      33.46087929
   2357.33012411      33.43656552
   2358.53914778      33.41286576
   2359.75112246      33.38981524
   2360.96790933      33.36743482
   2362.16950820      33.34574119
   2363.35287587      33.32475922
   2364.56113485      33.30451669
   2365.80632503      33.28503544
   2366.99015965      33.26633518
   2368.19270327      33.24846482
   2369.39283608      33.23148908
   2370.59382196      33.21548418
   2371.79539624      33.20051141
   2372.99413483      33.18664712
   2374.16641445      33.17395663
   2375.40300348      33.16249732
   2376.62141426      33.15231003
   2377.82013205      33.14340757
   2378.99850795      33.13580864
   2380.22511296      33.12952934
   2381.45198310      33.12459872
   2382.64807740      33.12103952
   2383.82770384      33.11886497
   2385.03040201      33.11807160
   2386.20460565      33.11864304
   2387.40550835      33.12055856
   2388.60433484      33.12378652
   2389.79089410      33.12829154
   2390.99422699      33.13401652
   2392.25529331      33.14089832
   2393.51117360      33.14884748
   2394.71199359      33.15777396
   2395.89484564      33.16754947
   2397.06452776      33.17803865
   2398.24529274      33.18907899
   2399.45578105      33.20051644
   2400.66862015      33.21217798
   2401.86924353      33.22388985
   2403.04664017      33.23550623
   2404.27975830      33.24689463
   2405.51592623      33.25793066
   2406.72108957      33.26850528
   2407.97047942      33.27852198
   2409.17565977      33.28788585
   2410.37453447      33.29648483
   2411.59359463      33.30423636
   2412.77932208      33.31107128
   2414.00064181      33.31695591
   2415.20525361      33.32184855
   2416.43551619      33.32570893
   2417.65236781      33.32849490
   2418.85885920      33.33018188
   2420.06044766      33.33073202
   2421.28819971      33.33011126
   2422.51158431      33.32830059
   2423.71245959      33.32529715
   2424.94607917      33.32113027
   2426.14557111      33.31584368
   2427.31783513      33.30948470
   2428.49414570      33.30209978
   2429.69777114      33.29373654
   2430.91745515      33.28445609
   2432.09980859      33.27433310
   2433.28673176      33.26345385
   2434.50144479      33.25189889
   2435.66350785      33.23976343
   2436.95469214      33.22715104
   2438.15873065      33.21417922
   2439.35773343      33.20094893
   2440.58132266      33.18757669
   2441.78142239      33.17417669
   2442.93348536      33.16087909
   2444.13308127      33.14779494
   2445.30597340      33.13504807
   2446.48732111      33.12275354
   2447.67168507      33.11104238
   2448.88995548      33.10004159
   2450.11334717      33.08986020
   2451.31352440      33.08058695
   2452.56794998      33.07228167
   2453.87126491      33.06497241
   2455.19823147      33.05865643
   2456.40029302      33.05329865
   2457.65230259      33.04887762
   2458.85483676      33.04532906
   2460.05700323      33.04257286
   2461.25972409      33.04049798
   2462.45816445      33.03898159
   2463.63146870      33.03788791
   2464.86359718      33.03707211
   2466.01219634      33.03638863
   2467.22962739      33.03569149
   2468.46718576      33.03483355
   2469.68439940      33.03367285
   2470.88636926      33.03206656
   2472.17048226      33.02987086
   2473.38716893      33.02694005
   2474.59153875      33.02314958
   2475.77547262      33.01838825
   2476.98117095      33.01257798
   2478.17809139      33.00565288
   2479.38029756      32.99756306
   2480.61522014      32.98827801
   2481.82148751      32.97781515
   2482.97356844      32.96620410
   2484.15809734      32.95349347
   2485.32647078      32.93974957
   2486.50635008      32.92507021
   2487.67974318      32.90956411
   2488.81780725      32.89335714
   2490.02529586      32.87658160
   2491.26095856      32.85939932
   2492.46380277      32.84197699
   2493.63492448      32.82448591
   2494.83532100      32.80708155
   2496.06819385      32.78991337
   2497.29446141      32.77310892
   2498.52465972      32.75677969
   2499.77446169      32.74102736
   2501.00234323      32.72593506
   2502.18665614      32.71156781
   2503.35762614      32.69800183
   2504.53713018      32.68527150
   2505.73960102      32.67341478
   2506.99354264      32.66245686
   2508.19812986      32.65239945
   2509.41021939      32.64323191
   2510.59601112      32.63492519
   2511.81651464      32.62744751
   2513.09985822      32.62074218
   2514.30536845      32.61474910
   2515.50327712      32.60941289
   2516.71946471      32.60466264
   2517.92726572      32.60042629
   2519.12345643      32.59662920
   2520.37614468      32.59321038
   2521.55554285      32.59010539
   2522.77862355      32.58725527
   2524.03485311      32.58459284
   2525.23264741      32.58205526
   2526.41612048      32.57959679
   2527.61903605      32.57719110
   2528.80550976      32.57479835
   2530.02408218      32.57241007
   2531.25450451      32.57003602
   2532.49408662      32.56769002
   2533.67395930      32.56539896
   2534.89318770      32.56319722
   2536.13444761      32.56113385
   2537.35369208      32.55925760
   2538.60324640      32.55762197
   2539.86969913      32.55628421
   2541.06466388      32.55530056
   2542.28532715      32.55473014
   2543.48488808      32.55461421
   2544.68918795      32.55499636
   2545.85459005      32.55590954
   2547.03529501      32.55737717
   2548.26875910      32.55941595
   2549.47184292      32.56204184
   2550.67126113      32.56523759
   2551.87509074      32.56899455
   2553.09207138      32.57328728
   2554.25745884      32.57808787
   2555.47380664      32.58337346
   2556.69474309      32.58911110
   2557.89949855      32.59527879
   2559.13262520      32.60183582
   2560.32021759      32.60874265
   2561.52488752      32.61593944
   2562.70720457      32.62333384
   2563.90838847      32.63083037
   2565.13555353      32.63831539
   2566.33762028      32.64565889
   2567.54004339      32.65270250
   2568.73951831      32.65927564
   2569.96334858      32.66520126
   2571.15392319      32.67029699
   2572.39156994      32.67438923
   2573.60631510      32.67730465
   2574.80530654      32.67886491
   2576.01141416      32.67892517
   2577.21274647      32.67733471
   2578.44661701      32.67394278
   2579.66348281      32.66862455
   2580.87359113      32.66127228
   2582.07683233      32.65181867
   2583.27489650      32.64020876
   2584.43398539      32.62642057
   2585.66149593      32.61043911
   2586.88246262      32.59227247
   2588.08620290      32.57194550
   2589.28622890      32.54949561
   2590.46943730      32.52498997
   2591.67207403      32.49851459
   2592.82793022      32.47018956
   2594.03058633      32.44015541
   2595.24308326      32.40858632
   2596.43032072      32.37568507
   2597.66259003      32.34170439
   2598.86299554      32.30693092
   2600.03117615      32.27167879
   2601.23175416      32.23626211
   2602.48813638      32.20099976
   2603.79787606      32.16621349
   2604.96728406      32.13219728
   2606.15089608      32.09923951
   2607.37129516      32.06759448
   2608.57744437      32.03748956
   2609.82348904      32.00914238
   2611.05783551      31.98272367
   2612.22427170      31.95837653
   2613.41260327      31.93621186
   2614.57924788      31.91632357
   2615.72950356      31.89878474
   2616.93248341      31.88363721
   2618.11716024      31.87090414
   2619.33370134      31.86058108
   2620.57238974      31.85264098
   2621.77260431      31.84704847
   2622.99289657      31.84372673
   2624.17073700      31.84259623
   2625.37207828      31.84356032
   2626.56705579      31.84650594
   2627.76737669      31.85130150
   2629.02188876      31.85776706
   2630.18791992      31.86570328
   2631.38811133      31.87488505
   2632.57512619      31.88508672
   2633.79857553      31.89606464
   2635.04592935      31.90756796
   2636.29409418      31.91935175
   2637.48530068      31.93117639
   2638.65143581      31.94281607
   2639.85655803      31.95404856
   2641.05360512      31.96467180
   2642.25736526      31.97449894
   2643.49486266      31.98336256
   2644.68980093      31.99109741
   2645.91545929      31.99753406
   2647.14923483      32.00250552
   2648.36500085      32.00586509
   2649.55206912      32.00747238
   2650.76856296      32.00719824
   2651.99997873      32.00493624
   2653.16807144      32.00058497
   2654.37330520      31.99406950
   2655.55827552      31.98534151
   2656.77194453      31.97436446
   2657.97393189      31.96114640
   2659.17538235      31.94573293
   2660.36185133      31.92821236
   2661.56622776      31.90870997
   2662.75060070      31.88738626
   2663.93333837      31.86444247
   2665.15212299      31.84011590
   2666.30546392      31.81467982
   2667.52812069      31.78844047
   2668.77866183      31.76172791
   2669.92940573      31.73490662
   2671.18807683      31.70835400
   2672.41586668      31.68247076
   2673.66300263      31.65767013
   2674.85475500      31.63437741
   2676.08563435      31.61304507
   2677.26688706      31.59414245
   2678.43974611      31.57768521
   2679.65518130      31.56494711
   2680.87485869      31.55639703
   2682.08112700      31.55250400
   2683.30019188      31.55373677
   2684.49753341      31.56056463
   2685.67119118      31.57345648
   2686.87305755      31.59288121
   2688.07717734      31.61930798
   2689.27132446      31.65320553
   2690.46089948      31.69504303
   2691.67526986      31.74528923
   2692.87902480      31.80441343
   2694.03401044      31.87288439
   2695.31351967      31.95117126
   2696.51728642      32.03974279
   2697.78566270      32.13906815
   2699.00892158      32.24961623
   2700.21251820      32.37185605
