      0.47668535      22.80691601
      1.75039794      22.70571885
      3.00683687      22.61296332
      4.17251829      22.52834379
      5.39146407      22.45155461
      6.62400325      22.38229029
      7.82781727      22.32024520
      9.01244399      22.26511370
     10.23018271      22.21659043
     11.43323818      22.17436948
     12.61801851      22.13814549
     13.82193933      22.10761283
     15.03596140      22.08246585
     16.22262605      22.06239908
     17.42467389      22.04710685
     18.62576753      22.03628370
     19.83283740      22.02962383
     21.10831333      22.02682174
     22.26304800      22.02757196
     23.51165520      22.03156883
     24.75039983      22.03798621
     25.96773352      22.04676066
     27.14875560      22.05758238
     28.36893302      22.07016140
     29.55372894      22.08422374
     30.80678016      22.09950646
     31.98110148      22.11577716
     33.22535824      22.13282553
     34.42682997      22.15046289
     35.61728642      22.16852080
     36.81081583      22.18684653
     38.03082169      22.20530774
     39.26483685      22.22379010
     40.51698111      22.24219392
     41.66697544      22.26042932
     42.92003705      22.27842194
     44.11689179      22.29610877
     45.35734635      22.31343675
     46.57176683      22.33036575
     47.76080874      22.34686772
     48.97727423      22.36288110
     50.20978553      22.37836893
     51.46396204      22.39330086
     52.68296217      22.40763992
     53.88212895      22.42135649
     55.07332694      22.43441878
     56.28483988      22.44681184
     57.51846466      22.45851250
     58.71907764      22.46950178
     59.92358971      22.47975422
     61.12423625      22.48924436
     62.30745789      22.49792302
     63.52620281      22.50574748
     64.72747651      22.51266927
     65.91858517      22.51864552
     67.13201363      22.52363553
     68.30102369      22.52759343
     69.53521986      22.53047102
     70.73492589      22.53222445
     72.07024311      22.53282882
     73.29429741      22.53226788
     74.49689822      22.53053373
     75.72509925      22.52762047
     76.94311398      22.52353600
     78.18063217      22.51832234
     79.39531542      22.51201873
     80.62082349      22.50467221
     81.84454081      22.49633400
     83.00891449      22.48705888
     84.20972314      22.47690453
     85.42994121      22.46592848
     86.68350048      22.45418554
     87.90102889      22.44174056
     89.13996966      22.42866935
     90.32186041      22.41505490
     91.50793381      22.40099630
     92.68977636      22.38660762
     93.88872148      22.37200909
     95.09253597      22.35732469
     96.29508999      22.34270487
     97.50912008      22.32830439
     98.71658034      22.31428218
     99.88744069      22.30080911
    101.09041297      22.28805577
    102.34196032      22.27620136
    103.52597690      22.26539575
    104.72686684      22.25578996
    105.94777539      22.24751834
    107.15369066      22.24070112
    108.38118939      22.23543783
    109.61816549      22.23183016
    110.84087472      22.22995318
    112.05317457      22.22986732
    113.23752765      22.23160204
    114.43667741      22.23515980
    115.62447634      22.24052219
    116.80919334      22.24764606
    118.01201108      22.25646984
    119.21372904      22.26690279
    120.48538480      22.27883991
    121.73015672      22.29216210
    122.92986133      22.30674668
    124.11101102      22.32245902
    125.31355701      22.33913085
    126.53232650      22.35657850
    127.73307985      22.37459773
    128.91364255      22.39296991
    130.13630924      22.41146852
    131.34404456      22.42987536
    132.54350058      22.44797599
    133.74370664      22.46558430
    135.04144233      22.48252034
    136.22428918      22.49862980
    137.41528206      22.51377532
    138.64313666      22.52783003
    139.89652627      22.54067974
    141.09570202      22.55223456
    142.25164329      22.56244241
    143.50351154      22.57125440
    144.80190086      22.57864263
    146.00462739      22.58460435
    147.23754797      22.58916360
    148.49394531      22.59236322
    149.69431915      22.59425185
    150.91337269      22.59491245
    152.12740987      22.59444472
    153.40058085      22.59296184
    154.64944326      22.59059369
    155.81882054      22.58748511
    156.97479347      22.58378654
    158.25411885      22.57965777
    159.50807182      22.57525688
    160.72541307      22.57075157
    161.90926848      22.56630998
    163.11371392      22.56209995
    164.31162353      22.55830142
    165.54455026      22.55509604
    166.73458892      22.55266820
    167.94803344      22.55118360
    169.18492778      22.55079569
    170.38719162      22.55163651
    171.63607908      22.55380503
    172.82188687      22.55738293
    174.05486464      22.56243105
    175.26764798      22.56900088
    176.48888548      22.57713271
    177.72892933      22.58684881
    178.95929684      22.59814962
    180.19762936      22.61102537
    181.37069068      22.62542613
    182.58247396      22.64128360
    183.78669253      22.65848962
    184.98802059      22.67691789
    186.15570117      22.69642748
    187.35935545      22.71686936
    188.60780857      22.73809296
    189.77340917      22.75992682
    191.01304611      22.78221188
    192.24609288      22.80479898
    193.44976795      22.82753955
    194.71751423      22.85028026
    195.92604212      22.87287599
    197.16354472      22.89520074
    198.41359056      22.91714147
    199.63411536      22.93858527
    200.91815887      22.95944556
    202.11929079      22.97965329
    203.27279430      22.99915540
    204.47414504      23.01790772
    205.65788324      23.03587819
    206.85883888      23.05305342
    208.06217413      23.06942537
    209.30988478      23.08500007
    210.51272473      23.09979406
    211.71571403      23.11382361
    212.89885958      23.12709934
    214.13769637      23.13961767
    215.33876070      23.15138305
    216.52235996      23.16239578
    217.72238832      23.17264994
    218.94511456      23.18214901
    220.14818184      23.19090045
    221.34852496      23.19892195
    222.58148194      23.20622373
    223.78605167      23.21280968
    224.98576715      23.21869172
    226.20774193      23.22388065
    227.44205673      23.22837791
    228.69187761      23.23218938
    229.90738936      23.23532069
    231.06090232      23.23780275
    232.29673895      23.23967613
    233.49947020      23.24099706
    234.84498696      23.24183745
    236.05848300      23.24227556
    237.30659300      23.24241004
    238.55915695      23.24234906
    239.71604013      23.24220695
    240.96471681      23.24210843
    242.15056052      23.24219228
    243.41806152      23.24261284
    244.62051440      23.24353018
    245.80478524      23.24510382
    247.05759637      23.24751325
    248.25930629      23.25092718
    249.46347572      23.25549894
    250.72790470      23.26136487
    251.97993364      23.26864695
    253.28155330      23.27745376
    254.51729351      23.28786499
    255.77349377      23.29994608
    257.08589665      23.31373342
    258.28842609      23.32924181
    259.48855323      23.34645588
    260.62347487      23.36534383
    261.82447681      23.38586943
    263.02321965      23.40797096
    264.19384511      23.43156789
    265.39659432      23.45657074
    266.63133164      23.48287684
    267.83554360      23.51036823
    269.05620640      23.53890095
    270.25718424      23.56832411
    271.45556931      23.59848469
    272.64210825      23.62920907
    273.84407575      23.66030281
    275.04802777      23.69156196
    276.24981946      23.72278515
    277.46573152      23.75378022
    278.71868442      23.78434510
    279.89970840      23.81427670
    281.19985113      23.84337884
    282.40099722      23.87146914
    283.58504074      23.89838147
    284.82607237      23.92396899
    286.05619270      23.94809981
    287.27349330      23.97065729
    288.45787994      23.99155482
    289.70769562      24.01073173
    290.93472787      24.02813781
    292.13468769      24.04374099
    293.43426707      24.05752775
    294.61744900      24.06949579
    295.78821011      24.07965690
    297.07171201      24.08804488
    298.28439231      24.09472028
    299.48792843      24.09976984
    300.68914967      24.10330071
    301.87258068      24.10545499
    303.08946868      24.10638729
    304.29519349      24.10628186
    305.52888065      24.10534567
    306.72322769      24.10381188
    307.89544965      24.10192570
    309.08092708      24.09993007
    310.27992230      24.09807453
    311.48738019      24.09661078
    312.65915695      24.09578520
    313.88670671      24.09582676
    315.08577519      24.09694446
    316.25116075      24.09932944
    317.49093238      24.10314192
    318.70797777      24.10849410
    319.88895306      24.11546436
    321.09165879      24.12411842
    322.33079522      24.13450117
    323.53069361      24.14662843
    324.69942530      24.16047919
    325.93470660      24.17601031
    327.15046222      24.19315880
    328.39996172      24.21184150
    329.60702639      24.23194424
    330.82338034      24.25333252
    332.00807276      24.27584354
    333.21097747      24.29930095
    334.45751035      24.32352109
    335.66070098      24.34830302
    336.83327032      24.37342598
    338.03246971      24.39867493
    339.26848829      24.42383628
    340.42564418      24.44871099
    341.62113589      24.47310300
    342.77289166      24.49684548
    343.97558085      24.51979877
    345.17800064      24.54185471
    346.39257850      24.56293764
    347.57864718      24.58300413
    348.77893170      24.60203247
    350.02746800      24.62004277
    351.24830378      24.63708324
    352.43005369      24.65321772
    353.65235127      24.66852203
    354.85493743      24.68308029
    356.10395675      24.69698585
    357.35402386      24.71035133
    358.60508914      24.72330259
    359.80661427      24.73595741
    360.98847997      24.74843058
    362.15800093      24.76084204
    363.33725211      24.77331161
    364.56057574      24.78595349
    365.76306738      24.79889769
    366.94211865      24.81228245
    368.16412935      24.82622987
    369.36807758      24.84085127
    370.56829593      24.85624345
    371.80051657      24.87248379
    373.01860502      24.88962623
    374.22243653      24.90770486
    375.40485046      24.92672471
    376.55844660      24.94667096
    377.83147107      24.96750895
    379.03734380      24.98919294
    380.25936726      25.01165462
    381.47606953      25.03480525
    382.70988194      25.05853464
    383.91255222      25.08272874
    385.14545154      25.10725855
    386.36856674      25.13199359
    387.57181787      25.15679825
    388.75040456      25.18156106
    389.96913766      25.20618205
    391.22161985      25.23057651
    392.40529992      25.25466461
    393.66300735      25.27836999
    394.85897357      25.30162460
    396.00945091      25.32436718
    397.20768286      25.34653156
    398.41045144      25.36804843
    399.61571450      25.38886269
    400.79308326      25.40893464
    401.96517572      25.42825811
    403.17928711      25.44685927
    404.41464119      25.46476732
    405.63246167      25.48201749
    406.81874586      25.49866774
    408.04779902      25.51480395
    409.27153667      25.53051601
    410.53993138      25.54590748
    411.72315396      25.56110074
    412.89495056      25.57621922
    414.09613116      25.59137653
    415.29430119      25.60668327
    416.49733681      25.62223669
    417.68222111      25.63810552
    418.86888434      25.65434874
    420.12192799      25.67100820
    421.30422047      25.68810534
    422.50667713      25.70565539
    423.82512902      25.72366599
    424.98204057      25.74212461
    426.21367752      25.76099631
    427.40093295      25.78023406
    428.60310698      25.79977313
    429.83784619      25.81953988
    431.01772501      25.83945650
    432.24179963      25.85945251
    433.44719880      25.87946262
    434.66339254      25.89943246
    435.84525115      25.91930780
    437.04740959      25.93901688
    438.21755818      25.95847756
    439.45038235      25.97759952
    440.65576498      25.99628870
    441.94864406      26.01443709
    443.13046628      26.03194529
    444.35375919      26.04873376
    445.55810774      26.06474887
    446.75964091      26.07995120
    447.99232801      26.09431975
    449.19945649      26.10782964
    450.40464440      26.12045080
    451.65084409      26.13217749
    452.83936471      26.14301618
    454.05771547      26.15299046
    455.27228482      26.16212865
    456.51165520      26.17048442
    457.74661559      26.17811471
    458.94688026      26.18507936
    460.19684245      26.19143302
    461.39666191      26.19722977
    462.55547432      26.20251952
    463.78388945      26.20734672
    465.09598938      26.21177997
    466.32472021      26.21589076
    467.51947842      26.21976581
    468.73680833      26.22351112
    469.93564758      26.22723285
    471.13976785      26.23103196
    472.32285857      26.23501344
    473.54197970      26.23928388
    474.75776840      26.24394438
    475.97631057      26.24910584
    477.17884804      26.25488835
    478.38342108      26.26141490
    479.59933928      26.26880600
    480.83965111      26.27717341
    482.05345861      26.28660790
    483.27071951      26.29717345
    484.46919910      26.30892589
    485.67100308      26.32190217
    486.86519037      26.33613408
    488.14642655      26.35164320
    489.35641246      26.36847252
    490.56575467      26.38665859
    491.78161569      26.40623592
    493.01865890      26.42722579
    494.20082566      26.44964317
    495.39974431      26.47349137
    496.65505511      26.49877469
    497.86250638      26.52550566
    499.07414834      26.55368700
    500.26324697      26.58331829
    501.50900854      26.61438858
    502.71291708      26.64687704
    503.93065391      26.68073920
    505.11285186      26.71592302
    506.31755818      26.75234952
    507.57787634      26.78992349
    508.79252935      26.82854181
    510.00878500      26.86809372
    511.21282162      26.90847438
    512.48148903      26.94955260
    513.71626794      26.99118947
    514.91864283      27.03322747
    516.11946991      27.07547949
    517.32074976      27.11774344
    518.52303533      27.15980849
    519.69611462      27.20145340
    520.88027298      27.24245555
    522.06512420      27.28259629
    523.25222886      27.32165243
    524.45254740      27.35940690
    525.63458703      27.39564528
    526.85527724      27.43015410
    528.03706826      27.46272137
    529.24044038      27.49315882
    530.45872497      27.52130521
    531.70991928      27.54703584
    532.91188820      27.57027176
    534.14733964      27.59097311
    535.37016891      27.60915299
    536.60205588      27.62484592
    537.81712715      27.63813431
    538.97423200      27.64913035
    540.19034066      27.65797830
    541.37479347      27.66485147
    542.57365541      27.66995511
    543.77178904      27.67352007
    545.01110554      27.67579444
    546.22870579      27.67703986
    547.46130404      27.67753175
    548.66259996      27.67754916
    549.86527780      27.67737052
    551.08682109      27.67726783
    552.28887602      27.67749752
    553.49140641      27.67831433
    554.72388226      27.67996980
    555.92542016      27.68269825
    557.09890069      27.68671540
    558.30008176      27.69219256
    559.53090913      27.69927760
    560.75081763      27.70808239
    561.98258030      27.71869470
    563.18504168      27.73118167
    564.40569314      27.74558992
    565.59098248      27.76193497
    566.76063765      27.78020503
    568.01275876      27.80035739
    569.21275403      27.82232732
    570.41551789      27.84603557
    571.59311492      27.87137426
    572.84806133      27.89821512
    574.02216903      27.92641688
    575.21473760      27.95584278
    576.45779392      27.98634265
    577.72183678      28.01776576
    578.90299308      28.04995462
    580.08979999      28.08274655
    581.29151228      28.11597414
    582.59632541      28.14945660
    583.81062915      28.18302277
    585.03279250      28.21649228
    586.23371836      28.24969284
    587.43679935      28.28246463
    588.68586876      28.31466097
    589.91834934      28.34614880
    591.78168185      28.37680588
    592.93461491      28.40652418
    594.13238416      28.43521166
    595.31829593      28.46278374
    596.51642248      28.48917253
    597.73656493      28.51432958
    598.88903860      28.53823573
    600.06890277      28.56090295
    601.27100923      28.58236616
    602.44240222      28.60268076
    603.62280895      28.62191520
    604.78822476      28.64014830
    606.05068577      28.65748822
    607.23183498      28.67406210
    608.41167552      28.69001737
    609.64548557      28.70550650
    610.84782455      28.72068653
    612.07604070      28.73570950
    613.24677817      28.75073190
    614.46460858      28.76590949
    615.72689330      28.78140034
    616.92972853      28.79734310
    618.14294572      28.81386060
    619.31071894      28.83106029
    620.46554767      28.84903996
    621.69412254      28.86788333
    622.86265762      28.88764993
    624.06607275      28.90838796
    625.21674764      28.93012690
    626.41952663      28.95286962
    627.60272842      28.97659370
    628.80207195      29.00125654
    629.95610668      29.02680566
    631.16071564      29.05317403
    632.36037866      29.08028831
    633.57857156      29.10805786
    634.79347222      29.13637383
    636.01247566      29.16510848
    637.17903095      29.19412490
    638.41945999      29.22328197
    639.68847808      29.25243042
    640.85828213      29.28141059
    642.06263588      29.31007722
    643.26265478      29.33829811
    644.46663516      29.36595476
    645.66820472      29.39294146
    646.85330170      29.41915536
    648.06801993      29.44450268
    649.29479460      29.46889988
    650.49244381      29.49228451
    651.66197469      29.51460538
    652.86165756      29.53582035
    654.03152116      29.55589835
    655.19832316      29.57482255
    656.38212895      29.59259093
    657.55177184      29.60920984
    658.80296614      29.62469910
    659.95531977      29.63908721
    661.14483477      29.65241084
    662.34104817      29.66471846
    663.55819375      29.67608054
    664.73323865      29.68658526
    665.91197469      29.69634926
    667.12154234      29.70550198
    668.33840624      29.71418208
    669.51696363      29.72253152
    670.72321871      29.73068678
    671.92261801      29.73878049
    673.14199907      29.74694554
    674.28929665      29.75532244
    675.52571696      29.76405144
    676.70923209      29.77326400
    677.92778229      29.78307359
    679.08026637      29.79357356
    680.32066989      29.80483899
    681.48346929      29.81693403
    682.65500785      29.82991765
    683.85849245      29.84383472
    685.05809025      29.85871084
    686.28939448      29.87456414
    687.54797295      29.89142137
    688.74035531      29.90929547
    689.94288239      29.92818371
    691.12748596      29.94806639
    692.29381770      29.96890610
    693.49363953      29.99066187
    694.70859264      30.01328622
    695.92835132      30.03671774
    697.08421697      30.06087388
    698.24917528      30.08567063
    699.43308883      30.11101896
    700.63287568      30.13682525
    701.85341371      30.16297946
    703.09071828      30.18937200
    704.34012090      30.21590707
    705.53877110      30.24250068
    706.74295943      30.26908853
    707.95923965      30.29562634
    709.14150472      30.32207741
    710.36208811      30.34842953
    711.53429353      30.37468299
    712.71436707      30.40082526
    713.91372526      30.42684139
    715.17002713      30.45271240
    716.38618873      30.47842420
    717.58979621      30.50397447
    718.77181598      30.52936451
    720.04380305      30.55460167
    721.27667212      30.57968392
    722.47783570      30.60461083
    723.67739049      30.62938371
    724.85560287      30.65400873
    726.07775394      30.67849308
    727.23134535      30.70285748
    728.44608910      30.72712939
    730.09461312      30.75133457
    731.27747368      30.77550279
    732.48004613      30.79967115
    733.68080231      30.82387762
    734.88274288      30.84814911
    736.08786699      30.87250214
    737.25335085      30.89694536
    738.51048831      30.92148250
    739.84318440      30.94610838
    741.01079929      30.97080790
    742.21260327      30.99555561
    743.39458192      31.02031683
    744.59427614      31.04506381
    745.81865087      31.06975902
    747.04382952      31.09436879
    748.24092434      31.11886163
    749.43438522      31.14323106
    750.66904834      31.16748328
    751.87148515      31.19162215
    753.09524689      31.21565229
    754.32696325      31.23956765
    755.52742169      31.26336062
    756.72832958      31.28703205
    757.91508828      31.31055476
    759.13216581      31.33388474
    760.34675218      31.35697984
    761.50438021      31.37979937
    762.73439987      31.40230679
    763.97046808      31.42446930
    765.21619421      31.44625312
    766.38819167      31.46762917
    767.57493903      31.48857489
    768.79219143      31.50908970
    769.99360313      31.52917877
    771.22649678      31.54885160
    772.42995538      31.56813106
    773.65091688      31.58705770
    774.83304772      31.60567555
    776.05332864      31.62402457
    777.23583237      31.64215756
    778.40335605      31.66012702
    779.60250014      31.67797984
    780.81910883      31.69575959
    782.04161531      31.71349446
    783.26427917      31.73121797
    784.48367299      31.74896392
    785.66106490      31.76676640
    786.86547630      31.78467386
    788.08584891      31.80273422
    789.28979384      31.82100299
    790.53553840      31.83954993
    791.74339093      31.85844306
    792.94059446      31.87775948
    794.13933163      31.89757700
    795.32414551      31.91797416
    796.54410316      31.93901049
    797.76838904      31.96072210
    798.96616916      31.98313301
    800.18412481      32.00625185
    801.40390712      32.03009127
    802.57395174      32.05464782
    803.77260242      32.07989706
    805.00484716      32.10581525
    806.22787115      32.13237434
    807.45390334      32.15955074
    808.65252850      32.18732073
    809.86218925      32.21566302
    811.06962351      32.24455919
    812.23677666      32.27398969
    813.43786273      32.30394272
    814.64009490      32.33441196
    815.89477617      32.36538200
    817.11035692      32.39683762
    818.31163393      32.42877176
    819.51938342      32.46116528
    820.74668176      32.49397850
    821.94707309      32.52715532
    823.14711279      32.56064037
    824.35498374      32.59435411
    825.53890627      32.62821354
    826.69127172      32.66212490
    827.89481634      32.69598275
    829.11725570      32.72969879
    830.32415260      32.76317291
    831.55495208      32.79631521
    832.75703821      32.82904314
    834.02294270      32.86127256
    835.22543906      32.89293068
    836.47412613      32.92393885
    837.67391440      32.95420600
    838.83044076      32.98364139
    840.02904843      33.01215023
    841.22983156      33.03962292
    842.45056430      33.06595131
    843.63369520      33.09102234
    844.83649640      33.11474196
    846.01973789      33.13702198
    847.24004669      33.15779611
    848.46607700      33.17699488
    849.71067452      33.19456449
    850.91448712      33.21046972
    852.16866788      33.22469400
    853.40171229      33.23725160
    854.67106688      33.24816120
    855.85084504      33.25745904
    857.05393406      33.26519217
    858.27533603      33.27141624
    859.45568700      33.27620489
    860.76011069      33.27963652
    862.01213679      33.28178533
    863.21805395      33.28273532
    864.41448948      33.28257107
    865.65272605      33.28135916
    866.83820869      33.27916217
    868.00811105      33.27605315
    869.21212970      33.27211956
    870.44534047      33.26745015
    871.66115092      33.26214716
    872.94435176      33.25630380
    874.11655009      33.25002393
    875.29338337      33.24343223
    876.49709766      33.23664795
    877.70372516      33.22981994
    878.92061837      33.22309045
    880.10334565      33.21660116
    881.30382867      33.21048856
    882.52529066      33.20488137
    883.74382290      33.19990588
    884.94709152      33.19569039
    886.19740486      33.19235513
    887.40319489      33.19001460
    888.64925232      33.18879938
    889.85156861      33.18881751
    891.06864378      33.19018460
    892.30529283      33.19299618
    893.53712734      33.19735148
    894.73830605      33.20333348
    895.98657154      33.21102749
    897.17549010      33.22050555
    898.37554493      33.23182851
    899.57746659      33.24504024
    900.77970537      33.26014592
    902.04535938      33.27714999
    903.22517440      33.29602759
    904.42866467      33.31673168
    905.68598645      33.33919652
    906.90329934      33.36333008
    908.13581063      33.38901857
    909.33588341      33.41613773
    910.52334253      33.44453295
    911.77605535      33.47402759
    913.04056185      33.50445138
    914.24206193      33.53563487
    915.42581054      33.56740302
    916.69523224      33.59956585
    917.89379454      33.63193924
    919.04846116      33.66434010
    920.22755118      33.69660806
    921.48226743      33.72858966
    922.70390476      33.76013071
    923.90130868      33.79109300
    925.10578672      33.82132563
    926.30688413      33.85069817
    927.55878216      33.87909611
    928.73886752      33.90642023
    929.94348923      33.93257933
    931.19745401      33.95750136
    932.41627692      33.98112518
    933.61317561      34.00341096
    934.80490812      34.02432590
    936.02130650      34.04383735
    937.25233095      34.06194589
    938.45507496      34.07865613
    939.67608513      34.09400286
    940.87638713      34.10802938
    942.07831588      34.12079697
    943.26125584      34.13237149
    944.46122984      34.14283651
    945.64619024      34.15228408
    946.88250279      34.16081302
    948.08884956      34.16855032
    949.29986247      34.17561234
    950.53952871      34.18212838
    951.81004830      34.18823508
    953.06151530      34.19406722
    954.24819035      34.19976157
    955.51702885      34.20546008
    956.74532724      34.21129869
    958.02105696      34.21742467
    959.19719171      34.22399839
    960.41616018      34.23116598
    961.63219937      34.23906695
    962.82453589      34.24783738
    964.03919740      34.25763000
    965.25713604      34.26857857
    966.46070996      34.28079874
    967.69565098      34.29437609
    968.91217744      34.30937849
    970.11514122      34.32585385
    971.30068435      34.34382403
    972.55031382      34.36330355
    973.74976180      34.38427358
    974.92073653      34.40668578
    976.12418237      34.43046451
    977.35796643      34.45551541
    978.53618636      34.48170342
    979.77917179      34.50887364
    980.96890041      34.53684542
    982.16880636      34.56543207
    983.42863631      34.59444000
    984.71984848      34.62365950
    985.92991805      34.65289267
    987.11699482      34.68194677
    988.34066393      34.71064388
    989.57005927      34.73881242
    990.77260761      34.76629906
    992.04416035      34.79295797
    993.22834093      34.81865754
    994.42517487      34.84328673
    995.62647220      34.86674356
    996.82032913      34.88895210
    998.06687856      34.90984878
    999.25072263      34.92939590
   1000.49381392      34.94759204
   1001.71057527      34.96446480
   1002.89661276      34.98005733
   1004.09644356      34.99443955
   1005.34981426      35.00769773
   1006.60078076      35.01993588
   1007.82750392      35.03128632
   1009.02663762      35.04190351
   1010.27974885      35.05195732
   1011.54656030      35.06159964
   1012.77931593      35.07098436
   1013.96756716      35.08025934
   1015.23163554      35.08957962
   1016.43501569      35.09908933
   1017.63268947      35.10892495
   1018.83672656      35.11921105
   1020.09055712      35.13004528
   1021.31341664      35.14150589
   1022.55753871      35.15364753
   1023.80636804      35.16651220
   1025.01064333      35.18011716
   1026.20720504      35.19447923
   1027.46125300      35.20959871
   1028.66172184      35.22546884
   1029.91796747      35.24207595
   1031.09893000      35.25940364
   1032.31723018      35.27743984
   1033.50350587      35.29616541
   1034.70358858      35.31554238
   1035.87530578      35.33550517
   1037.05654999      35.35597683
   1038.27579589      35.37686531
   1039.47673923      35.39807323
   1040.76193688      35.41949776
   1041.96222045      35.44102886
   1043.18231421      35.46255551
   1044.43553415      35.48396853
   1045.63462720      35.50517602
   1046.81936074      35.52608405
   1048.08738492      35.54660073
   1049.32209672      35.56663371
   1050.52803373      35.58611266
   1051.78230145      35.60498335
   1052.97077575      35.62321300
   1054.18539804      35.64078304
   1055.38890343      35.65768213
   1056.60483676      35.67390694
   1057.84244192      35.68945230
   1059.02317665      35.70432684
   1060.24357809      35.71854724
   1061.46308723      35.73215479
   1062.64983978      35.74518558
   1063.89904579      35.75767903
   1065.16665076      35.76967526
   1066.38440791      35.78121339
   1067.58747141      35.79233355
   1068.83445517      35.80308753
   1070.03618069      35.81354464
   1071.28270223      35.82376198
   1072.52175029      35.83379465
   1073.68793410      35.84369543
   1074.88851400      35.85352070
   1076.05667855      35.86332439
   1077.29007411      35.87315211
   1078.52858574      35.88303333
   1079.79662174      35.89296690
   1080.99851031      35.90292133
   1082.15284657      35.91284958
   1083.40393690      35.92270591
   1084.60380315      35.93243640
   1085.80613504      35.94198522
   1087.01699860      35.95128192
   1088.25832136      35.96025371
   1089.46290905      35.96883658
   1090.66350596      35.97696653
   1091.86298939      35.98458560
   1093.11466907      35.99164244
   1094.32918171      35.99810829
   1095.51536902      36.00395811
   1096.72049502      36.00919595
   1097.87524151      36.01383171
   1099.07737159      36.01788885
   1100.32224228      36.02139886
   1101.52405855      36.02440590
   1102.74611604      36.02696865
   1103.94658062      36.02914809
   1105.14878301      36.03102061
   1106.39793183      36.03267450
   1107.63563435      36.03421534
   1108.89142673      36.03573691
   1110.10694699      36.03734277
   1111.30937388      36.03914107
   1112.54349632      36.04123004
   1113.74146927      36.04371182
   1114.94396610      36.04669052
   1116.21279657      36.05025936
   1117.51503157      36.05448363
   1118.75010019      36.05942517
   1120.01355181      36.06513606
   1121.21973600      36.07164994
   1122.45152750      36.07897992
   1123.66669754      36.08711131
   1124.90254788      36.09599320
   1126.14023574      36.10554649
   1127.37799544      36.11568444
   1128.58875173      36.12632091
   1129.77566025      36.13736009
   1130.92715844      36.14868723
   1132.15915931      36.16018020
   1133.36506796      36.17169776
   1134.54277747      36.18310947
   1135.74170322      36.19428313
   1136.94426574      36.20507940
   1138.14610186      36.21536808
   1139.34632304      36.22503514
   1140.56621926      36.23396464
   1141.81928701      36.24203907
   1143.06822031      36.24915632
   1144.21854217      36.25521772
   1145.45226761      36.26014013
   1146.64245893      36.26385553
   1147.82429580      36.26630941
   1149.00829017      36.26745918
   1150.21288306      36.26727493
   1151.41259665      36.26575451
   1152.61403435      36.26291892
   1153.81630196      36.25880828
   1155.03326985      36.25346933
   1156.23660416      36.24697026
   1157.42079655      36.23938715
   1158.61923502      36.23080715
   1159.82361712      36.22133700
   1160.99565902      36.21108484
   1162.19912802      36.20016503
   1163.41069390      36.18869220
   1164.69604893      36.17678587
   1165.94886997      36.16456426
   1167.19920648      36.15215006
   1168.40046505      36.13965748
   1169.61587047      36.12719021
   1170.84950470      36.11484879
   1172.03700257      36.10273333
   1173.30734682      36.09094896
   1174.49612596      36.07958184
   1175.69633580      36.06869555
   1176.89383613      36.05833494
   1178.06782568      36.04854233
   1179.29091678      36.03933164
   1180.48931556      36.03071425
   1181.69258465      36.02268124
   1182.92600384      36.01520931
   1184.12723878      36.00826897
   1185.37604779      36.00182354
   1186.56061591      35.99580975
   1187.74664442      35.99015525
   1188.94856041      35.98478279
   1190.23052205      35.97961227
   1191.43732584      35.97456343
   1192.66553349      35.96955615
   1193.85275063      35.96451105
   1195.10751035      35.95936412
   1196.34064739      35.95407020
   1197.55762331      35.94860928
   1198.79313146      35.94297822
   1199.99523839      35.93718492
   1201.21703925      35.93125541
   1202.41632512      35.92523544
   1203.61887536      35.91917778
   1204.81924022      35.91315248
   1206.02228576      35.90723592
   1207.19728435      35.90152302
   1208.44699699      35.89612309
   1209.62636586      35.89115364
   1210.85061109      35.88674427
   1212.10142636      35.88304081
   1213.30404749      35.88019414
   1214.50868008      35.87834564
   1215.72415827      35.87764160
   1216.91288400      35.87821965
   1218.14892291      35.88019989
   1219.40347326      35.88369048
   1220.63387999      35.88876723
   1221.85057754      35.89548794
   1223.00821266      35.90389217
   1224.18792512      35.91399374
   1225.38990964      35.92576056
   1226.57490406      35.93914215
   1227.76165000      35.95405006
   1228.94365465      35.97036577
   1230.16370966      35.98794516
   1231.36661578      36.00662572
   1232.53967900      36.02620836
   1233.74048386      36.04647967
   1234.97246488      36.06722072
   1236.14598938      36.08820240
   1237.33953580      36.10918709
   1238.49231006      36.12992829
   1239.64548462      36.15019024
   1240.84412349      36.16975189
   1241.99632871      36.18839980
   1243.20237017      36.20593719
   1244.39923720      36.22217106
   1245.63236715      36.23692580
   1246.83368338      36.25004432
   1248.07597879      36.26138685
   1249.29404172      36.27081975
   1250.49498554      36.27824062
   1251.69280630      36.28357353
   1252.86245534      36.28677459
   1254.01360663      36.28782037
   1255.21879596      36.28672555
   1256.42340917      36.28353081
   1257.59079910      36.27830477
   1258.77400656      36.27113445
   1260.04600214      36.26213375
   1261.28356287      36.25144479
   1262.50128174      36.23922332
   1263.69935393      36.22563994
   1264.90538830      36.21088463
   1266.15276528      36.19514784
   1267.37111982      36.17862947
   1268.60898539      36.16153593
   1269.79093285      36.14406959
   1271.01145434      36.12643237
   1272.26337930      36.10883788
   1273.51412746      36.09150342
   1274.71121047      36.07466245
   1275.95061487      36.05855961
   1277.16861211      36.04344616
   1278.35349878      36.02955081
   1279.57712914      36.01710224
   1280.80623050      36.00632166
   1282.02455385      35.99740237
   1283.30214662      35.99052115
   1284.54022676      35.98583778
   1285.74650878      35.98350688
   1286.97739191      35.98364668
   1288.20163289      35.98634636
   1289.41619704      35.99166574
   1290.60441802      35.99961936
   1291.79053491      36.01019096
   1292.99044984      36.02332042
   1294.19013602      36.03890303
   1295.36006343      36.05678389
   1296.54058217      36.07678839
   1297.72722602      36.09870467
   1298.99900892      36.12229368
   1300.20194434      36.14729899
   1301.37181645      36.17345377
   1302.57277587      36.20045873
   1303.77341957      36.22800953
   1304.97566214      36.25579865
   1306.18559181      36.28352448
   1307.37451888      36.31088585
   1308.56109373      36.33758273
   1309.78253493      36.36331940
   1310.99360502      36.38782001
   1312.19240552      36.41082148
   1313.41764892      36.43209283
   1314.66738520      36.45144061
   1315.90044710      36.46870329
   1317.10147504      36.48376265
   1318.32332883      36.49654706
   1319.55767718      36.50702575
   1320.72467106      36.51520906
   1321.92793164      36.52113742
   1323.14612407      36.52487425
   1324.36231308      36.52650053
   1325.57942653      36.52614009
   1327.13481247      36.52393849
   1328.93764769      36.52006114
   1330.15196467      36.51470091
   1331.37046619      36.50806837
   1332.56927425      36.50037192
   1333.77303817      36.49181062
   1334.99423739      36.48258713
   1336.17143174      36.47289879
   1337.43519292      36.46292480
   1338.69270044      36.45283661
   1339.88366779      36.44279344
   1341.11271717      36.43293883
   1342.29581403      36.42340367
   1343.51374180      36.41431797
   1344.68336248      36.40579163
   1345.88588909      36.39793020
   1347.07246772      36.39082504
   1348.28639195      36.38455077
   1349.47510634      36.37915113
   1350.67399191      36.37467243
   1351.89334509      36.37114731
   1353.09508715      36.36859578
   1354.33523073      36.36702013
   1355.55226809      36.36640541
   1356.80195191      36.36672169
   1358.05372327      36.36792913
   1359.20351769      36.36997568
   1360.43450243      36.37279560
   1361.63752434      36.37630849
   1362.81100488      36.38041611
   1364.03775923      36.38500656
   1365.20984271      36.38994998
   1366.39688640      36.39510065
   1367.61433068      36.40031417
   1368.81675709      36.40544011
   1370.00103409      36.41032987
   1371.17909570      36.41484611
   1372.38289222      36.41885852
   1373.58497552      36.42223908
   1374.80663176      36.42487130
   1376.00619789      36.42665292
   1377.21135934      36.42748799
   1378.41282303      36.42727886
   1379.62779695      36.42596081
   1380.84339660      36.42348666
   1382.04560136      36.41983268
   1383.24681031      36.41498563
   1384.44617559      36.40896292
   1385.66787389      36.40180353
   1386.86885173      36.39355866
   1388.10221279      36.38429662
   1389.26935885      36.37410373
   1390.47112171      36.36307863
   1391.62055173      36.35133972
   1392.82469753      36.33900693
   1394.15665633      36.32620856
   1395.35727310      36.31307278
   1396.57560117      36.29974569
   1397.76059134      36.28636784
   1398.97711354      36.27307255
   1400.19462257      36.25997372
   1401.40124062      36.24716558
   1402.63380910      36.23471960
   1403.86714889      36.22268799
   1405.08288844      36.21109606
   1406.23858914      36.19993318
   1407.43637068      36.18916885
   1408.59017430      36.17874684
   1409.79129346      36.16858803
   1411.04247689      36.15859692
   1412.24419012      36.14867371
   1413.42623306      36.13872547
   1414.62885844      36.12864821
   1415.83019075      36.11834039
   1417.03409362      36.10769688
   1418.23703707      36.09661023
   1419.43605214      36.08498177
   1420.76031297      36.07272895
   1422.00195616      36.05978230
   1423.26454478      36.04607939
   1424.46617152      36.03157162
   1425.71873594      36.01624085
   1426.91672448      36.00007185
   1428.14772860      35.98306892
   1429.33596896      35.96524803
   1430.53433465      35.94664573
   1431.76601414      35.92731161
   1433.01112729      35.90730567
   1434.22363792      35.88670515
   1435.37699066      35.86560596
   1436.62619336      35.84411541
   1437.77968552      35.82235318
   1438.98062886      35.80043920
   1440.16394786      35.77850810
   1441.36378670      35.75669898
   1442.61955687      35.73515493
   1443.81963249      35.71401187
   1445.04046732      35.69339049
   1446.22750770      35.67340267
   1447.42755686      35.65415112
   1448.59524170      35.63572485
   1449.75049719      35.61820199
   1450.93512817      35.60162753
   1452.16735070      35.58603254
   1453.38350899      35.57144494
   1454.61975348      35.55787479
   1455.83641842      35.54531979
   1457.04063179      35.53377087
   1458.26518517      35.52321135
   1459.47150595      35.51361952
   1460.66973930      35.50495279
   1461.82200928      35.49716170
   1463.05568227      35.49018541
   1464.25470632      35.48396680
   1465.47328251      35.47844937
   1466.63953485      35.47358204
   1467.82881213      35.46930268
   1468.99751262      35.46553881
   1470.21455848      35.46221132
   1471.46474611      35.45924067
   1472.68409787      35.45654574
   1473.88552045      35.45405318
   1475.19908029      35.45169869
   1476.46701183      35.44941828
   1477.68638628      35.44716289
   1478.90508535      35.44488349
   1480.10688082      35.44254497
   1481.31072320      35.44012331
   1482.49745071      35.43759853
   1483.72783475      35.43497091
   1484.93138789      35.43225038
   1486.12922614      35.42947045
   1487.30198499      35.42666635
   1488.48742367      35.42388110
   1489.65778494      35.42116488
   1490.88929429      35.41856962
   1492.06094769      35.41615689
   1493.29642844      35.41398334
   1494.50962956      35.41209903
   1495.71932151      35.41054265
   1496.93019878      35.40933938
   1498.13797380      35.40853264
   1499.36900013      35.40815681
   1500.60425544      35.40822484
   1501.82481473      35.40874076
   1502.99360597      35.40969967
   1504.22605394      35.41107799
   1505.48118041      35.41283903
   1506.66006815      35.41492269
   1507.90705097      35.41726883
   1509.07134242      35.41981432
   1510.26303713      35.42249358
   1511.45961728      35.42522446
   1512.66166796      35.42791048
   1513.83053340      35.43043669
   1515.01763238      35.43268000
   1516.25035399      35.43452087
   1517.49177080      35.43585043
   1518.69111812      35.43656008
   1519.89393727      35.43654412
   1521.09290366      35.43569840
   1522.29700172      35.43392139
   1523.49569210      35.43113010
   1524.71541108      35.42724167
   1525.96809602      35.42220002
   1527.14795026      35.41596847
   1528.32311473      35.40853336
   1529.52406611      35.39991180
   1530.77175974      35.39013514
   1531.95769278      35.37925834
   1533.15785489      35.36734453
   1534.33978297      35.35448733
   1535.63034199      35.34079478
   1536.81653733      35.32638898
   1538.05203414      35.31140628
   1539.27325085      35.29598605
   1540.45716014      35.28027457
   1541.69086101      35.26442559
   1542.87717876      35.24860954
   1544.12293986      35.23300435
   1545.29709104      35.21776822
   1546.50118060      35.20304973
   1547.71390060      35.18900164
   1548.93147390      35.17575913
   1550.12370787      35.16344360
   1551.29144564      35.15217284
   1552.54475159      35.14205618
   1553.74697809      35.13321283
   1554.94933030      35.12573443
   1556.18225088      35.11968597
   1557.38311766      35.11509782
   1558.59887234      35.11198578
   1559.80070987      35.11034800
   1561.02137503      35.11016850
   1562.17447161      35.11141334
   1563.34264561      35.11401795
   1564.52808949      35.11788048
   1565.71715456      35.12288085
   1566.98552659      35.12887983
   1568.18844074      35.13572208
   1569.41685540      35.14323702
   1570.62235571      35.15123493
   1571.83855795      35.15953015
   1573.06964289      35.16792748
   1574.27894351      35.17621952
   1575.50451632      35.18419889
   1576.77455999      35.19165140
   1578.00854018      35.19837269
   1579.21306029      35.20416599
   1580.43621472      35.20884821
   1581.68059956      35.21223324
   1583.01364066      35.21414746
   1584.21438645      35.21443339
   1585.41643288      35.21294764
   1586.63469715      35.20957340
   1587.81609732      35.20422122
   1589.01553538      35.19682336
   1590.17053850      35.18732502
   1591.36634875      35.17568390
   1592.60615961      35.16188578
   1593.80276670      35.14594647
   1595.00183044      35.12789503
   1596.21007288      35.10779834
   1597.43964592      35.08574887
   1598.61229654      35.06185364
   1599.81525181      35.03623505
   1601.04829244      35.00900831
   1602.21680341      34.98030803
   1603.44650831      34.95028697
   1604.64925941      34.91912591
   1605.87105838      34.88700509
   1607.09972021      34.85410686
   1608.32219360      34.82060571
   1609.52394134      34.78666314
   1610.72660501      34.75244125
   1611.97688432      34.71810560
   1613.19395098      34.68381971
   1614.46235798      34.64973619
   1615.68344660      34.61600606
   1616.93123145      34.58277285
   1618.18301841      34.55018084
   1619.37376127      34.51836609
   1620.58662448      34.48746249
   1621.78785990      34.45761143
   1623.07296019      34.42894711
   1624.27659177      34.40160516
   1625.48925742      34.37570524
   1626.72568104      34.35135724
   1627.89805755      34.32866370
   1629.14554748      34.30773064
   1630.32798505      34.28866175
   1631.52783145      34.27155368
   1632.71995151      34.25649691
   1633.89989083      34.24356104
   1635.08580969      34.23279815
   1636.30533915      34.22424534
   1637.52004934      34.21792261
   1638.73884767      34.21385310
   1639.93825501      34.21204689
   1641.16324744      34.21249348
   1642.39823478      34.21517590
   1643.61758606      34.22005243
   1644.81942171      34.22705821
   1646.00387168      34.23612406
   1647.16967692      34.24716843
   1648.40364104      34.26010616
   1649.67202913      34.27484550
   1650.87673356      34.29127254
   1652.07568057      34.30924689
   1653.25896412      34.32862659
   1654.51787058      34.34925431
   1655.76099543      34.37096664
   1657.06611623      34.39360810
   1658.24950092      34.41701719
   1659.42199652      34.44103395
   1660.60832514      34.46548752
   1661.84123249      34.49021135
   1663.02440214      34.51504722
   1664.19239371      34.53985620
   1665.43133259      34.56451387
   1666.67840898      34.58891379
   1667.91124402      34.61294968
   1669.11180785      34.63651626
   1670.32936934      34.65952047
   1671.50131387      34.68186924
   1672.68519056      34.70348708
   1673.85728917      34.72430953
   1675.05628438      34.74427189
   1676.22500142      34.76330943
   1677.41183999      34.78135066
   1678.62594996      34.79832065
   1679.80137910      34.81414360
   1681.00236497      34.82875076
   1682.18760705      34.84207770
   1683.35283712      34.85406760
   1684.55375541      34.86467630
   1685.77232026      34.87384959
   1686.97355427      34.88153339
   1688.19317447      34.88768252
   1689.37654073      34.89225025
   1690.57919069      34.89518898
   1691.73392017      34.89645827
   1692.94905618      34.89601513
   1694.15090695      34.89382260
   1695.33761272      34.88984830
   1696.54352137      34.88405860
   1697.74186910      34.87643823
   1698.94435696      34.86698318
   1700.14538348      34.85568726
   1701.34773900      34.84255607
   1702.59462210      34.82760487
   1703.76193830      34.81084459
   1704.98228302      34.79230024
   1706.18464563      34.77200664
   1707.37464081      34.75002924
   1708.60687799      34.72646482
   1709.85426395      34.70142068
   1711.05282341      34.67500945
   1712.23751536      34.64734790
   1713.41192932      34.61854249
   1714.66497060      34.58871301
   1715.90625603      34.55799078
   1717.12002855      34.52649906
   1718.32083341      34.49436471
   1719.49607681      34.46170855
   1720.74344717      34.42863831
   1721.94902027      34.39526588
   1723.19606925      34.36169684
   1724.39967342      34.32804106
   1725.59923200      34.29440960
   1726.80821975      34.26091376
   1728.05365663      34.22766949
   1729.25724379      34.19479212
   1730.50923965      34.16238608
   1731.70964185      34.13054083
   1732.91212592      34.09934554
   1734.09776358      34.06888178
   1735.34595535      34.03921842
   1736.56491436      34.01041401
   1737.75064985      33.98252709
   1738.93990633      33.95561950
   1740.22305282      33.92975266
   1741.40691249      33.90498295
   1742.59592085      33.88136445
   1743.83012931      33.85894922
   1745.07723878      33.83777568
   1746.24919041      33.81787890
   1747.48274619      33.79929515
   1748.65092397      33.78205735
   1749.85069286      33.76619988
   1751.00599609      33.75176877
   1752.24041486      33.73881406
   1753.44050419      33.72739085
   1754.61169348      33.71754386
   1755.82074409      33.70929755
   1757.01040607      33.70267176
   1758.20815736      33.69768074
   1759.41560816      33.69433297
   1760.70523848      33.69263938
   1761.97057678      33.69260486
   1763.12462711      33.69422280
   1764.29457247      33.69748801
   1765.49441414      33.70239101
   1766.68443295      33.70891856
   1767.87808004      33.71706289
   1769.10228227      33.72681136
   1770.28501616      33.73815446
   1771.52394276      33.75108112
   1772.75307484      33.76558069
   1773.95763985      33.78164226
   1775.13897905      33.79924769
   1776.34177836      33.81837368
   1777.55119099      33.83903907
   1778.88388472      33.86118145
   1780.40256347      33.88478629
   1781.68045021      33.90983877
   1783.18613721      33.93632436
   1784.38097955      33.96422869
   1785.55400684      33.99353693
   1786.80299450      34.02423457
   1788.05488544      34.05630707
   1789.31533546      34.08973976
   1790.51018489      34.12451798
   1791.68031410      34.16062733
   1792.88332136      34.19805316
   1794.07452360      34.23678093
   1795.32717971      34.27679583
   1796.62139015      34.31808362
   1797.87257311      34.36062934
   1799.04005378      34.40441860
   1800.22295546      34.44943689
