# 2016-06-15 11:14:24.096623

# Simulation of heat flow through 1-dimensional rod
# 
# Dimensions
#   dim x =                  11
#   min x =                  0.0
#   max x =                  1.0
# 
# Thermodynamical parameters
#   initial temp =           300.0
#    stop time =                 900.0
#    emissivity =                0.01
#    convection coeff =          0.05
#    area =                      0.0003877733785771607
#    perimeter =                 0.0698061887627652
#    specific heat =             380.0
#    u amb =                     300.0
#    power =                     1000.0
#    mass density =              8730
#    thermal conductivity =      125.0
# 
#  Boundary conditions:
#    method =                    Simple heat-diffusion BC
#    x0 order =                  None
#    x1 order =                  None
# 
#  Finite differencing
#    time step =                 0.5
#    method =                    Modified implicit for simple convection-diffusion equation
# 
Step= 0
       0      300.00000000
       1      300.00000000
       2      300.00000000
       3      300.00000000
       4      300.00000000
       5      300.00000000
       6      300.00000000
       7      300.00000000
       8      300.00000000
       9      300.00000000
      10      300.00000000
Step= 27
       0      300.75436848
       1      300.00039778
       2      300.00000014
       3      300.00000000
       4      300.00000000
       5      300.00000000
       6      300.00000000
       7      300.00000000
       8      299.99999994
       9      299.99984500
      10      299.70605657
Step= 54
       0      301.50717042
       1      300.00156052
       2      300.00000110
       3      300.00000000
       4      300.00000000
       5      300.00000000
       6      300.00000000
       7      300.00000000
       8      299.99999957
       9      299.99939194
      10      299.41272341
Step= 81
       0      302.25840960
       1      300.00348501
       2      300.00000363
       3      300.00000000
       4      300.00000000
       5      300.00000000
       6      300.00000000
       7      300.00000000
       8      299.99999859
       9      299.99864205
      10      299.11999891
Step= 108
       0      303.00808978
       1      300.00616806
       2      300.00000852
       3      300.00000001
       4      300.00000000
       5      300.00000000
       6      300.00000000
       7      300.00000000
       8      299.99999668
       9      299.99759658
      10      298.82788148
Step= 135
       0      303.75621471
       1      300.00960649
       2      300.00001651
       3      300.00000002
       4      300.00000000
       5      300.00000000
       6      300.00000000
       7      299.99999999
       8      299.99999357
       9      299.99625678
      10      298.53636951
Step= 162
       0      304.50278815
       1      300.01379712
       2      300.00002839
       3      300.00000004
       4      300.00000000
       5      300.00000000
       6      300.00000000
       7      299.99999998
       8      299.99998894
       9      299.99462388
      10      298.24546141
Step= 189
       0      305.24781381
       1      300.01873680
       2      300.00004489
       3      300.00000008
       4      300.00000000
       5      300.00000000
       6      300.00000000
       7      299.99999997
       8      299.99998251
       9      299.99269910
      10      297.95515559
Step= 216
       0      305.99129543
       1      300.02442237
       2      300.00006677
       3      300.00000014
       4      300.00000000
       5      300.00000000
       6      300.00000000
       7      299.99999995
       8      299.99997398
       9      299.99048368
      10      297.66545046
Step= 243
       0      306.73323670
       1      300.03085070
       2      300.00009477
       3      300.00000022
       4      300.00000000
       5      300.00000000
       6      300.00000000
       7      299.99999991
       8      299.99996307
       9      299.98797884
      10      297.37634446
Step= 270
       0      307.47364135
       1      300.03801866
       2      300.00012964
       3      300.00000033
       4      300.00000000
       5      300.00000000
       6      300.00000000
       7      299.99999987
       8      299.99994948
       9      299.98518578
      10      297.08783599
Step= 297
       0      308.21251304
       1      300.04592313
       2      300.00017211
       3      300.00000049
       4      300.00000000
       5      300.00000000
       6      300.00000000
       7      299.99999981
       8      299.99993294
       9      299.98210574
      10      296.79992350
Step= 324
       0      308.94985546
       1      300.05456101
       2      300.00022291
       3      300.00000069
       4      300.00000000
       5      300.00000000
       6      300.00000000
       7      299.99999973
       8      299.99991314
       9      299.97873991
      10      296.51260543
Step= 351
       0      309.68567229
       1      300.06392921
       2      300.00028276
       3      300.00000094
       4      300.00000000
       5      300.00000000
       6      300.00000000
       7      299.99999963
       8      299.99988982
       9      299.97508950
      10      296.22588019
Step= 378
       0      310.41996717
       1      300.07402464
       2      300.00035239
       3      300.00000126
       4      300.00000000
       5      300.00000000
       6      300.00000000
       7      299.99999951
       8      299.99986269
       9      299.97115571
      10      295.93974626
Step= 405
       0      311.15274376
       1      300.08484423
       2      300.00043252
       3      300.00000166
       4      300.00000001
       5      300.00000000
       6      300.00000000
       7      299.99999935
       8      299.99983147
       9      299.96693973
      10      295.65420207
Step= 432
       0      311.88400570
       1      300.09638493
       2      300.00052385
       3      300.00000214
       4      300.00000001
       5      300.00000000
       6      300.00000000
       7      299.99999917
       8      299.99979588
       9      299.96244276
      10      295.36924607
Step= 459
       0      312.61375661
       1      300.10864367
       2      300.00062710
       3      300.00000272
       4      300.00000001
       5      300.00000000
       6      300.00000000
       7      299.99999894
       8      299.99975565
       9      299.95766597
      10      295.08487674
Step= 486
       0      313.34200010
       1      300.12161742
       2      300.00074296
       3      300.00000342
       4      300.00000001
       5      300.00000000
       6      300.00000000
       7      299.99999867
       8      299.99971050
       9      299.95261056
      10      294.80109252
Step= 513
       0      314.06873980
       1      300.13530316
       2      300.00087214
       3      300.00000423
       4      300.00000002
       5      300.00000000
       6      299.99999999
       7      299.99999835
       8      299.99966016
       9      299.94727770
      10      294.51789189
Step= 540
       0      314.79397928
       1      300.14969786
       2      300.00101534
       3      300.00000518
       4      300.00000002
       5      300.00000000
       6      299.99999999
       7      299.99999798
       8      299.99960437
       9      299.94166857
      10      294.23527333
Step= 567
       0      315.51772215
       1      300.16479852
       2      300.00117323
       3      300.00000628
       4      300.00000003
       5      300.00000000
       6      299.99999999
       7      299.99999755
       8      299.99954284
       9      299.93578432
      10      293.95323530
Step= 594
       0      316.23997197
       1      300.18060214
       2      300.00134650
       3      300.00000755
       4      300.00000003
       5      300.00000000
       6      299.99999999
       7      299.99999706
       8      299.99947532
       9      299.92962613
      10      293.67177630
Step= 621
       0      316.96073231
       1      300.19710574
       2      300.00153584
       3      300.00000900
       4      300.00000004
       5      300.00000000
       6      299.99999998
       7      299.99999649
       8      299.99940155
       9      299.92319516
      10      293.39089481
Step= 648
       0      317.68000673
       1      300.21430634
       2      300.00174192
       3      300.00001065
       4      300.00000005
       5      300.00000000
       6      299.99999998
       7      299.99999585
       8      299.99932124
       9      299.91649257
      10      293.11058931
Step= 675
       0      318.39779878
       1      300.23220097
       2      300.00196541
       3      300.00001252
       4      300.00000006
       5      300.00000000
       6      299.99999998
       7      299.99999512
       8      299.99923416
       9      299.90951950
      10      292.83085832
Step= 702
       0      319.11411199
       1      300.25078669
       2      300.00220698
       3      300.00001461
       4      300.00000008
       5      300.00000000
       6      299.99999997
       7      299.99999431
       8      299.99914002
       9      299.90227710
      10      292.55170032
Step= 729
       0      319.82894989
       1      300.27006055
       2      300.00246730
       3      300.00001696
       4      300.00000009
       5      300.00000000
       6      299.99999996
       7      299.99999339
       8      299.99903859
       9      299.89476652
      10      292.27311382
Step= 756
       0      320.54231599
       1      300.29001962
       2      300.00274701
       3      300.00001958
       4      300.00000011
       5      300.00000000
       6      299.99999996
       7      299.99999237
       8      299.99892959
       9      299.88698890
      10      291.99509733
Step= 783
       0      321.25421381
       1      300.31066096
       2      300.00304678
       3      300.00002249
       4      300.00000013
       5      300.00000000
       6      299.99999995
       7      299.99999124
       8      299.99881278
       9      299.87894537
      10      291.71764938
Step= 810
       0      321.96464683
       1      300.33198169
       2      300.00336726
       3      300.00002570
       4      300.00000016
       5      300.00000000
       6      299.99999994
       7      299.99998998
       8      299.99868790
       9      299.87063706
      10      291.44076846
Step= 837
       0      322.67361855
       1      300.35397888
       2      300.00370908
       3      300.00002925
       4      300.00000018
       5      300.00000000
       6      299.99999993
       7      299.99998860
       8      299.99855471
       9      299.86206510
      10      291.16445312
Step= 864
       0      323.38113244
       1      300.37664965
       2      300.00407290
       3      300.00003315
       4      300.00000022
       5      300.00000000
       6      299.99999992
       7      299.99998708
       8      299.99841294
       9      299.85323062
      10      290.88870187
Step= 891
       0      324.08719197
       1      300.39999112
       2      300.00445934
       3      300.00003742
       4      300.00000025
       5      300.00000000
       6      299.99999990
       7      299.99998542
       8      299.99826235
       9      299.84413472
      10      290.61351324
Step= 918
       0      324.79180060
       1      300.42400041
       2      300.00486904
       3      300.00004208
       4      300.00000029
       5      300.00000000
       6      299.99999989
       7      299.99998360
       8      299.99810270
       9      299.83477853
      10      290.33888579
Step= 945
       0      325.49496177
       1      300.44867467
       2      300.00530264
       3      300.00004717
       4      300.00000034
       5      300.00000000
       6      299.99999987
       7      299.99998162
       8      299.99793374
       9      299.82516315
      10      290.06481803
Step= 972
       0      326.19667893
       1      300.47401105
       2      300.00576074
       3      300.00005270
       4      300.00000039
       5      300.00000000
       6      299.99999985
       7      299.99997947
       8      299.99775523
       9      299.81528970
      10      289.79130853
Step= 999
       0      326.89695550
       1      300.50000670
       2      300.00624398
       3      300.00005869
       4      300.00000044
       5      300.00000000
       6      299.99999983
       7      299.99997713
       8      299.99756692
       9      299.80515927
      10      289.51835583
Step= 1026
       0      327.59579491
       1      300.52665879
       2      300.00675297
       3      300.00006518
       4      300.00000050
       5      300.00000000
       6      299.99999980
       7      299.99997460
       8      299.99736858
       9      299.79477296
      10      289.24595848
Step= 1053
       0      328.29320056
       1      300.55396451
       2      300.00728832
       3      300.00007219
       4      300.00000057
       5      300.00000000
       6      299.99999978
       7      299.99997187
       8      299.99715997
       9      299.78413187
      10      288.97411505
Step= 1080
       0      328.98917585
       1      300.58192104
       2      300.00785064
       3      300.00007974
       4      300.00000065
       5      300.00000000
       6      299.99999975
       7      299.99996893
       8      299.99694084
       9      299.77323708
      10      288.70282409
Step= 1107
       0      329.68372418
       1      300.61052558
       2      300.00844053
       3      300.00008786
       4      300.00000073
       5      300.00000000
       6      299.99999971
       7      299.99996577
       8      299.99671097
       9      299.76208969
      10      288.43208418
Step= 1134
       0      330.37684893
       1      300.63977535
       2      300.00905859
       3      300.00009657
       4      300.00000083
       5      300.00000000
       6      299.99999968
       7      299.99996237
       8      299.99647013
       9      299.75069077
      10      288.16189388
Step= 1161
       0      331.06855346
       1      300.66966756
       2      300.00970542
       3      300.00010591
       4      300.00000093
       5      300.00000000
       6      299.99999964
       7      299.99995873
       8      299.99621807
       9      299.73904141
      10      287.89225176
Step= 1188
       0      331.75884114
       1      300.70019944
       2      300.01038160
       3      300.00011591
       4      300.00000104
       5      300.00000000
       6      299.99999960
       7      299.99995483
       8      299.99595457
       9      299.72714267
      10      287.62315642
Step= 1215
       0      332.44771533
       1      300.73136823
       2      300.01108773
       3      300.00012658
       4      300.00000116
       5      300.00000001
       6      299.99999955
       7      299.99995067
       8      299.99567940
       9      299.71499563
      10      287.35460644
Step= 1242
       0      333.13517937
       1      300.76317119
       2      300.01182439
       3      300.00013797
       4      300.00000129
       5      300.00000001
       6      299.99999950
       7      299.99994624
       8      299.99539233
       9      299.70260135
      10      287.08660039
Step= 1269
       0      333.82123659
       1      300.79560556
       2      300.01259216
       3      300.00015010
       4      300.00000143
       5      300.00000001
       6      299.99999944
       7      299.99994151
       8      299.99509314
       9      299.68996089
      10      286.81913689
Step= 1296
       0      334.50589031
       1      300.82866862
       2      300.01339161
       3      300.00016300
       4      300.00000159
       5      300.00000001
       6      299.99999938
       7      299.99993648
       8      299.99478160
       9      299.67707532
      10      286.55221451
Step= 1323
       0      335.18914387
       1      300.86235764
       2      300.01422331
       3      300.00017670
       4      300.00000176
       5      300.00000001
       6      299.99999931
       7      299.99993115
       8      299.99445750
       9      299.66394569
      10      286.28583187
Step= 1350
       0      335.87100055
       1      300.89666992
       2      300.01508784
       3      300.00019124
       4      300.00000194
       5      300.00000001
       6      299.99999924
       7      299.99992548
       8      299.99412060
       9      299.65057305
      10      286.01998757
Step= 1377
       0      336.55146367
       1      300.93160274
       2      300.01598575
       3      300.00020664
       4      300.00000214
       5      300.00000001
       6      299.99999917
       7      299.99991948
       8      299.99377068
       9      299.63695845
      10      285.75468022
Step= 1404
       0      337.23053651
       1      300.96715343
       2      300.01691760
       3      300.00022294
       4      300.00000236
       5      300.00000001
       6      299.99999908
       7      299.99991313
       8      299.99340754
       9      299.62310292
      10      285.48990843
Step= 1431
       0      337.90822234
       1      301.00331929
       2      300.01788396
       3      300.00024017
       4      300.00000259
       5      300.00000001
       6      299.99999899
       7      299.99990641
       8      299.99303096
       9      299.60900751
      10      285.22567083
Step= 1458
       0      338.58452445
       1      301.04009765
       2      300.01888536
       3      300.00025836
       4      300.00000284
       5      300.00000002
       6      299.99999890
       7      299.99989932
       8      299.99264071
       9      299.59467326
      10      284.96196602
Step= 1485
       0      339.25944609
       1      301.07748585
       2      300.01992237
       3      300.00027755
       4      300.00000310
       5      300.00000002
       6      299.99999879
       7      299.99989184
       8      299.99223658
       9      299.58010119
      10      284.69879265
Step= 1512
       0      339.93299051
       1      301.11548123
       2      300.02099552
       3      300.00029778
       4      300.00000339
       5      300.00000002
       6      299.99999868
       7      299.99988396
       8      299.99181837
       9      299.56529234
      10      284.43614933
Step= 1539
       0      340.60516096
       1      301.15408115
       2      300.02210535
       3      300.00031907
       4      300.00000369
       5      300.00000002
       6      299.99999856
       7      299.99987567
       8      299.99138586
       9      299.55024772
      10      284.17403471
Step= 1566
       0      341.27596068
       1      301.19328297
       2      300.02325241
       3      300.00034147
       4      300.00000402
       5      300.00000002
       6      299.99999843
       7      299.99986694
       8      299.99093885
       9      299.53496835
      10      283.91244742
Step= 1593
       0      341.94539288
       1      301.23308406
       2      300.02443722
       3      300.00036500
       4      300.00000437
       5      300.00000003
       6      299.99999830
       7      299.99985777
       8      299.99047712
       9      299.51945527
      10      283.65138611
Step= 1620
       0      342.61346080
       1      301.27348181
       2      300.02566031
       3      300.00038971
       4      300.00000475
       5      300.00000003
       6      299.99999815
       7      299.99984814
       8      299.99000046
       9      299.50370946
      10      283.39084942
Step= 1647
       0      343.28016763
       1      301.31447361
       2      300.02692220
       3      300.00041563
       4      300.00000515
       5      300.00000003
       6      299.99999799
       7      299.99983804
       8      299.98950868
       9      299.48773195
      10      283.13083600
Step= 1674
       0      343.94551657
       1      301.35605686
       2      300.02822343
       3      300.00044280
       4      300.00000557
       5      300.00000004
       6      299.99999783
       7      299.99982745
       8      299.98900158
       9      299.47152375
      10      282.87134451
Step= 1701
       0      344.60951082
       1      301.39822897
       2      300.02956451
       3      300.00047126
       4      300.00000603
       5      300.00000004
       6      299.99999765
       7      299.99981636
       8      299.98847894
       9      299.45508584
      10      282.61237360
Step= 1728
       0      345.27215356
       1      301.44098736
       2      300.03094594
       3      300.00050104
       4      300.00000651
       5      300.00000004
       6      299.99999746
       7      299.99980476
       8      299.98794056
       9      299.43841923
      10      282.35392194
Step= 1755
       0      345.93344796
       1      301.48432946
       2      300.03236825
       3      300.00053218
       4      300.00000702
       5      300.00000005
       6      299.99999727
       7      299.99979262
       8      299.98738626
       9      299.42152492
      10      282.09598820
Step= 1782
       0      346.59339718
       1      301.52825271
       2      300.03383194
       3      300.00056472
       4      300.00000756
       5      300.00000005
       6      299.99999705
       7      299.99977994
       8      299.98681582
       9      299.40440389
      10      281.83857105
Step= 1809
       0      346.90232616
       1      301.57268869
       2      300.03533750
       3      300.00059871
       4      300.00000814
       5      300.00000006
       6      299.99999683
       7      299.99976669
       8      299.98622906
       9      299.38705713
      10      281.58166915
Step= 1836
       0      346.51202975
       1      301.61685898
       2      300.03688499
       3      300.00063418
       4      300.00000875
       5      300.00000006
       6      299.99999659
       7      299.99975287
       8      299.98562578
       9      299.36948563
      10      281.32528120
Step= 1863
       0      346.12259821
       1      301.66054128
       2      300.03847389
       3      300.00067116
       4      300.00000939
       5      300.00000007
       6      299.99999634
       7      299.99973846
       8      299.98500579
       9      299.35169036
      10      281.06940586
Step= 1890
       0      345.73402913
       1      301.70373754
       2      300.04010359
       3      300.00070971
       4      300.00001008
       5      300.00000007
       6      299.99999607
       7      299.99972343
       8      299.98436889
       9      299.33367230
      10      280.81404184
Step= 1917
       0      345.34632013
       1      301.74644970
       2      300.04177354
       3      300.00074985
       4      300.00001080
       5      300.00000008
       6      299.99999579
       7      299.99970779
       8      299.98371489
       9      299.31543242
      10      280.55918781
Step= 1944
       0      344.95946881
       1      301.78867970
       2      300.04348314
       3      300.00079163
       4      300.00001156
       5      300.00000009
       6      299.99999550
       7      299.99969150
       8      299.98304361
       9      299.29697169
      10      280.30484248
Step= 1971
       0      344.57347279
       1      301.83042947
       2      300.04523184
       3      300.00083507
       4      300.00001236
       5      300.00000009
       6      299.99999518
       7      299.99967455
       8      299.98235485
       9      299.27829108
      10      280.05100454
Step= 1998
       0      344.18832971
       1      301.87170093
       2      300.04701907
       3      300.00088023
       4      300.00001321
       5      300.00000010
       6      299.99999485
       7      299.99965693
       8      299.98164843
       9      299.25939155
      10      279.79767269
Step= 2025
       0      343.80403720
       1      301.91249600
       2      300.04884425
       3      300.00092712
       4      300.00001410
       5      300.00000011
       6      299.99999451
       7      299.99963862
       8      299.98092416
       9      299.24027405
      10      279.54484564
Step= 2052
       0      343.42059290
       1      301.95281658
       2      300.05070683
       3      300.00097579
       4      300.00001504
       5      300.00000012
       6      299.99999414
       7      299.99961960
       8      299.98018187
       9      299.22093954
      10      279.29252210
Step= 2079
       0      343.03799447
       1      301.99266457
       2      300.05260625
       3      300.00102628
       4      300.00001602
       5      300.00000013
       6      299.99999376
       7      299.99959986
       8      299.97942135
       9      299.20138898
      10      279.04070078
Step= 2106
       0      342.65623956
       1      302.03204187
       2      300.05454196
       3      300.00107860
       4      300.00001706
       5      300.00000014
       6      299.99999335
       7      299.99957938
       8      299.97864245
       9      299.18162330
      10      278.78938041
Step= 2133
       0      342.27532583
       1      302.07095037
       2      300.05651340
       3      300.00113280
       4      300.00001815
       5      300.00000015
       6      299.99999293
       7      299.99955814
       8      299.97784497
       9      299.16164346
      10      278.53855969
Step= 2160
       0      341.89525097
       1      302.10939194
       2      300.05852002
       3      300.00118892
       4      300.00001929
       5      300.00000016
       6      299.99999248
       7      299.99953612
       8      299.97702874
       9      299.14145039
      10      278.28823736
Step= 2187
       0      341.51601266
       1      302.14736847
       2      300.06056128
       3      300.00124697
       4      300.00002049
       5      300.00000017
       6      299.99999202
       7      299.99951331
       8      299.97619357
       9      299.12104503
      10      278.03841215
Step= 2214
       0      341.13760858
       1      302.18488181
       2      300.06263663
       3      300.00130699
       4      300.00002175
       5      300.00000018
       6      299.99999153
       7      299.99948969
       8      299.97533930
       9      299.10042832
      10      277.78908278
Step= 2241
       0      340.76003643
       1      302.22193383
       2      300.06474554
       3      300.00136901
       4      300.00002306
       5      300.00000020
       6      299.99999101
       7      299.99946524
       8      299.97446575
       9      299.07960118
      10      277.54024799
Step= 2268
       0      340.38329391
       1      302.25852637
       2      300.06688746
       3      300.00143307
       4      300.00002444
       5      300.00000021
       6      299.99999048
       7      299.99943994
       8      299.97357275
       9      299.05856455
      10      277.29190653
Step= 2295
       0      340.00737874
       1      302.29466130
       2      300.06906187
       3      300.00149918
       4      300.00002588
       5      300.00000023
       6      299.99998991
       7      299.99941378
       8      299.97266012
       9      299.03731934
      10      277.04405714
Step= 2322
       0      339.63228864
       1      302.33034044
       2      300.07126823
       3      300.00156738
       4      300.00002738
       5      300.00000024
       6      299.99998932
       7      299.99938673
       8      299.97172768
       9      299.01586647
      10      276.79669856
Step= 2349
       0      339.25802132
       1      302.36556562
       2      300.07350602
       3      300.00163770
       4      300.00002895
       5      300.00000026
       6      299.99998871
       7      299.99935879
       8      299.97077529
       9      298.99420687
      10      276.54982955
Step= 2376
       0      338.88457453
       1      302.40033868
       2      300.07577471
       3      300.00171016
       4      300.00003059
       5      300.00000028
       6      299.99998807
       7      299.99932992
       8      299.96980275
       9      298.97234144
      10      276.30344886
Step= 2403
       0      338.51194600
       1      302.43466144
       2      300.07807378
       3      300.00178480
       4      300.00003231
       5      300.00000030
       6      299.99998740
       7      299.99930012
       8      299.96880992
       9      298.95027110
      10      276.05755525
Step= 2430
       0      338.14013349
       1      302.46853570
       2      300.08040270
       3      300.00186162
       4      300.00003409
       5      300.00000032
       6      299.99998670
       7      299.99926935
       8      299.96779661
       9      298.92799675
      10      275.81214748
Step= 2457
       0      337.76913475
       1      302.50196328
       2      300.08276098
       3      300.00194067
       4      300.00003595
       5      300.00000034
       6      299.99998596
       7      299.99923761
       8      299.96676267
       9      298.90551929
      10      275.56722432
Step= 2484
       0      337.39894753
       1      302.53494597
       2      300.08514809
       3      300.00202197
       4      300.00003789
       5      300.00000036
       6      299.99998520
       7      299.99920488
       8      299.96570794
       9      298.88283963
      10      275.32278453
Step= 2511
       0      337.02956962
       1      302.56748556
       2      300.08756351
       3      300.00210554
       4      300.00003991
       5      300.00000038
       6      299.99998441
       7      299.99917113
       8      299.96463224
       9      298.85995865
      10      275.07882690
Step= 2538
       0      336.66099879
       1      302.59958385
       2      300.09000676
       3      300.00219140
       4      300.00004201
       5      300.00000041
       6      299.99998358
       7      299.99913635
       8      299.96353543
       9      298.83687727
      10      274.83535019
Step= 2565
       0      336.29323282
       1      302.63124260
       2      300.09247732
       3      300.00227958
       4      300.00004420
       5      300.00000043
       6      299.99998272
       7      299.99910051
       8      299.96241734
       9      298.81359635
      10      274.59235319
Step= 2592
       0      335.92626950
       1      302.66246361
       2      300.09497468
       3      300.00237010
       4      300.00004647
       5      300.00000046
       6      299.99998182
       7      299.99906360
       8      299.96127781
       9      298.79011680
      10      274.34983468
Step= 2619
       0      335.56010663
       1      302.69324862
       2      300.09749836
       3      300.00246299
       4      300.00004883
       5      300.00000049
       6      299.99998089
       7      299.99902560
       8      299.96011669
       9      298.76643949
      10      274.10779345
Step= 2646
       0      335.19474202
       1      302.72359941
       2      300.10004786
       3      300.00255826
       4      300.00005128
       5      300.00000052
       6      299.99997992
       7      299.99898649
       8      299.95893381
       9      298.74256530
      10      273.86622829
Step= 2673
       0      334.83017348
       1      302.75351773
       2      300.10262268
       3      300.00265593
       4      300.00005382
       5      300.00000055
       6      299.99997891
       7      299.99894624
       8      299.95772903
       9      298.71849511
      10      273.62513800
Step= 2700
       0      334.46639882
       1      302.78300532
       2      300.10522233
       3      300.00275603
       4      300.00005646
       5      300.00000058
       6      299.99997787
       7      299.99890484
       8      299.95650219
       9      298.69422980
      10      273.38452137
Step= 2727
       0      334.10341588
       1      302.81206392
       2      300.10784634
       3      300.00285858
       4      300.00005920
       5      300.00000062
       6      299.99997678
       7      299.99886228
       8      299.95525314
       9      298.66977023
      10      273.14437720
Step= 2754
       0      333.74122249
       1      302.84069528
       2      300.11049421
       3      300.00296359
       4      300.00006203
       5      300.00000065
       6      299.99997565
       7      299.99881851
       8      299.95398173
       9      298.64511728
      10      272.90470430
Step= 2781
       0      333.37981649
       1      302.86890112
       2      300.11316546
       3      300.00307108
       4      300.00006497
       5      300.00000069
       6      299.99997448
       7      299.99877354
       8      299.95268780
       9      298.62027180
      10      272.66550148
Step= 2808
       0      333.01919573
       1      302.89668316
       2      300.11585961
       3      300.00318108
       4      300.00006801
       5      300.00000073
       6      299.99997326
       7      299.99872733
       8      299.95137122
       9      298.59523465
      10      272.42676756
Step= 2835
       0      332.65935805
       1      302.92404311
       2      300.11857619
       3      300.00329360
       4      300.00007116
       5      300.00000077
       6      299.99997200
       7      299.99867987
       8      299.95003182
       9      298.57000670
      10      272.18850134
Step= 2862
       0      332.30030133
       1      302.95098270
       2      300.12131473
       3      300.00340866
       4      300.00007442
       5      300.00000082
       6      299.99997069
       7      299.99863114
       8      299.94866947
       9      298.54458880
      10      271.95070164
Step= 2889
       0      331.94202342
       1      302.97750361
       2      300.12407476
       3      300.00352627
       4      300.00007779
       5      300.00000086
       6      299.99996934
       7      299.99858111
       8      299.94728401
       9      298.51898179
      10      271.71336730
Step= 2916
       0      331.58452221
       1      303.00360755
       2      300.12685580
       3      300.00364645
       4      300.00008127
       5      300.00000091
       6      299.99996793
       7      299.99852976
       8      299.94587532
       9      298.49318654
      10      271.47649712
Step= 2943
       0      331.22779557
       1      303.02929622
       2      300.12965739
       3      300.00376922
       4      300.00008487
       5      300.00000096
       6      299.99996648
       7      299.99847708
       8      299.94444323
       9      298.46720387
      10      271.24008996
Step= 2970
       0      330.87184140
       1      303.05457128
       2      300.13247908
       3      300.00389459
       4      300.00008859
       5      300.00000101
       6      299.99996498
       7      299.99842304
       8      299.94298761
       9      298.44103464
      10      271.00414463
Step= 2997
       0      330.51665758
       1      303.07943443
       2      300.13532040
       3      300.00402258
       4      300.00009243
       5      300.00000106
       6      299.99996342
       7      299.99836762
       8      299.94150832
       9      298.41467969
      10      270.76865998
Step= 3024
       0      330.16224202
       1      303.10388733
       2      300.13818090
       3      300.00415319
       4      300.00009639
       5      300.00000112
       6      299.99996181
       7      299.99831080
       8      299.94000523
       9      298.38813984
      10      270.53363484
Step= 3051
       0      329.80859263
       1      303.12793166
       2      300.14106012
       3      300.00428646
       4      300.00010048
       5      300.00000118
       6      299.99996014
       7      299.99825256
       8      299.93847818
       9      298.36141593
      10      270.29906805
Step= 3078
       0      329.45570732
       1      303.15156906
       2      300.14395760
       3      300.00442238
       4      300.00010470
       5      300.00000124
       6      299.99995842
       7      299.99819287
       8      299.93692704
       9      298.33450879
      10      270.06495847
Step= 3105
       0      329.10358402
       1      303.17480120
       2      300.14687291
       3      300.00456097
       4      300.00010904
       5      300.00000130
       6      299.99995664
       7      299.99813172
       8      299.93535168
       9      298.30741925
      10      269.83130495
Step= 3132
       0      328.75222064
       1      303.19762973
       2      300.14980560
       3      300.00470225
       4      300.00011352
       5      300.00000137
       6      299.99995481
       7      299.99806909
       8      299.93375197
       9      298.28014813
      10      269.59810633
Step= 3159
       0      328.40161514
       1      303.22005628
       2      300.15275522
       3      300.00484622
       4      300.00011814
       5      300.00000143
       6      299.99995291
       7      299.99800495
       8      299.93212776
       9      298.25269625
      10      269.36536148
Step= 3186
       0      328.05176544
       1      303.24208250
       2      300.15572133
       3      300.00499289
       4      300.00012289
       5      300.00000150
       6      299.99995095
       7      299.99793927
       8      299.93047893
       9      298.22506443
      10      269.13306925
Step= 3213
       0      327.70266949
       1      303.26371000
       2      300.15870350
       3      300.00514229
       4      300.00012779
       5      300.00000158
       6      299.99994892
       7      299.99787205
       8      299.92880533
       9      298.19725347
      10      268.90122851
Step= 3240
       0      327.35432526
       1      303.28494043
       2      300.16170128
       3      300.00529441
       4      300.00013282
       5      300.00000165
       6      299.99994683
       7      299.99780325
       8      299.92710685
       9      298.16926420
      10      268.66983812
Step= 3267
       0      327.00673070
       1      303.30577539
       2      300.16471425
       3      300.00544927
       4      300.00013801
       5      300.00000173
       6      299.99994468
       7      299.99773285
       8      299.92538336
       9      298.14109743
      10      268.43889696
Step= 3294
       0      326.65988377
       1      303.32621649
       2      300.16774198
       3      300.00560688
       4      300.00014334
       5      300.00000181
       6      299.99994245
       7      299.99766084
       8      299.92363471
       9      298.11275394
      10      268.20840390
Step= 3321
       0      326.31378246
       1      303.34626535
       2      300.17078403
       3      300.00576725
       4      300.00014882
       5      300.00000190
       6      299.99994016
       7      299.99758718
       8      299.92186079
       9      298.08423456
      10      267.97835781
Step= 3348
       0      325.96842474
       1      303.36592357
       2      300.17383999
       3      300.00593038
       4      300.00015445
       5      300.00000199
       6      299.99993780
       7      299.99751187
       8      299.92006147
       9      298.05554007
      10      267.74875757
Step= 3375
       0      325.62380860
       1      303.38519273
       2      300.17690942
       3      300.00609629
       4      300.00016024
       5      300.00000208
       6      299.99993536
       7      299.99743486
       8      299.91823662
       9      298.02667128
      10      267.51960207
Step= 3402
       0      325.27993203
       1      303.40407443
       2      300.17999191
       3      300.00626497
       4      300.00016619
       5      300.00000217
       6      299.99993285
       7      299.99735616
       8      299.91638613
       9      297.99762898
      10      267.29089020
Step= 3429
       0      324.93679302
       1      303.42257026
       2      300.18308705
       3      300.00643645
       4      300.00017230
       5      300.00000227
       6      299.99993027
       7      299.99727571
       8      299.91450985
       9      297.96841395
      10      267.06262084
Step= 3456
       0      324.59438960
       1      303.44068178
       2      300.18619441
       3      300.00661072
       4      300.00017857
       5      300.00000237
       6      299.99992761
       7      299.99719352
       8      299.91260768
       9      297.93902699
      10      266.83479289
Step= 3483
       0      324.25271976
       1      303.45841057
       2      300.18931358
       3      300.00678779
       4      300.00018500
       5      300.00000248
       6      299.99992487
       7      299.99710955
       8      299.91067950
       9      297.90946887
      10      266.60740524
Step= 3510
       0      323.91178153
       1      303.47575820
       2      300.19244416
       3      300.00696768
       4      300.00019161
       5      300.00000259
       6      299.99992204
       7      299.99702379
       8      299.90872517
       9      297.87974039
      10      266.38045679
Step= 3537
       0      323.57157292
       1      303.49272622
       2      300.19558574
       3      300.00715037
       4      300.00019838
       5      300.00000270
       6      299.99991914
       7      299.99693620
       8      299.90674458
       9      297.84984232
      10      266.15394644
Step= 3564
       0      323.23209198
       1      303.50931619
       2      300.19873790
       3      300.00733589
       4      300.00020533
       5      300.00000281
       6      299.99991615
       7      299.99684676
       8      299.90473762
       9      297.81977543
      10      265.92787311
Step= 3591
       0      322.89333674
       1      303.52552966
       2      300.20190025
       3      300.00752423
       4      300.00021245
       5      300.00000293
       6      299.99991308
       7      299.99675546
       8      299.90270417
       9      297.78954050
      10      265.70223570
Step= 3618
       0      322.55530523
       1      303.54136818
       2      300.20507239
       3      300.00771539
       4      300.00021975
       5      300.00000306
       6      299.99990992
       7      299.99666227
       8      299.90064410
       9      297.75913830
      10      265.47703311
Step= 3645
       0      322.21799551
       1      303.55683327
       2      300.20825392
       3      300.00790939
       4      300.00022724
       5      300.00000318
       6      299.99990667
       7      299.99656716
       8      299.89855732
       9      297.72856960
      10      265.25226428
Step= 3672
       0      321.88140564
       1      303.57192647
       2      300.21144444
       3      300.00810622
       4      300.00023490
       5      300.00000332
       6      299.99990334
       7      299.99647012
       8      299.89644369
       9      297.69783515
      10      265.02792811
Step= 3699
       0      321.54553368
       1      303.58664931
       2      300.21464356
       3      300.00830590
       4      300.00024275
       5      300.00000345
       6      299.99989990
       7      299.99637112
       8      299.89430311
       9      297.66693573
      10      264.80402353
Step= 3726
       0      321.21037768
       1      303.60100331
       2      300.21785089
       3      300.00850841
       4      300.00025079
       5      300.00000359
       6      299.99989638
       7      299.99627013
       8      299.89213546
       9      297.63587209
      10      264.58054945
Step= 3753
       0      320.87593574
       1      303.61498998
       2      300.22106604
       3      300.00871377
       4      300.00025902
       5      300.00000374
       6      299.99989276
       7      299.99616714
       8      299.88994064
       9      297.60464499
      10      264.35750482
Step= 3780
       0      320.54220592
       1      303.62861083
       2      300.22428862
       3      300.00892197
       4      300.00026744
       5      300.00000389
       6      299.99988904
       7      299.99606211
       8      299.88771853
       9      297.57325517
      10      264.13488856
Step= 3807
       0      320.20918631
       1      303.64186736
       2      300.22751826
       3      300.00913303
       4      300.00027605
       5      300.00000404
       6      299.99988522
       7      299.99595503
       8      299.88546902
       9      297.54170340
      10      263.91269960
Step= 3834
       0      319.87687501
       1      303.65476108
       2      300.23075456
       3      300.00934692
       4      300.00028487
       5      300.00000420
       6      299.99988130
       7      299.99584587
       8      299.88319201
       9      297.50999041
      10      263.69093688
Step= 3861
       0      319.54527010
       1      303.66729348
       2      300.23399715
       3      300.00956367
       4      300.00029388
       5      300.00000436
       6      299.99987727
       7      299.99573461
       8      299.88088739
       9      297.47811696
      10      263.46959934
Step= 3888
       0      319.21436970
       1      303.67946604
       2      300.23724566
       3      300.00978327
       4      300.00030310
       5      300.00000453
       6      299.99987314
       7      299.99562123
       8      299.87855505
       9      297.44608378
      10      263.24868593
Step= 3915
       0      318.88417192
       1      303.69128024
       2      300.24049971
       3      300.01000572
       4      300.00031253
       5      300.00000470
       6      299.99986890
       7      299.99550569
       8      299.87619489
       9      297.41389161
      10      263.02819559
Step= 3942
       0      318.55467486
       1      303.70273757
       2      300.24375892
       3      300.01023102
       4      300.00032216
       5      300.00000488
       6      299.99986456
       7      299.99538798
       8      299.87380680
       9      297.38154119
      10      262.80812727
Step= 3969
       0      318.22587666
       1      303.71383949
       2      300.24702293
       3      300.01045916
       4      300.00033200
       5      300.00000506
       6      299.99986010
       7      299.99526808
       8      299.87139068
       9      297.34903326
      10      262.58847992
Step= 3996
       0      317.89777543
       1      303.72458747
       2      300.25029136
       3      300.01069015
       4      300.00034205
       5      300.00000525
       6      299.99985553
       7      299.99514595
       8      299.86894642
       9      297.31636854
      10      262.36925250
Step= 4023
       0      317.57036931
       1      303.73498298
       2      300.25356386
       3      300.01092399
       4      300.00035232
       5      300.00000544
       6      299.99985084
       7      299.99502158
       8      299.86647393
       9      297.28354777
      10      262.15044396
Step= 4050
       0      317.24365644
       1      303.74502745
       2      300.25684006
       3      300.01116067
       4      300.00036281
       5      300.00000564
       6      299.99984603
       7      299.99489494
       8      299.86397309
       9      297.25057166
      10      261.93205328
Step= 4077
       0      316.91763497
       1      303.75472235
       2      300.26011961
       3      300.01140020
       4      300.00037351
       5      300.00000584
       6      299.99984111
       7      299.99476600
       8      299.86144383
       9      297.21744095
      10      261.71407940
Step= 4104
       0      316.59230304
       1      303.76406912
       2      300.26340213
       3      300.01164256
       4      300.00038444
       5      300.00000605
       6      299.99983606
       7      299.99463475
       8      299.85888602
       9      297.18415634
      10      261.49652131
Step= 4131
       0      316.26765881
       1      303.77306920
       2      300.26668727
       3      300.01188776
       4      300.00039560
       5      300.00000626
       6      299.99983089
       7      299.99450115
       8      299.85629958
       9      297.15071857
      10      261.27937796
Step= 4158
       0      315.94370044
       1      303.78172401
       2      300.26997469
       3      300.01213579
       4      300.00040698
       5      300.00000648
       6      299.99982560
       7      299.99436519
       8      299.85368441
       9      297.11712834
      10      261.06264834
Step= 4185
       0      315.62042611
       1      303.79003500
       2      300.27326402
       3      300.01238665
       4      300.00041859
       5      300.00000671
       6      299.99982017
       7      299.99422684
       8      299.85104042
       9      297.08338637
      10      260.84633142
Step= 4212
       0      315.29783398
       1      303.79800358
       2      300.27655492
       3      300.01264034
       4      300.00043043
       5      300.00000694
       6      299.99981462
       7      299.99408607
       8      299.84836750
       9      297.04949337
      10      260.63042618
Step= 4239
       0      314.97592223
       1      303.80563118
       2      300.27984704
       3      300.01289685
       4      300.00044251
       5      300.00000718
       6      299.99980893
       7      299.99394286
       8      299.84566556
       9      297.01545003
      10      260.41493160
Step= 4266
       0      314.65468904
       1      303.81291920
       2      300.28314004
       3      300.01315617
       4      300.00045483
       5      300.00000742
       6      299.99980311
       7      299.99379719
       8      299.84293451
       9      296.98125708
      10      260.19984666
Step= 4293
       0      314.33413262
       1      303.81986905
       2      300.28643357
       3      300.01341830
       4      300.00046738
       5      300.00000767
       6      299.99979715
       7      299.99364903
       8      299.84017426
       9      296.94691521
      10      259.98517036
Step= 4320
       0      314.01425115
       1      303.82648213
       2      300.28972729
       3      300.01368325
       4      300.00048018
       5      300.00000793
       6      299.99979106
       7      299.99349835
       8      299.83738471
       9      296.91242511
      10      259.77090169
Step= 4347
       0      313.69504283
       1      303.83275985
       2      300.29302086
       3      300.01395099
       4      300.00049322
       5      300.00000819
       6      299.99978482
       7      299.99334514
       8      299.83456578
       9      296.87778749
      10      259.55703963
Step= 4374
       0      313.37650588
       1      303.83870359
       2      300.29631394
       3      300.01422152
       4      300.00050650
       5      300.00000846
       6      299.99977844
       7      299.99318936
       8      299.83171737
       9      296.84300303
      10      259.34358319
Step= 4401
       0      313.05863850
       1      303.84431475
       2      300.29960621
       3      300.01449484
       4      300.00052004
       5      300.00000874
       6      299.99977191
       7      299.99303100
       8      299.82883940
       9      296.80807244
      10      259.13053137
Step= 4428
       0      312.74143892
       1      303.84959469
       2      300.30289732
       3      300.01477095
       4      300.00053382
       5      300.00000902
       6      299.99976524
       7      299.99287003
       8      299.82593177
       9      296.77299640
      10      258.91788317
Step= 4455
       0      312.42490535
       1      303.85454481
       2      300.30618695
       3      300.01504983
       4      300.00054786
       5      300.00000931
       6      299.99975841
       7      299.99270641
       8      299.82299440
       9      296.73777559
      10      258.70563759
Step= 4482
       0      312.10903603
       1      303.85916647
       2      300.30947476
       3      300.01533147
       4      300.00056216
       5      300.00000960
       6      299.99975143
       7      299.99254014
       8      299.82002720
       9      296.70241070
      10      258.49379364
Step= 4509
       0      311.79382920
       1      303.86346105
       2      300.31276044
       3      300.01561588
       4      300.00057671
       5      300.00000990
       6      299.99974430
       7      299.99237118
       8      299.81703009
       9      296.66690241
      10      258.28235033
Step= 4536
       0      311.47928308
       1      303.86742989
       2      300.31604365
       3      300.01590304
       4      300.00059152
       5      300.00001021
       6      299.99973700
       7      299.99219950
       8      299.81400298
       9      296.63125140
      10      258.07130668
Step= 4563
       0      311.16539593
       1      303.87107436
       2      300.31932408
       3      300.01619294
       4      300.00060659
       5      300.00001053
       6      299.99972955
       7      299.99202509
       8      299.81094579
       9      296.59545834
      10      257.86066171
Step= 4590
       0      310.85216600
       1      303.87439582
       2      300.32260140
       3      300.01648557
       4      300.00062193
       5      300.00001085
       6      299.99972194
       7      299.99184792
       8      299.80785843
       9      296.55952391
      10      257.65041443
Step= 4617
       0      310.53959154
       1      303.87739560
       2      300.32587530
       3      300.01678093
       4      300.00063754
       5      300.00001118
       6      299.99971416
       7      299.99166796
       8      299.80474083
       9      296.52344878
      10      257.44056386
Step= 4644
       0      310.22767082
       1      303.88007505
       2      300.32914546
       3      300.01707901
       4      300.00065341
       5      300.00001152
       6      299.99970621
       7      299.99148519
       8      299.80159289
       9      296.48723362
      10      257.23110904
Step= 4671
       0      309.91640211
       1      303.88243551
       2      300.33241157
       3      300.01737979
       4      300.00066956
       5      300.00001187
       6      299.99969809
       7      299.99129959
       8      299.79841455
       9      296.45087909
      10      257.02204898
Step= 4698
       0      309.60578367
       1      303.88447831
       2      300.33567330
       3      300.01768328
       4      300.00068598
       5      300.00001222
       6      299.99968980
       7      299.99111112
       8      299.79520571
       9      296.41438586
      10      256.81338273
Step= 4725
       0      309.29581379
       1      303.88620478
       2      300.33893037
       3      300.01798945
       4      300.00070267
       5      300.00001258
       6      299.99968133
       7      299.99091976
       8      299.79196631
       9      296.37775458
      10      256.60510931
Step= 4752
       0      308.98649074
       1      303.88761623
       2      300.34218244
       3      300.01829830
       4      300.00071964
       5      300.00001295
       6      299.99967269
       7      299.99072549
       8      299.78869626
       9      296.34098593
      10      256.39722775
Step= 4779
       0      308.67781283
       1      303.88871399
       2      300.34542923
       3      300.01860981
       4      300.00073689
       5      300.00001332
       6      299.99966387
       7      299.99052828
       8      299.78539548
       9      296.30408054
      10      256.18973711
Step= 4806
       0      308.36977833
       1      303.88949938
       2      300.34867042
       3      300.01892398
       4      300.00075443
       5      300.00001371
       6      299.99965486
       7      299.99032811
       8      299.78206390
       9      296.26703908
      10      255.98263642
Step= 4833
       0      308.06238555
       1      303.88997369
       2      300.35190572
       3      300.01924079
       4      300.00077225
       5      300.00001410
       6      299.99964567
       7      299.99012496
       8      299.77870145
       9      296.22986220
      10      255.77592472
Step= 4860
       0      307.75563280
       1      303.89013823
       2      300.35513481
       3      300.01956024
       4      300.00079035
       5      300.00001450
       6      299.99963629
       7      299.98991879
       8      299.77530804
       9      296.19255055
      10      255.56960107
Step= 4887
       0      307.44951838
       1      303.88999430
       2      300.35835741
       3      300.01988231
       4      300.00080874
       5      300.00001491
       6      299.99962672
       7      299.98970958
       8      299.77188360
       9      296.15510477
      10      255.36366451
Step= 4914
       0      307.14404061
       1      303.88954320
       2      300.36157322
       3      300.02020699
       4      300.00082742
       5      300.00001532
       6      299.99961695
       7      299.98949730
       8      299.76842807
       9      296.11752551
      10      255.15811410
Step= 4941
       0      306.83919781
       1      303.88878620
       2      300.36478194
       3      300.02053426
       4      300.00084640
       5      300.00001575
       6      299.99960699
       7      299.98928194
       8      299.76494136
       9      296.07981340
      10      254.95294888
Step= 4968
       0      306.53498830
       1      303.88772461
       2      300.36798328
       3      300.02086413
       4      300.00086567
       5      300.00001618
       6      299.99959683
       7      299.98906346
       8      299.76142340
       9      296.04196909
      10      254.74816793
Step= 4995
       0      306.23141041
       1      303.88635969
       2      300.37117695
       3      300.02119656
       4      300.00088523
       5      300.00001662
       6      299.99958647
       7      299.98884184
       8      299.75787413
       9      296.00399322
      10      254.54377029
Step= 5022
       0      305.92846249
       1      303.88469272
       2      300.37436267
       3      300.02153155
       4      300.00090509
       5      300.00001707
       6      299.99957590
       7      299.98861706
       8      299.75429348
       9      295.96588642
      10      254.33975504
Step= 5049
       0      305.62614286
       1      303.88272497
       2      300.37754013
       3      300.02186908
       4      300.00092526
       5      300.00001753
       6      299.99956513
       7      299.98838909
       8      299.75068137
       9      295.92764932
      10      254.13612124
Step= 5076
       0      305.32444988
       1      303.88045771
       2      300.38070907
       3      300.02220915
       4      300.00094572
       5      300.00001799
       6      299.99955414
       7      299.98815789
       8      299.74703773
       9      295.88928255
      10      253.93286795
Step= 5103
       0      305.02338189
       1      303.87789219
       2      300.38386919
       3      300.02255174
       4      300.00096649
       5      300.00001847
       6      299.99954295
       7      299.98792346
       8      299.74336250
       9      295.85078673
      10      253.72999426
Step= 5130
       0      304.72293726
       1      303.87502968
       2      300.38702022
       3      300.02289683
       4      300.00098757
       5      300.00001895
       6      299.99953154
       7      299.98768576
       8      299.73965561
       9      295.81216250
      10      253.52749923
Step= 5157
       0      304.42311434
       1      303.87187142
       2      300.39016187
       3      300.02324441
       4      300.00100895
       5      300.00001944
       6      299.99951990
       7      299.98744477
       8      299.73591699
       9      295.77341048
      10      253.32538194
Step= 5184
       0      304.12391149
       1      303.86841867
       2      300.39329387
       3      300.02359446
       4      300.00103065
       5      300.00001994
       6      299.99950805
       7      299.98720045
       8      299.73214658
       9      295.73453128
      10      253.12364147
Step= 5211
       0      303.82532710
       1      303.86467266
       2      300.39641595
       3      300.02394697
       4      300.00105265
       5      300.00002045
       6      299.99949597
       7      299.98695280
       8      299.72834431
       9      295.69552553
      10      252.92227690
Step= 5238
       0      303.52735953
       1      303.86063463
       2      300.39952782
       3      300.02430193
       4      300.00107497
       5      300.00002097
       6      299.99948367
       7      299.98670177
       8      299.72451012
       9      295.65639384
      10      252.72128732
Step= 5265
       0      303.23000716
       1      303.85630582
       2      300.40262921
       3      300.02465932
       4      300.00109760
       5      300.00002150
       6      299.99947113
       7      299.98644735
       8      299.72064394
       9      295.61713682
      10      252.52067182
Step= 5292
       0      302.93326839
       1      303.85168745
       2      300.40571987
       3      300.02501912
       4      300.00112056
       5      300.00002204
       6      299.99945837
       7      299.98618951
       8      299.71674572
       9      295.57775509
      10      252.32042948
Step= 5319
       0      302.63714159
       1      303.84678075
       2      300.40879951
       3      300.02538132
       4      300.00114383
       5      300.00002259
       6      299.99944536
       7      299.98592822
       8      299.71281538
       9      295.53824925
      10      252.12055939
Step= 5346
       0      302.34162518
       1      303.84158693
       2      300.41186787
       3      300.02574590
       4      300.00116742
       5      300.00002314
       6      299.99943212
       7      299.98566346
       8      299.70885287
       9      295.49861991
      10      251.92106066
Step= 5373
       0      302.04671754
       1      303.83610722
       2      300.41492469
       3      300.02611285
       4      300.00119133
       5      300.00002371
       6      299.99941863
       7      299.98539520
       8      299.70485813
       9      295.45886767
      10      251.72193237
Step= 5400
       0      301.75241709
       1      303.83034283
       2      300.41796970
       3      300.02648215
       4      300.00121557
       5      300.00002429
       6      299.99940490
       7      299.98512341
       8      299.70083109
       9      295.41899314
      10      251.52317364
