# 2016-06-26 13:40:18.670790

# Simulation of heat flow through 1-dimensional rod
# 
# Dimensions
#   dim x =                  67
#   min x =                  0.0
#   max x =                  0.33
# 
# Thermodynamical parameters
#   initial temp =           303.0
#    perimeter =                 0.0698061887627652
#    power =                     9.999999999
#    thermal conductivity =      125.0
#    power2 =                    -10.0
#    emissivity =                0.01
#    u amb =                     297.0
#    specific heat =             380.0
#    stop time =                 1085.0
#    area =                      0.0003877733785771607
#    convection coeff =          1.95
#    mass density =              8730.000130087137
# 
#  Boundary conditions:
#    method =                    Simple heat-diffusion BC
#    x0 order =                  None
#    x1 order =                  None
# 
#  Finite differencing
#    time step =                 0.25
#    method =                    Explicit for simple convection-diffusion equation
# 
Step= 0
      19      303.00000000
      34      303.00000000
      48      303.00000000
      63      303.00000000
Step= 2
      19      302.99967259
      34      302.99967259
      48      302.99967259
      63      302.99967259
Step= 4
      19      302.99934519
      34      302.99934519
      48      302.99934519
      63      302.99933546
Step= 7
      19      302.99885413
      34      302.99885413
      48      302.99885413
      63      302.99879423
Step= 9
      19      302.99852678
      34      302.99852678
      48      302.99852678
      63      302.99842268
Step= 12
      19      302.99803578
      34      302.99803578
      48      302.99803578
      63      302.99785899
Step= 14
      19      302.99770847
      34      302.99770847
      48      302.99770847
      63      302.99748142
Step= 16
      19      302.99738119
      34      302.99738119
      48      302.99738119
      63      302.99710346
Step= 19
      19      302.99689029
      34      302.99689029
      48      302.99689029
      63      302.99653678
Step= 21
      19      302.99656306
      34      302.99656304
      48      302.99656304
      63      302.99615956
Step= 23
      19      302.99623605
      34      302.99623581
      48      302.99623581
      63      302.99578295
Step= 26
      19      302.99574746
      34      302.99574501
      48      302.99574500
      63      302.99521934
Step= 28
      19      302.99542544
      34      302.99541783
      48      302.99541781
      63      302.99484453
Step= 30
      19      302.99510991
      34      302.99509066
      48      302.99509063
      63      302.99447047
Step= 33
      19      302.99465944
      34      302.99459995
      48      302.99459987
      63      302.99391079
Step= 35
      19      302.99438395
      34      302.99427283
      48      302.99427270
      63      302.99353859
Step= 38
      19      302.99402894
      34      302.99378218
      48      302.99378192
      63      302.99298164
Step= 40
      19      302.99384558
      34      302.99345511
      48      302.99345471
      63      302.99261120
Step= 42
      19      302.99371773
      34      302.99312805
      48      302.99312747
      63      302.99224143
Step= 45
      19      302.99365592
      34      302.99263750
      48      302.99263655
      63      302.99168798
Step= 47
      19      302.99371925
      34      302.99231049
      48      302.99230921
      63      302.99131979
Step= 50
      19      302.99400202
      34      302.99182001
      48      302.99181810
      63      302.99076861
Step= 52
      19      302.99433357
      34      302.99149304
      48      302.99149062
      63      302.99040187
Step= 54
      19      302.99479343
      34      302.99116610
      48      302.99116307
      63      302.99003568
Step= 57
      19      302.99574852
      34      302.99067575
      48      302.99067159
      63      302.98948738
Step= 59
      19      302.99657772
      34      302.99034889
      48      302.99034384
      63      302.98912248
Step= 62
      19      302.99813493
      34      302.98985871
      48      302.98985205
      63      302.98857604
Step= 64
      19      302.99939516
      34      302.98953202
      48      302.98952407
      63      302.98821233
Step= 66
      19      303.00084267
      34      302.98920544
      48      302.98919599
      63      302.98784908
Step= 69
      19      303.00338109
      34      302.98871587
      48      302.98870369
      63      302.98730500
Step= 71
      19      303.00532765
      34      302.98838976
      48      302.98837535
      63      302.98694281
Step= 73
      19      303.00748433
      34      302.98806394
      48      302.98804692
      63      302.98658103
Step= 76
      19      303.01112409
      34      302.98757597
      48      302.98755405
      63      302.98603908
Step= 78
      19      303.01382653
      34      302.98725131
      48      302.98722534
      63      302.98567826
Step= 81
      19      303.01830271
      34      302.98676563
      48      302.98673207
      63      302.98513772
Step= 83
      19      303.02157252
      34      302.98644294
      48      302.98640308
      63      302.98477779
Step= 86
      19      303.02691103
      34      302.98596101
      48      302.98590939
      63      302.98423855
Step= 88
      19      303.03076143
      34      302.98564145
      48      302.98558013
      63      302.98387947
Step= 90
      19      303.03484613
      34      302.98532354
      48      302.98525075
      63      302.98352071
Step= 93
      19      303.04141362
      34      302.98485039
      48      302.98475648
      63      302.98298316
Step= 95
      19      303.04608573
      34      302.98453787
      48      302.98442684
      63      302.98262517
Step= 97
      19      303.05099255
      34      302.98422807
      48      302.98409709
      63      302.98226747
Step= 100
      19      303.05879146
      34      302.98376927
      48      302.98360226
      63      302.98173147
Step= 102
      19      303.06428180
      34      302.98346791
      48      302.98327225
      63      302.98137448
Step= 105
      19      303.07295083
      34      302.98302368
      48      302.98277704
      63      302.98083951
Step= 107
      19      303.07901697
      34      302.98273341
      48      302.98244678
      63      302.98048319
Step= 109
      19      303.08531053
      34      302.98244839
      48      302.98211643
      63      302.98012713
Step= 112
      19      303.09517304
      34      302.98203184
      48      302.98162073
      63      302.97959352
Step= 114
      19      303.10202645
      34      302.98176223
      48      302.98129016
      63      302.97923808
Step= 117
      19      303.11271848
      34      302.98137133
      48      302.98079415
      63      302.97870537
Step= 119
      19      303.12011763
      34      302.98112059
      48      302.98046339
      63      302.97835052
Step= 121
      19      303.12773077
      34      302.98087843
      48      302.98013255
      63      302.97799589
Step= 124
      19      303.13954598
      34      302.98053261
      48      302.97963619
      63      302.97746438
Step= 126
      19      303.14768257
      34      302.98031461
      48      302.97930522
      63      302.97711031
Step= 128
      19      303.15602378
      34      302.98010739
      48      302.97897420
      63      302.97675645
Step= 131
      19      303.16891312
      34      302.97981820
      48      302.97847762
      63      302.97622605
Step= 133
      19      303.17775358
      34      302.97964081
      48      302.97814653
      63      302.97587271
Step= 136
      19      303.19137842
      34      302.97939950
      48      302.97764990
      63      302.97534307
Step= 138
      19      303.20070019
      34      302.97925615
      48      302.97731883
      63      302.97499022
Step= 140
      19      303.21020941
      34      302.97912760
      48      302.97698778
      63      302.97463757
Step= 143
      19      303.22481832
      34      302.97896406
      48      302.97649130
      63      302.97410893
Step= 145
      19      303.23478340
      34      302.97887556
      48      302.97616039
      63      302.97375674
Step= 147
      19      303.24492573
      34      302.97880428
      48      302.97582958
      63      302.97340473
Step= 150
      19      303.26046522
      34      302.97873117
      48      302.97533357
      63      302.97287704
Step= 152
      19      303.27103802
      34      302.97870596
      48      302.97500308
      63      302.97252547
Step= 154
      19      303.28177798
      34      302.97870038
      48      302.97467275
      63      302.97217407
Step= 157
      19      303.29819514
      34      302.97873028
      48      302.97417765
      63      302.97164728
Step= 159
      19      303.30934063
      34      302.97877672
      48      302.97384788
      63      302.97129630
Step= 162
      19      303.32635297
      34      302.97888778
      48      302.97335376
      63      302.97077012
Step= 164
      19      303.33788659
      34      302.97899038
      48      302.97302474
      63      302.97041954
Step= 166
      19      303.34957069
      34      302.97911658
      48      302.97269609
      63      302.97006912
Step= 169
      19      303.36737315
      34      302.97935152
      48      302.97220388
      63      302.96954377
Step= 171
      19      303.37942179
      34      302.97953949
      48      302.97187632
      63      302.96919372
Step= 173
      19      303.39161166
      34      302.97975325
      48      302.97154927
      63      302.96884383
Step= 176
      19      303.41015567
      34      302.98012357
      48      302.97105977
      63      302.96831927
Step= 178
      19      303.42268746
      34      302.98040442
      48      302.97073421
      63      302.96796974
Step= 181
      19      303.44173261
      34      302.98087811
      48      302.97024718
      63      302.96744572
Step= 183
      19      303.45459080
      34      302.98122966
      48      302.96992345
      63      302.96709656
Step= 185
      19      303.46757533
      34      302.98161046
      48      302.96960055
      63      302.96674753
Step= 188
      19      303.48728386
      34      302.98223766
      48      302.96911788
      63      302.96622425
Step= 190
      19      303.50057399
      34      302.98269390
      48      302.96879732
      63      302.96587556
Step= 192
      19      303.51398237
      34      302.98318120
      48      302.96847782
      63      302.96552702
Step= 195
      19      303.53431177
      34      302.98397149
      48      302.96800069
      63      302.96500445
Step= 197
      19      303.54800607
      34      302.98453859
      48      302.96768412
      63      302.96465624
Step= 200
      19      303.56875419
      34      302.98545078
      48      302.96721174
      63      302.96413418
Step= 202
      19      303.58272100
      34      302.98610057
      48      302.96689858
      63      302.96378630
Step= 204
      19      303.59679319
      34      302.98678420
      48      302.96658692
      63      302.96343856
Step= 207
      19      303.61809464
      34      302.98787399
      48      302.96612242
      63      302.96291719
Step= 209
      19      303.63242150
      34      302.98864401
      48      302.96581487
      63      302.96256978
Step= 211
      19      303.64684682
      34      302.98944927
      48      302.96550912
      63      302.96222250
Step= 214
      19      303.66866523
      34      302.99072404
      48      302.96505406
      63      302.96170182
Step= 216
      19      303.68332842
      34      302.99161900
      48      302.96475319
      63      302.96135488
Step= 219
      19      303.70549502
      34      302.99302996
      48      302.96430589
      63      302.96083471
Step= 221
      19      303.72038470
      34      302.99401676
      48      302.96401050
      63      302.96048809
Step= 223
      19      303.73536190
      34      302.99504085
      48      302.96371747
      63      302.96014162
Step= 226
      19      303.75798806
      34      302.99664755
      48      302.96328257
      63      302.95962217
Step= 228
      19      303.77317664
      34      302.99776615
      48      302.96299588
      63      302.95927605
Step= 230
      19      303.78844688
      34      302.99892303
      48      302.96271191
      63      302.95893006
Step= 233
      19      303.81150185
      34      303.00073070
      48      302.96229129
      63      302.95841136
Step= 235
      19      303.82696928
      34      303.00198440
      48      302.96201458
      63      302.95806575
Step= 238
      19      303.85031277
      34      303.00393840
      48      302.96160536
      63      302.95754761
Step= 240
      19      303.86596779
      34      303.00529036
      48      302.96133659
      63      302.95720238
Step= 242
      19      303.88169526
      34      303.00668199
      48      302.96107121
      63      302.95685730
Step= 245
      19      303.90541917
      34      303.00884423
      48      302.96067970
      63      302.95634000
Step= 247
      19      303.92132152
      34      303.01033586
      48      302.96042324
      63      302.95599534
Step= 249
      19      303.93729138
      34      303.01186778
      48      302.96017056
      63      302.95565086
Step= 252
      19      303.96136984
      34      303.01424157
      48      302.95979888
      63      302.95513446
Step= 254
      19      303.97750265
      34      303.01587491
      48      302.95955616
      63      302.95479043
Step= 256
      19      303.99369836
      34      303.01754906
      48      302.95931762
      63      302.95444659
Step= 259
      19      304.01810710
      34      303.02013708
      48      302.95896794
      63      302.95393120
Step= 261
      19      304.03445457
      34      303.02191379
      48      302.95874040
      63      302.95358787
Step= 264
      19      304.05908521
      34      303.02465614
      48      302.95840779
      63      302.95307326
Step= 266
      19      304.07557688
      34      303.02653605
      48      302.95819202
      63      302.95273047
Step= 268
      19      304.09212419
      34      303.02845738
      48      302.95798117
      63      302.95238791
Step= 271
      19      304.11704700
      34      303.03141722
      48      302.95767438
      63      302.95187452
Step= 273
      19      304.13372849
      34      303.03344243
      48      302.95747636
      63      302.95153257
Step= 275
      19      304.15046173
      34      303.03550929
      48      302.95728370
      63      302.95119088
Step= 278
      19      304.17565633
      34      303.03868779
      48      302.95700501
      63      302.95067886
Step= 280
      19      304.19251437
      34      303.04085898
      48      302.95682627
      63      302.95033786
Step= 283
      19      304.21789134
      34      303.04419412
      48      302.95656904
      63      302.94982692
Step= 285
      19      304.23486782
      34      303.04646982
      48      302.95640500
      63      302.94948668
Step= 287
      19      304.25188995
      34      303.04878734
      48      302.95624706
      63      302.94914676
Step= 289
      19      304.26895680
      34      303.05114670
      48      302.95609534
      63      302.94880718
Step= 292
      19      304.29463886
      34      303.05476419
      48      302.95587970
      63      302.94829845
Step= 294
      19      304.31181342
      34      303.05722812
      48      302.95574408
      63      302.94795976
Step= 297
      19      304.33765281
      34      303.06100242
      48      302.95555318
      63      302.94745242
Step= 299
      19      304.35492950
      34      303.06357084
      48      302.95543443
      63      302.94711470
Step= 301
      19      304.37224554
      34      303.06618101
      48      302.95532265
      63      302.94677739
Step= 304
      19      304.39829153
      34      303.07017446
      48      302.95516831
      63      302.94627223
Step= 306
      19      304.41570228
      34      303.07288883
      48      302.95507448
      63      302.94593601
Step= 309
      19      304.44188655
      34      303.07703839
      48      302.95494763
      63      302.94543258
Step= 311
      19      304.45938702
      34      303.07985668
      48      302.95487250
      63      302.94509756
Step= 313
      19      304.47692201
      34      303.08271643
      48      302.95480507
      63      302.94476306
Step= 316
      19      304.50328760
      34      303.08708368
      48      302.95471861
      63      302.94426230
Step= 318
      19      304.52090566
      34      303.09004681
      48      302.95467094
      63      302.94392915
Step= 320
      19      304.53855567
      34      303.09305118
      48      302.95463138
      63      302.94359658
Step= 323
      19      304.56508905
      34      303.09763485
      48      302.95458749
      63      302.94309884
Step= 325
      19      304.58281588
      34      303.10074194
      48      302.95456871
      63      302.94276778
Step= 328
      19      304.60946129
      34      303.10547929
      48      302.95455655
      63      302.94227241
Step= 330
      19      304.62726072
      34      303.10868855
      48      302.95455928
      63      302.94194301
Step= 332
      19      304.64508803
      34      303.11193851
      48      302.95457081
      63      302.94161430
Step= 335
      19      304.67187993
      34      303.11688956
      48      302.95460486
      63      302.94112260
Step= 337
      19      304.68977423
      34      303.12024084
      48      302.95463888
      63      302.94079574
Step= 339
      19      304.70769425
      34      303.12363246
      48      302.95468210
      63      302.94046965
Step= 342
      19      304.73462121
      34      303.12879530
      48      302.95476440
      63      302.93998204
Step= 344
      19      304.75260295
      34      303.13228730
      48      302.95483108
      63      302.93965800
Step= 347
      19      304.77961977
      34      303.13760016
      48      302.95494907
      63      302.93917358
Step= 349
      19      304.79765964
      34      303.14119179
      48      302.95503988
      63      302.93885176
Step= 351
      19      304.81572181
      34      303.14482307
      48      302.95514052
      63      302.93853087
Step= 354
      19      304.84285568
      34      303.15034405
      48      302.95531014
      63      302.93805133
Step= 356
      19      304.86097124
      34      303.15407388
      48      302.95543581
      63      302.93773288
Step= 358
      19      304.87910725
      34      303.15784290
      48      302.95557168
      63      302.93741545
Step= 361
      19      304.90634851
      34      303.16356963
      48      302.95579482
      63      302.93694130
Step= 363
      19      304.92453345
      34      303.16743605
      48      302.95595660
      63      302.93662657
Step= 365
      19      304.94273712
      34      303.17134119
      48      302.95612893
      63      302.93631296
Step= 368
      19      304.97007667
      34      303.17727118
      48      302.95640738
      63      302.93584473
Step= 370
      19      304.98832506
      34      303.18127250
      48      302.95660647
      63      302.93553408
Step= 372
      19      305.00659054
      34      303.18531203
      48      302.95681643
      63      302.93522467
Step= 375
      19      305.03401983
      34      303.19144268
      48      302.95715195
      63      302.93476293
Step= 377
      19      305.05232609
      34      303.19557713
      48      302.95738948
      63      302.93445674
Step= 380
      19      305.07981451
      34      303.20184946
      48      302.95776679
      63      302.93400000
Step= 382
      19      305.09815887
      34      303.20607788
      48      302.95803246
      63      302.93369725
Step= 384
      19      305.11651773
      34      303.21034364
      48      302.95830954
      63      302.93339593
Step= 387
      19      305.14408236
      34      303.21681192
      48      302.95874673
      63      302.93294671
Step= 389
      19      305.16247576
      34      303.22117031
      48      302.95905270
      63      302.93264913
Step= 391
      19      305.18088228
      34      303.22556549
      48      302.95937037
      63      302.93235309
Step= 394
      19      305.20851585
      34      303.23222689
      48      302.95986899
      63      302.93191204
Step= 396
      19      305.22695353
      34      303.23671334
      48      302.96021627
      63      302.93162006
Step= 399
      19      305.25463212
      34      303.24351090
      48      302.96075968
      63      302.93118524
Step= 401
      19      305.27309869
      34      303.24808762
      48      302.96113705
      63      302.93089753
Step= 403
      19      305.29157620
      34      303.25270017
      48      302.96152661
      63      302.93061159
Step= 406
      19      305.31931222
      34      303.25968583
      48      302.96213392
      63      302.93018610
Step= 408
      19      305.33781557
      34      303.26438724
      48      302.96255423
      63      302.92990477
Step= 410
      19      305.35632868
      34      303.26912391
      48      302.96298697
      63      302.92962535
Step= 413
      19      305.38411593
      34      303.27629467
      48      302.96365954
      63      302.92920988
Step= 415
      19      305.40265203
      34      303.28111877
      48      302.96412366
      63      302.92893541
Step= 417
      19      305.42119677
      34      303.28597755
      48      302.96460046
      63      302.92866298
Step= 420
      19      305.44902941
      34      303.29333039
      48      302.96533955
      63      302.92825828
Step= 422
      19      305.46759444
      34      303.29827516
      48      302.96584832
      63      302.92799115
Step= 424
      19      305.48616705
      34      303.30325403
      48      302.96636998
      63      302.92772622
Step= 427
      19      305.51403958
      34      303.31078590
      48      302.96717681
      63      302.92733303
Step= 429
      19      305.53262993
      34      303.31584930
      48      302.96773100
      63      302.92707376
Step= 432
      19      305.56052776
      34      303.32350718
      48      302.96858690
      63      302.92668925
Step= 434
      19      305.57913411
      34      303.32865406
      48      302.96917399
      63      302.92643591
Step= 436
      19      305.59774639
      34      303.33383403
      48      302.96977434
      63      302.92618501
Step= 439
      19      305.62567537
      34      303.34166569
      48      302.97069986
      63      302.92581334
Step= 441
      19      305.64430135
      34      303.34692768
      48      302.97133360
      63      302.92556875
Step= 443
      19      305.66293237
      34      303.35222219
      48      302.97198081
      63      302.92532675
Step= 446
      19      305.69088779
      34      303.36022455
      48      302.97297695
      63      302.92496873
Step= 448
      19      305.70953032
      34      303.36559961
      48      302.97365802
      63      302.92473342
Step= 451
      19      305.73750190
      34      303.37372201
      48      302.97470520
      63      302.92438563
Step= 453
      19      305.75615447
      34      303.37917658
      48      302.97542044
      63      302.92415729
Step= 455
      19      305.77481065
      34      303.38466266
      48      302.97614943
      63      302.92393182
Step= 458
      19      305.80280121
      34      303.39295049
      48      302.97726881
      63      302.92359908
Step= 460
      19      305.82146546
      34      303.39851461
      48      302.97803239
      63      302.92338097
Step= 462
      19      305.84013255
      34      303.40410966
      48      302.97880988
      63      302.92316588
Step= 465
      19      305.86813806
      34      303.41255987
      48      302.98000229
      63      302.92284903
Step= 467
      19      305.88681135
      34      303.41823151
      48      302.98081475
      63      302.92264171
Step= 469
      19      305.90548675
      34      303.42393350
      48      302.98164126
      63      302.92243757
Step= 472
      19      305.93350341
      34      303.43254302
      48      302.98290747
      63      302.92213745
Step= 474
      19      305.95218326
      34      303.43832016
      48      302.98376930
      63      302.92194149
Step= 476
      19      305.97086454
      34      303.44412707
      48      302.98464532
      63      302.92174888
Step= 479
      19      305.99888875
      34      303.45289289
      48      302.98598604
      63      302.92146636
Step= 481
      19      306.01757280
      34      303.45877350
      48      302.98689769
      63      302.92128233
Step= 483
      19      306.03625765
      34      303.46468332
      48      302.98782366
      63      302.92110183
Step= 486
      19      306.06428600
      34      303.47360243
      48      302.98923953
      63      302.92083776
Step= 488
      19      306.08297205
      34      303.47958453
      48      302.99020143
      63      302.92066626
Step= 490
      19      306.10165827
      34      303.48559526
      48      302.99117776
      63      302.92049843
Step= 493
      19      306.12968757
      34      303.49466468
      48      302.99266937
      63      302.92025371
Step= 495
      19      306.14837351
      34      303.50074628
      48      302.99368190
      63      302.92009530
Step= 497
      19      306.16705904
      34      303.50685595
      48      302.99470895
      63      302.91994075
Step= 500
      19      306.19508625
      34      303.51607274
      48      302.99627684
      63      302.91971625
Step= 502
      19      306.21377010
      34      303.52225188
      48      302.99734033
      63      302.91957153
Step= 504
      19      306.23245300
      34      303.52845854
      48      302.99841845
      63      302.91943084
Step= 507
      19      306.26047524
      34      303.53781977
      48      303.00006308
      63      302.91922744
Step= 509
      19      306.27915512
      34      303.54409452
      48      303.00117785
      63      302.91909701
Step= 511
      19      306.29783354
      34      303.55039623
      48      303.00230732
      63      302.91897077
Step= 514
      19      306.32584812
      34      303.55989901
      48      303.00402914
      63      302.91878936
Step= 516
      19      306.34452226
      34      303.56626745
      48      303.00519546
      63      302.91867381
Step= 518
      19      306.36319445
      34      303.57266230
      48      303.00637655
      63      302.91856261
Step= 521
      19      306.39119879
      34      303.58230379
      48      303.00817593
      63      302.91840409
Step= 523
      19      306.40986553
      34      303.58876402
      48      303.00939403
      63      302.91830400
Step= 525
      19      306.42852985
      34      303.59525014
      48      303.01062698
      63      302.91820845
Step= 528
      19      306.45652153
      34      303.60502751
      48      303.01250425
      63      302.91807371
Step= 530
      19      306.47517927
      34      303.61157767
      48      303.01377435
      63      302.91798968
Step= 532
      19      306.49383416
      34      303.61815319
      48      303.01505935
      63      302.91791036
Step= 535
      19      306.52181089
      34      303.62806367
      48      303.01701480
      63      302.91780029
Step= 537
      19      306.54045814
      34      303.63470192
      48      303.01833709
      63      302.91773292
Step= 540
      19      306.56842286
      34      303.64470581
      48      303.02034853
      63      302.91764102
Step= 542
      19      306.58706174
      34      303.65140586
      48      303.02170818
      63      302.91758591
Step= 544
      19      306.60569708
      34      303.65813037
      48      303.02308280
      63      302.91753580
Step= 547
      19      306.63364321
      34      303.66826270
      48      303.02517281
      63      302.91747009
Step= 549
      19      306.65226922
      34      303.67504774
      48      303.02658489
      63      302.91743265
Step= 551
      19      306.67089131
      34      303.68185674
      48      303.02801196
      63      302.91740038
Step= 553
      19      306.68950938
      34      303.68868955
      48      303.02945405
      63      302.91737331
Step= 556
      19      306.71742874
      34      303.69898310
      48      303.03164532
      63      302.91734257
Step= 558
      19      306.73603632
      34      303.70587482
      48      303.03312495
      63      302.91732872
Step= 561
      19      306.76393947
      34      303.71625607
      48      303.03537258
      63      302.91731804
Step= 563
      19      306.78253596
      34      303.72320581
      48      303.03688979
      63      302.91731771
Step= 565
      19      306.80112783
      34      303.73017851
      48      303.03842205
      63      302.91732288
Step= 568
      19      306.82900681
      34      303.74068032
      48      303.04074865
      63      302.91734102
Step= 570
      19      306.84758678
      34      303.74770983
      48      303.04231853
      63      302.91736012
Step= 572
      19      306.86616182
      34      303.75476181
      48      303.04390346
      63      302.91738488
Step= 575
      19      306.89401496
      34      303.76538164
      48      303.04630909
      63      302.91743272
Step= 577
      19      306.91257731
      34      303.77248922
      48      303.04793167
      63      302.91747183
Step= 579
      19      306.93113445
      34      303.77961881
      48      303.04956931
      63      302.91751675
Step= 582
      19      306.95896018
      34      303.79035416
      48      303.05205401
      63      302.91759515
Step= 584
      19      306.97750390
      34      303.79753817
      48      303.05372930
      63      302.91765483
Step= 586
      19      306.99604212
      34      303.80474371
      48      303.05541965
      63      302.91772049
Step= 589
      19      307.02383896
      34      303.81559212
      48      303.05798340
      63      302.91783031
Step= 591
      19      307.04236308
      34      303.82285092
      48      303.05971139
      63      302.91791113
Step= 593
      19      307.06088143
      34      303.83013080
      48      303.06145444
      63      302.91799809
Step= 596
      19      307.08864797
      34      303.84108985
      48      303.06409722
      63      302.91814016
Step= 598
      19      307.10715157
      34      303.84842186
      48      303.06587789
      63      302.91824268
Step= 600
      19      307.12564915
      34      303.85577448
      48      303.06767359
      63      302.91835151
Step= 603
      19      307.15338407
      34      303.86684181
      48      303.07039534
      63      302.91852666
Step= 605
      19      307.17186629
      34      303.87424544
      48      303.07222863
      63      302.91865144
Step= 607
      19      307.19034225
      34      303.88166924
      48      303.07407695
      63      302.91878268
Step= 610
      19      307.21804430
      34      303.89284252
      48      303.07687758
      63      302.91899175
Step= 612
      19      307.23650431
      34      303.90031623
      48      303.07876343
      63      302.91913933
Step= 614
      19      307.25495784
      34      303.90780969
      48      303.08066428
      63      302.91929353
Step= 617
      19      307.28262584
      34      303.91908663
      48      303.08354368
      63      302.91953732
Step= 619
      19      307.30106288
      34      303.92662891
      48      303.08548201
      63      302.91970825
Step= 621
      19      307.31949323
      34      303.93419051
      48      303.08743531
      63      302.91988594
Step= 624
      19      307.34712605
      34      303.94556886
      48      303.09039334
      63      302.92016526
Step= 626
      19      307.36553940
      34      303.95317823
      48      303.09238405
      63      302.92036006
Step= 628
      19      307.38394584
      34      303.96080650
      48      303.09438971
      63      302.92056178
Step= 631
      19      307.41154245
      34      303.97228407
      48      303.09742620
      63      302.92087742
Step= 633
      19      307.42993140
      34      303.97995907
      48      303.09946918
      63      302.92109662
Step= 635
      19      307.44831326
      34      303.98765255
      48      303.10152708
      63      302.92132289
Step= 638
      19      307.47587266
      34      303.99922718
      48      303.10464185
      63      302.92167563
Step= 640
      19      307.49423658
      34      304.00696638
      48      303.10673698
      63      302.92191974
Step= 643
      19      307.52176881
      34      304.01860904
      48      303.10990755
      63      302.92229945
Step= 645
      19      307.54011447
      34      304.02639323
      48      303.11203984
      63      302.92256167
Step= 647
      19      307.55845274
      34      304.03419522
      48      303.11418697
      63      302.92283120
Step= 649
      19      307.57678357
      34      304.04201490
      48      303.11634894
      63      302.92310810
Step= 652
      19      307.60426578
      34      304.05377735
      48      303.11961966
      63      302.92353731
Step= 654
      19      307.62257783
      34      304.06164076
      48      303.12181864
      63      302.92383277
Step= 656
      19      307.64088229
      34      304.06952148
      48      303.12403241
      63      302.92413572
Step= 659
      19      307.66832463
      34      304.08137475
      48      303.12738076
      63      302.92460429
Step= 661
      19      307.68660992
      34      304.08929824
      48      303.12963144
      63      302.92492616
Step= 663
      19      307.70488746
      34      304.09723865
      48      303.13189685
      63      302.92525566
Step= 666
      19      307.73228916
      34      304.10918076
      48      303.13532257
      63      302.92576431
Step= 668
      19      307.75054717
      34      304.11716301
      48      303.13762476
      63      302.92611306
Step= 670
      19      307.76879729
      34      304.12516181
      48      303.13994163
      63      302.92646959
Step= 673
      19      307.79615761
      34      304.13719080
      48      303.14344444
      63      302.92701903
Step= 675
      19      307.81438786
      34      304.14523051
      48      303.14579797
      63      302.92739514
Step= 677
      19      307.83261010
      34      304.15328640
      48      303.14816612
      63      302.92777916
Step= 680
      19      307.85992835
      34      304.16540036
      48      303.15174574
      63      302.92837008
Step= 682
      19      307.87813039
      34      304.17349626
      48      303.15415040
      63      302.92877402
Step= 684
      19      307.89632430
      34      304.18160799
      48      303.15656963
      63      302.92918599
Step= 687
      19      307.92359982
      34      304.19380504
      48      303.16022577
      63      302.92981908
Step= 689
      19      307.94177324
      34      304.20195590
      48      303.16268136
      63      302.93025129
Step= 691
      19      307.95993839
      34      304.21012223
      48      303.16515147
      63      302.93069165
Step= 694
      19      307.98717058
      34      304.22240053
      48      303.16888380
      63      302.93136758
Step= 696
      19      308.00531497
      34      304.23060512
      48      303.17139012
      63      302.93182850
Step= 699
      19      308.03251585
      34      304.24294036
      48      303.17517668
      63      302.93253542
Step= 701
      19      308.05063927
      34      304.25118260
      48      303.17771909
      63      302.93301711
Step= 703
      19      308.06875426
      34      304.25943974
      48      303.18027591
      63      302.93350718
Step= 706
      19      308.09591085
      34      304.27185315
      48      303.18413811
      63      302.93425804
Step= 708
      19      308.11400461
      34      304.28014711
      48      303.18673086
      63      302.93476918
Step= 710
      19      308.13208984
      34      304.28845562
      48      303.18933796
      63      302.93528880
Step= 713
      19      308.15920163
      34      304.30094549
      48      303.19327545
      63      302.93608424
Step= 715
      19      308.17726541
      34      304.30929000
      48      303.19591832
      63      302.93662523
Step= 717
      19      308.19532056
      34      304.31764875
      48      303.19857546
      63      302.93717483
Step= 719
      19      308.21336706
      34      304.32602164
      48      303.20124685
      63      302.93773308
Step= 722
      19      308.24042054
      34      304.33860731
      48      303.20528063
      63      302.93858670
Step= 724
      19      308.25844530
      34      304.34701517
      48      303.20798757
      63      302.93916668
Step= 726
      19      308.27646134
      34      304.35543686
      48      303.21070870
      63      302.93975541
Step= 729
      19      308.30346896
      34      304.36809514
      48      303.21481695
      63      302.94065498
Step= 731
      19      308.32146306
      34      304.37655103
      48      303.21757345
      63      302.94126572
Step= 733
      19      308.33944834
      34      304.38502043
      48      303.22034407
      63      302.94188532
Step= 736
      19      308.36640970
      34      304.39774970
      48      303.22452641
      63      302.94283141
Step= 738
      19      308.38437287
      34      304.40625253
      48      303.22733223
      63      302.94347329
Step= 740
      19      308.40232714
      34      304.41476858
      48      303.23015208
      63      302.94412415
Step= 743
      19      308.42924186
      34      304.42756726
      48      303.23440815
      63      302.94511731
Step= 745
      19      308.44717384
      34      304.43611599
      48      303.23726302
      63      302.94579071
Step= 747
      19      308.46509686
      34      304.44467764
      48      303.24013185
      63      302.94647318
Step= 750
      19      308.49196458
      34      304.45754417
      48      303.24446125
      63      302.94751396
Step= 752
      19      308.50986514
      34      304.46613777
      48      303.24736491
      63      302.94821923
Step= 754
      19      308.52775669
      34      304.47474401
      48      303.25028247
      63      302.94893368
Step= 757
      19      308.55457708
      34      304.48767687
      48      303.25468480
      63      302.95002260
Step= 759
      19      308.57244602
      34      304.49631433
      48      303.25763699
      63      302.95076010
Step= 761
      19      308.59030588
      34      304.50496415
      48      303.26060300
      63      302.95150686
Step= 764
      19      308.61707864
      34      304.51796185
      48      303.26507788
      63      302.95264445
Step= 766
      19      308.63491575
      34      304.52664220
      48      303.26807833
      63      302.95341451
Step= 768
      19      308.65274374
      34      304.53533462
      48      303.27109253
      63      302.95419393
Step= 770
      19      308.67056259
      34      304.54403903
      48      303.27412044
      63      302.95498274
Step= 773
      19      308.69727369
      34      304.55711797
      48      303.27868799
      63      302.95618362
Step= 775
      19      308.71506963
      34      304.56585204
      48      303.28175010
      63      302.95699602
Step= 777
      19      308.73285637
      34      304.57459783
      48      303.28482585
      63      302.95781790
Step= 780
      19      308.75951924
      34      304.58773833
      48      303.28946500
      63      302.95906855
Step= 782
      19      308.77728295
      34      304.59651311
      48      303.29257475
      63      302.95991425
Step= 784
      19      308.79503744
      34      304.60529934
      48      303.29569806
      63      302.96076951
Step= 787
      19      308.82165182
      34      304.61850002
      48      303.30040841
      63      302.96207040
Step= 789
      19      308.83938317
      34      304.62731459
      48      303.30356552
      63      302.96294970
Step= 791
      19      308.85710525
      34      304.63614036
      48      303.30673612
      63      302.96383865
Step= 794
      19      308.88367095
      34      304.64939986
      48      303.31151724
      63      302.96519022
Step= 796
      19      308.90136979
      34      304.65825333
      48      303.31472144
      63      302.96610341
Step= 798
      19      308.91905932
      34      304.66711774
      48      303.31793903
      63      302.96702634
Step= 801
      19      308.94557615
      34      304.68043474
      48      303.32279051
      63      302.96842904
Step= 803
      19      308.96324236
      34      304.68932622
      48      303.32604151
      63      302.96937640
Step= 805
      19      308.98089923
      34      304.69822840
      48      303.32930582
      63      302.97033359
Step= 808
      19      309.00736700
      34      304.71160160
      48      303.33422723
      63      302.97178782
Step= 810
      19      309.02500047
      34      304.72053024
      48      303.33752474
      63      302.97276964
Step= 812
      19      309.04262457
      34      304.72946934
      48      303.34083550
      63      302.97376136
Step= 815
      19      309.06904313
      34      304.74289747
      48      303.34582641
      63      302.97526753
Step= 817
      19      309.08664376
      34      304.75186243
      48      303.34917016
      63      302.97628407
Step= 819
      19      309.10423499
      34      304.76083762
      48      303.35252706
      63      302.97731058
Step= 822
      19      309.13060420
      34      304.77431943
      48      303.35758704
      63      302.97886907
Step= 824
      19      309.14817190
      34      304.78331989
      48      303.36097674
      63      302.97992058
Step= 826
      19      309.16573017
      34      304.79233034
      48      303.36437951
      63      302.98098214
Step= 829
      19      309.19204990
      34      304.80586462
      48      303.36950813
      63      302.98259333
Step= 831
      19      309.20958458
      34      304.81489978
      48      303.37294349
      63      302.98368007
Step= 833
      19      309.22710982
      34      304.82394470
      48      303.37639184
      63      302.98477691
Step= 836
      19      309.25337996
      34      304.83753027
      48      303.38158867
      63      302.98644116
Step= 838
      19      309.27088157
      34      304.84659933
      48      303.38506940
      63      302.98756335
Step= 840
      19      309.28837371
      34      304.85567795
      48      303.38856304
      63      302.98869571
Step= 843
      19      309.31459416
      34      304.86931363
      48      303.39382765
      63      302.99041336
Step= 845
      19      309.33206262
      34      304.87841584
      48      303.39735346
      63      302.99157124
Step= 847
      19      309.34952160
      34      304.88752737
      48      303.40089209
      63      302.99273934
Step= 850
      19      309.37569229
      34      304.90121204
      48      303.40622405
      63      302.99451073
Step= 852
      19      309.39312755
      34      304.91034663
      48      303.40979465
      63      302.99570450
Step= 854
      19      309.41055332
      34      304.91949035
      48      303.41337799
      63      302.99690857
Step= 856
      19      309.42796960
      34      304.92864312
      48      303.41697406
      63      302.99812295
Step= 859
      19      309.45407620
      34      304.94238913
      48      303.42239196
      63      302.99996389
Step= 861
      19      309.47146872
      34      304.95156429
      48      303.42601972
      63      303.00120412
Step= 863
      19      309.48885174
      34      304.96074831
      48      303.42966012
      63      303.00245472
Step= 866
      19      309.51490843
      34      304.97454080
      48      303.43514437
      63      303.00435009
Step= 868
      19      309.53226767
      34      304.98374669
      48      303.43881626
      63      303.00562668
Step= 870
      19      309.54961739
      34      304.99296123
      48      303.44250071
      63      303.00691370
Step= 873
      19      309.57562414
      34      305.00679914
      48      303.44805087
      63      303.00886380
Step= 875
      19      309.59295007
      34      305.01603506
      48      303.45176661
      63      303.01017694
Step= 877
      19      309.61026648
      34      305.02527944
      48      303.45549481
      63      303.01150056
Step= 880
      19      309.63622325
      34      305.03916174
      48      303.46111045
      63      303.01350565
Step= 882
      19      309.65351585
      34      305.04842701
      48      303.46486973
      63      303.01485552
Step= 884
      19      309.67079894
      34      305.05770054
      48      303.46864140
      63      303.01621591
Step= 887
      19      309.69670570
      34      305.07162621
      48      303.47432208
      63      303.01827627
Step= 889
      19      309.71396497
      34      305.08092016
      48      303.47812462
      63      303.01966303
Step= 891
      19      309.73121472
      34      305.09022218
      48      303.48193947
      63      303.02106037
Step= 894
      19      309.75707147
      34      305.10419024
      48      303.48768476
      63      303.02317622
Step= 896
      19      309.77429740
      34      305.11351222
      48      303.49153027
      63      303.02460005
Step= 898
      19      309.79151381
      34      305.12284208
      48      303.49538800
      63      303.02603449
Step= 901
      19      309.81732056
      34      305.13685156
      48      303.50119746
      63      303.02820608
Step= 903
      19      309.83451315
      34      305.14620092
      48      303.50508565
      63      303.02966711
Step= 905
      19      309.85169622
      34      305.15555799
      48      303.50898598
      63      303.03113881
Step= 908
      19      309.87745296
      34      305.16960793
      48      303.51485919
      63      303.03336636
Step= 910
      19      309.89461223
      34      305.17898406
      48      303.51878977
      63      303.03486475
Step= 912
      19      309.91176197
      34      305.18836771
      48      303.52273241
      63      303.03637384
Step= 915
      19      309.93746874
      34      305.20245721
      48      303.52866893
      63      303.03865756
Step= 917
      19      309.95459468
      34      305.21185948
      48      303.53264161
      63      303.04019344
Step= 919
      19      309.97171112
      34      305.22126911
      48      303.53662627
      63      303.04174006
Step= 922
      19      309.99736793
      34      305.23539725
      48      303.54262567
      63      303.04408014
Step= 924
      19      310.01446058
      34      305.24482507
      48      303.54664017
      63      303.04565365
Step= 926
      19      310.03154372
      34      305.25426008
      48      303.55066656
      63      303.04723793
Step= 928
      19      310.04861736
      34      305.26370224
      48      303.55470483
      63      303.04883299
Step= 931
      19      310.07421000
      34      305.27787876
      48      303.56078444
      63      303.05124581
Step= 933
      19      310.09125988
      34      305.28733858
      48      303.56485229
      63      303.05286786
Step= 935
      19      310.10830026
      34      305.29680537
      48      303.56893192
      63      303.05450073
Step= 938
      19      310.13384304
      34      305.31101855
      48      303.57507343
      63      303.05697033
Step= 940
      19      310.15085969
      34      305.32050260
      48      303.57918244
      63      303.05863027
Step= 943
      19      310.17636688
      34      305.33474144
      48      303.58536791
      63      303.06114051
Step= 945
      19      310.19335981
      34      305.34424245
      48      303.58950615
      63      303.06282758
Step= 947
      19      310.21034327
      34      305.35375017
      48      303.59365604
      63      303.06452551
Step= 950
      19      310.23580069
      34      305.36802424
      48      303.59990267
      63      303.06709279
Step= 952
      19      310.25276046
      34      305.37754854
      48      303.60408159
      63      303.06881792
Step= 954
      19      310.26971076
      34      305.38707939
      48      303.60827208
      63      303.07055393
Step= 956
      19      310.28665160
      34      305.39661676
      48      303.61247412
      63      303.07230085
Step= 959
      19      310.31204513
      34      305.41093492
      48      303.61879878
      63      303.07494167
Step= 961
      19      310.32896232
      34      305.42048838
      48      303.62302958
      63      303.07671586
Step= 963
      19      310.34587007
      34      305.43004820
      48      303.62727186
      63      303.07850098
Step= 966
      19      310.37121398
      34      305.44439976
      48      303.63365672
      63      303.08119914
Step= 968
      19      310.38809812
      34      305.45397530
      48      303.63792756
      63      303.08301159
Step= 970
      19      310.40497282
      34      305.46355705
      48      303.64220979
      63      303.08483498
Step= 973
      19      310.43026719
      34      305.47794124
      48      303.64865444
      63      303.08759061
Step= 975
      19      310.44711832
      34      305.48753836
      48      303.65296505
      63      303.08944139
Step= 977
      19      310.46396004
      34      305.49714154
      48      303.65728696
      63      303.09130313
Step= 980
      19      310.48920496
      34      305.51155761
      48      303.66379098
      63      303.09411632
Step= 982
      19      310.50602314
      34      305.52117580
      48      303.66814106
      63      303.09600550
Step= 984
      19      310.52283193
      34      305.53079992
      48      303.67250237
      63      303.09790567
Step= 987
      19      310.54802748
      34      305.54524714
      48      303.67906534
      63      303.10077652
Step= 989
      19      310.56481278
      34      305.55488592
      48      303.68345463
      63      303.10270416
Step= 991
      19      310.58158870
      34      305.56453050
      48      303.68785507
      63      303.10464280
Step= 994
      19      310.60673499
      34      305.57900814
      48      303.69447658
      63      303.10757139
Step= 996
      19      310.62348746
      34      305.58866704
      48      303.69890480
      63      303.10953755
Step= 998
      19      310.64023057
      34      305.59833160
      48      303.70334409
      63      303.11151472
Step= 1001
      19      310.66532769
      34      305.61283897
      48      303.71002374
      63      303.11450114
Step= 1003
      19      310.68204742
      34      305.62251752
      48      303.71449061
      63      303.11650586
Step= 1005
      19      310.69875779
      34      305.63220159
      48      303.71896848
      63      303.11852161
Step= 1008
      19      310.72380585
      34      305.64673800
      48      303.72570585
      63      303.12156592
Step= 1010
      19      310.74049289
      34      305.65643575
      48      303.73021111
      63      303.12360925
Step= 1012
      19      310.75717060
      34      305.66613890
      48      303.73472728
      63      303.12566362
Step= 1015
      19      310.78216970
      34      305.68070367
      48      303.74152197
      63      303.12876587
Step= 1017
      19      310.79882413
      34      305.69042017
      48      303.74606534
      63      303.13084784
Step= 1019
      19      310.81546926
      34      305.70014194
      48      303.75061956
      63      303.13294086
Step= 1022
      19      310.84041952
      34      305.71473443
      48      303.75747116
      63      303.13610110
Step= 1024
      19      310.85704141
      34      305.72446924
      48      303.76205238
      63      303.13822175
Step= 1026
      19      310.87365403
      34      305.73420922
      48      303.76664436
      63      303.14035345
Step= 1029
      19      310.89855556
      34      305.74882877
      48      303.77355247
      63      303.14357173
Step= 1031
      19      310.91514500
      34      305.75858148
      48      303.77817127
      63      303.14573107
Step= 1033
      19      310.93172519
      34      305.76833922
      48      303.78280076
      63      303.14790148
Step= 1036
      19      310.95657812
      34      305.78298521
      48      303.78976498
      63      303.15117782
Step= 1038
      19      310.97313519
      34      305.79275541
      48      303.79442110
      63      303.15337588
Step= 1040
      19      310.98968303
      34      305.80253051
      48      303.79908783
      63      303.15558500
Step= 1043
      19      311.01448748
      34      305.81720233
      48      303.80610777
      63      303.15891943
Step= 1045
      19      311.03101227
      34      305.82698959
      48      303.81080093
      63      303.16115622
Step= 1047
      19      311.04752784
      34      305.83678166
      48      303.81550463
      63      303.16340408
Step= 1050
      19      311.07228395
      34      305.85147870
      48      303.82257990
      63      303.16679661
Step= 1052
      19      311.08877653
      34      305.86128264
      48      303.82730985
      63      303.16907213
Step= 1055
      19      311.11349819
      34      305.87599734
      48      303.83442440
      63      303.17250617
Step= 1057
      19      311.12996782
      34      305.88581295
      48      303.83918047
      63      303.17480936
Step= 1059
      19      311.14642829
      34      305.89563318
      48      303.84394695
      63      303.17712363
Step= 1061
      19      311.16287960
      34      305.90545799
      48      303.84872382
      63      303.17944896
Step= 1064
      19      311.18753942
      34      305.92020374
      48      303.85590856
      63      303.18295770
Step= 1066
      19      311.20396787
      34      305.93003987
      48      303.86071131
      63      303.18531070
Step= 1069
      19      311.22859342
      34      305.94480246
      48      303.86793477
      63      303.18886095
Step= 1071
      19      311.24499906
      34      305.95464973
      48      303.87276328
      63      303.19124161
Step= 1073
      19      311.26139558
      34      305.96450140
      48      303.87760204
      63      303.19363333
Step= 1075
      19      311.27778300
      34      305.97435745
      48      303.88245105
      63      303.19603612
Step= 1078
      19      311.30234707
      34      305.98914965
      48      303.88974372
      63      303.19966104
Step= 1080
      19      311.31871176
      34      305.99901650
      48      303.89461824
      63      303.20209148
Step= 1082
      19      311.33506738
      34      306.00888762
      48      303.89950293
      63      303.20453298
Step= 1085
      19      311.35958380
      34      306.02370224
      48      303.90684899
      63      303.20821595
Step= 1087
      19      311.37591675
      34      306.03358390
      48      303.91175902
      63      303.21068509
Step= 1089
      19      311.39224066
      34      306.04346974
      48      303.91667914
      63      303.21316528
Step= 1092
      19      311.41670957
      34      306.05830625
      48      303.92407822
      63      303.21690627
Step= 1094
      19      311.43301089
      34      306.06820239
      48      303.92902350
      63      303.21941408
Step= 1096
      19      311.44930319
      34      306.07810260
      48      303.93397880
      63      303.22193294
Step= 1099
      19      311.47372474
      34      306.09296050
      48      303.94143052
      63      303.22573192
Step= 1101
      19      311.48999453
      34      306.10287077
      48      303.94641080
      63      303.22827838
Step= 1103
      19      311.50625532
      34      306.11278502
      48      303.95140103
      63      303.23083587
Step= 1106
      19      311.53062967
      34      306.12766379
      48      303.95890501
      63      303.23469280
Step= 1108
      19      311.54686802
      34      306.13758787
      48      303.96392005
      63      303.23727787
Step= 1110
      19      311.56309741
      34      306.14751583
      48      303.96894497
      63      303.23987396
Step= 1113
      19      311.58742470
      34      306.16241499
      48      303.97650084
      63      303.24378878
Step= 1115
      19      311.60363172
      34      306.17235254
      48      303.98155038
      63      303.24641243
Step= 1118
      19      311.62792551
      34      306.18726597
      48      303.98914309
      63      303.25036855
Step= 1120
      19      311.64411021
      34      306.19721295
      48      303.99421714
      63      303.25301973
Step= 1122
      19      311.66028601
      34      306.20716366
      48      303.99930094
      63      303.25568192
Step= 1125
      19      311.68453301
      34      306.22209667
      48      304.00694492
      63      303.25969583
Step= 1127
      19      311.70068657
      34      306.23205659
      48      304.01205305
      63      303.26238552
Step= 1129
      19      311.71683124
      34      306.24202015
      48      304.01717088
      63      303.26508620
Step= 1131
      19      311.73296705
      34      306.25198733
      48      304.02229838
      63      303.26779787
Step= 1134
      19      311.75715414
      34      306.26694482
      48      304.03000773
      63      303.27188598
Step= 1136
      19      311.77326780
      34      306.27692092
      48      304.03515934
      63      303.27462511
Step= 1138
      19      311.78937263
      34      306.28690056
      48      304.04032055
      63      303.27737521
Step= 1141
      19      311.81351331
      34      306.30187659
      48      304.04808034
      63      303.28152093
Step= 1143
      19      311.82959607
      34      306.31186494
      48      304.05326549
      63      303.28429845
Step= 1146
      19      311.85370370
      34      306.32685394
      48      304.06106109
      63      303.28848528
Step= 1148
      19      311.86976445
      34      306.33685087
      48      304.06627004
      63      303.29129019
Step= 1150
      19      311.88581642
      34      306.34685118
      48      304.07148849
      63      303.29410605
Step= 1153
      19      311.90987792
      34      306.36185796
      48      304.07933391
      63      303.29835035
Step= 1155
      19      311.92590796
      34      306.37186665
      48      304.08457600
      63      303.30119356
Step= 1158
      19      311.94993661
      34      306.38688587
      48      304.09245680
      63      303.30547886
Step= 1160
      19      311.96594478
      34      306.39690279
      48      304.09772241
      63      303.30834938
Step= 1162
      19      311.98194422
      34      306.40692295
      48      304.10299740
      63      303.31123082
Step= 1165
      19      312.00592703
      34      306.42195925
      48      304.11092742
      63      303.31557343
Step= 1167
      19      312.02190468
      34      306.43198744
      48      304.11622576
      63      303.31848214
Step= 1169
      19      312.03787363
      34      306.44201881
      48      304.12153341
      63      303.32140174
Step= 1172
      19      312.06181076
      34      306.45707177
      48      304.12951230
      63      303.32580157
Step= 1174
      19      312.07775800
      34      306.46711098
      48      304.13484315
      63      303.32874840
Step= 1176
      19      312.09369658
      34      306.47715329
      48      304.14018323
      63      303.33170610
Step= 1179
      19      312.11758821
      34      306.49222251
      48      304.14821065
      63      303.33616303
Step= 1181
      19      312.13350515
      34      306.50227247
      48      304.15357376
      63      303.33914790
Step= 1184
      19      312.15736439
      34      306.51735307
      48      304.16163563
      63      303.34364556
Step= 1186
      19      312.17325977
      34      306.52741055
      48      304.16702165
      63      303.34665755
Step= 1188
      19      312.18914653
      34      306.53747101
      48      304.17241681
      63      303.34968039
Step= 1191
      19      312.21296056
      34      306.55256722
      48      304.18052662
      63      303.35423496
Step= 1193
      19      312.22882584
      34      306.56263501
      48      304.18594452
      63      303.35728488
Step= 1196
      19      312.25260769
      34      306.57774214
      48      304.19408836
      63      303.36188003
Step= 1198
      19      312.26845154
      34      306.58781715
      48      304.19952890
      63      303.36495697
Step= 1200
      19      312.28428684
      34      306.59789501
      48      304.20497845
      63      303.36804472
Step= 1203
      19      312.30802378
      34      306.61301711
      48      304.21316965
      63      303.37269658
Step= 1205
      19      312.32383774
      34      306.62310201
      48      304.21864168
      63      303.37581130
Step= 1207
      19      312.33964318
      34      306.63318970
      48      304.22412266
      63      303.37893680
Step= 1210
      19      312.36333538
      34      306.64832641
      48      304.23236089
      63      303.38364524
Step= 1212
      19      312.37911956
      34      306.65842097
      48      304.23786419
      63      303.38679764
Step= 1214
      19      312.39489525
      34      306.66851825
      48      304.24337638
      63      303.38996081
Step= 1216
      19      312.41066247
      34      306.67861822
      48      304.24889745
      63      303.39313471
Step= 1219
      19      312.43429742
      34      306.69377319
      48      304.25719565
      63      303.39791570
Step= 1221
      19      312.45004348
      34      306.70387983
      48      304.26273883
      63      303.40111644
Step= 1224
      19      312.47364675
      34      306.71904471
      48      304.27107012
      63      303.40593764
Step= 1226
      19      312.48937173
      34      306.72915789
      48      304.27663529
      63      303.40916516
Step= 1228
      19      312.50508829
      34      306.73927365
      48      304.28220924
      63      303.41240338
Step= 1230
      19      312.52079643
      34      306.74939198
      48      304.28779194
      63      303.41565229
Step= 1233
      19      312.54434291
      34      306.76457426
      48      304.29618235
      63      303.42054569
Step= 1235
      19      312.56003008
      34      306.77469893
      48      304.30178685
      63      303.42382130
Step= 1237
      19      312.57570887
      34      306.78482612
      48      304.30740003
      63      303.42710757
Step= 1240
      19      312.59921137
      34      306.80002155
      48      304.31583607
      63      303.43205696
Step= 1242
      19      312.61486927
      34      306.81015492
      48      304.32147090
      63      303.43536986
Step= 1244
      19      312.63051883
      34      306.82029073
      48      304.32711436
      63      303.43869339
Step= 1247
      19      312.65397755
      34      306.83549900
      48      304.33559569
      63      303.44369862
Step= 1249
      19      312.66960630
      34      306.84564085
      48      304.34126064
      63      303.44704871
