        0.00000000
        0.00000000
        0.06353861
        0.19550342
        0.13685239
        0.00977517
        0.07820137
        0.00000000
        0.00000000
        0.06353861
        0.03421310
        0.00000000
        0.11241447
        0.02932551
        0.12707722
        0.00000000
        0.00000000
        0.00000000
        0.07331378
        0.02932551
        0.00000000
        0.00000000
        0.00000000
        0.02443793
        0.17106549
        0.00000000
        0.00488759
        0.00000000
        0.05376344
        0.03421310
        0.16617791
        0.14662757
        0.00000000
        0.23949169
        0.15640274
        0.00000000
        0.00000000
        0.01466276
        0.00000000
        0.02443793
        0.00000000
        0.00000000
        0.09286413
        0.17106549
        1.09970674
        1.40273705
        1.11925709
        1.07038123
        1.26099707
        1.02150538
        1.02150538
        0.72825024
        1.02150538
        1.01173021
        0.85532747
        1.30498534
        1.30498534
        0.99706745
        1.04594330
        1.37829912
        1.15835777
        0.94819159
        0.92375367
        1.49071359
        1.18768328
        1.14369501
        1.18768328
        1.21700880
        1.14369501
        1.26099707
        0.96774194
        1.02150538
        1.14369501
        1.66177908
        0.99217986
        1.07526882
        1.18279570
        1.01661779
        1.11925709
        1.19745846
        1.07038123
        1.03616813
        0.81133920
        0.69403715
        1.11436950
        0.88954057
        1.21212121
        1.35874878
        1.34408602
        1.35874878
        0.91397849
        1.26588465
        1.11925709
        1.20234604
        1.03616813
        1.52981427
        1.29521017
        1.37829912
        1.11436950
        1.21212121
        1.37829912
        1.16324536
        1.32942326
        1.04594330
        0.91886608
        1.10459433
        1.27077224
        1.16813294
        1.52003910
        1.23655914
        1.07038123
        1.27077224
        1.10459433
        1.28543500
        0.84066471
        1.24633431
        1.07526882
        1.44672532
        1.08993157
        0.88465298
        1.07038123
        1.12414467
        1.19257087
        0.94330401
        1.30498534
        1.53958944
        1.07038123
        1.09481916
