        0.96285435
        1.10459433
        1.16324536
        0.90420332
        0.98240469
        1.20234604
        1.21700880
        1.16324536
        1.15835777
        1.17302053
        1.13880743
        1.01173021
        1.16813294
        1.05083089
        1.08993157
        1.06549365
        1.29032258
        1.01173021
        1.24144673
        1.14858260
        1.26099707
        1.27565982
        1.16324536
        1.20723363
        1.19257087
        1.18768328
        1.22189638
        1.22678397
        1.27077224
        1.03616813
        1.11436950
        1.11925709
        1.13880743
        1.16324536
        1.24633431
        1.12903226
        1.19745846
        1.30987292
        1.25122190
        1.18279570
        1.15835777
        1.17790811
        1.22678397
        0.92864125
        2.26295210
        2.39980450
        2.22873900
        2.55131965
        2.37536657
        2.29227761
        2.23851417
        2.30694037
        2.11143695
        2.15542522
        2.47311828
        2.23851417
        2.04789834
        2.30694037
        1.83773216
        2.44379277
        2.38514174
        2.35092864
        2.56109482
        2.41935484
        2.17986315
        2.03323558
        2.38514174
        2.31671554
        2.54643206
        2.06256109
        2.01857283
        2.29227761
        2.30205279
        2.50244379
        2.39980450
        2.41446725
        2.19452590
        2.27272727
        2.36559140
        2.46334311
        2.34604106
        2.10654936
        2.30205279
        2.34604106
        2.49755621
        2.30205279
        2.26295210
        2.42424242
        2.61485826
        2.61485826
        1.94525904
        2.22385142
        2.52199413
        2.41935484
        2.60997067
        2.60997067
        2.43890518
        2.17008798
        2.57086999
        2.15542522
        2.39491691
        2.25317693
        2.41446725
        2.29227761
        2.08211144
        2.70772239
        2.28739003
        2.38514174
        2.19941349
        2.56598240
        2.12609971
        2.31182796
        2.17008798
        2.03323558
        2.38025415
        2.62952102
        2.28739003
        2.59530792
        2.37047898
        2.39002933
        2.53176931
        2.27272727
        2.46823069
        2.49755621
        2.37536657
        2.17008798
        2.18475073
        2.19452590
