# 2016-06-06 12:41:52.606402
#
# Simulation of heat flow through 1-dimensional rod
#
# Dimensions
#   dim x =           11
#   min x =           0.0
#   max x =           1.0
#
# Thermodynamical parameters
#   initial temp =    300.0
#   alpha =           1.0
#
# Boundary conditions:
#   method =          Dirichlet
#   x0 order =        1
#   x1 order =        1
#
# Finite differencing
#   num steps =       100000
#   time step =       0.01
#   method =          Implicit
#   write period =    1000
#
Step= 0
       0      300.00000000
       1      300.00000000
       2      300.00000000
       3      300.00000000
       4      300.00000000
       5      300.00000000
       6      300.00000000
       7      300.00000000
       8      300.00000000
       9      300.00000000
      10      300.00000000
Step= 1000
       0     1000.00000000
       1      363.53935587
       2      303.07383815
       3      300.10089976
       4      300.00250348
       5      300.00004991
       6      300.00000083
       7      300.00000001
       8      300.00000000
       9      300.00000000
      10      300.00000000
Step= 2000
       0     1000.00000000
       1      416.07560228
       2      310.84271102
       3      300.69835221
       4      300.03422083
       5      300.00135168
       6      300.00004470
       7      300.00000127
       8      300.00000003
       9      300.00000000
      10      300.00000000
Step= 3000
       0     1000.00000000
       1      459.94559496
       2      321.63143523
       3      302.04991565
       4      300.14883929
       5      300.00874246
       6      300.00043077
       7      300.00001827
       8      300.00000068
       9      300.00000002
      10      300.00000000
Step= 4000
       0     1000.00000000
       1      496.93569453
       2      334.26804845
       3      304.24479732
       4      300.40577980
       5      300.03150073
       6      300.00205598
       7      300.00011568
       8      300.00000572
       9      300.00000025
      10      300.00000000
Step= 5000
       0     1000.00000000
       1      528.41992675
       2      347.93769090
       3      307.27261395
       4      300.85771534
       5      300.08247408
       6      300.00668327
       7      300.00046758
       8      300.00002876
       9      300.00000157
      10      300.00000000
Step= 6000
       0     1000.00000000
       1      555.46194731
       2      362.07872476
       3      311.06776990
       4      301.54525367
       5      300.17661637
       6      300.01705422
       7      300.00142402
       8      300.00010467
       9      300.00000685
      10      300.00000000
Step= 7000
       0     1000.00000000
       1      578.89059315
       2      376.30883274
       3      315.53758511
       4      302.49565836
       5      300.32951864
       6      300.03685122
       7      300.00356969
       8      300.00030473
       9      300.00002314
      10      300.00000000
Step= 8000
       0     1000.00000000
       1      599.35609552
       2      390.37241875
       3      320.57967505
       4      303.72369072
       5      300.55619192
       6      300.07054862
       7      300.00776439
       8      300.00075396
       9      300.00006510
      10      300.00000000
Step= 9000
       0     1000.00000000
       1      617.37208627
       2      404.10316050
       3      326.09229096
       4      305.23342677
       5      300.87018217
       6      300.12319852
       7      300.01516097
       8      300.00164815
       9      300.00015924
      10      300.00000000
Step= 10000
       0     1000.00000000
       1      633.34712981
       2      417.39735022
       3      331.98010838
       4      307.02038855
       5      301.28300784
       6      300.20019115
       7      300.02720049
       8      300.00326889
       9      300.00034892
      10      300.00000000
Step= 11000
       0     1000.00000000
       1      647.60850367
       2      430.19492331
       3      338.15712326
       4      309.07363045
       5      301.80387069
       6      300.30701952
       7      300.04558783
       8      300.00599483
       9      300.00069966
      10      300.00000000
Step= 12000
       0     1000.00000000
       1      660.42022034
       2      442.46596980
       3      344.54775428
       4      311.37760319
       5      302.43957807
       6      300.44906803
       7      300.07225223
       8      300.01030857
       9      300.00130424
      10      300.00000000
Step= 13000
       0     1000.00000000
       1      671.99675348
       2      454.20115839
       3      351.08687166
       4      313.91372581
       5      303.19461732
       6      300.63143577
       7      300.10929772
       8      300.01679851
       9      300.00228733
      10      300.00000000
Step= 14000
       0     1000.00000000
       1      682.51354641
       2      465.40495381
       3      357.71921925
       4      316.66165587
       5      304.07133062
       6      300.85879885
       7      300.15894832
       8      300.02615610
       9      300.00380920
      10      300.00000000
Step= 15000
       0     1000.00000000
       1      692.11509968
       2      476.09082859
       3      364.39852689
       4      319.60027971
       5      305.07014939
       6      301.13531161
       7      300.22349213
       8      300.03916872
       9      300.00606829
      10      300.00000000
Step= 16000
       0     1000.00000000
       1      700.92122925
       2      486.27789875
       3      371.08649811
       4      322.70845860
       5      306.18985683
       6      301.46454344
       7      300.30522738
       8      300.05670909
       9      300.00930253
      10      300.00000000
Step= 17000
       0     1000.00000000
       1      709.03193557
       2      495.98857554
       3      377.75178438
       4      325.96557092
       5      307.42785648
       6      301.84944663
       7      300.40641301
       8      300.07972198
       9      300.01378929
      10      300.00000000
Step= 18000
       0     1000.00000000
       1      716.53121315
       2      505.24694122
       3      384.36900933
       4      329.35188903
       5      308.78043153
       6      302.29234979
       7      300.52922524
       8      300.10920897
       9      300.01984408
      10      300.00000000
Step= 19000
       0     1000.00000000
       1      723.49004790
       2      514.07764014
       3      390.91787594
       4      332.84882585
       5      310.24298529
       6      302.79497151
       7      300.67572089
       8      300.14621229
       9      300.02781802
      10      300.00000000
Step= 20000
       0     1000.00000000
       1      729.96878875
       2      522.50513554
       3      397.38237057
       4      336.43908096
       5      311.81025752
       6      303.35844933
       7      300.84780796
       8      300.19179822
       9      300.03809429
      10      300.00000000
Step= 21000
       0     1000.00000000
       1      736.01903492
       2      530.55322477
       3      403.75006621
       4      340.10671118
       5      313.47651425
       6      303.98337935
       7      301.04722310
       8      300.24704087
       9      300.05108373
      10      300.00000000
Step= 22000
       0     1000.00000000
       1      741.68514612
       2      538.24473650
       3      410.01152079
       4      343.83714563
       5      315.23571075
       6      304.66986300
       7      301.27551576
       8      300.31300670
       9      300.06721984
      10      300.00000000
Step= 23000
       0     1000.00000000
       1      747.00545794
       2      545.60135494
       3      416.15976281
       4      347.61716119
       5      317.08162889
       6      305.41755769
       7      301.53403827
       8      300.39074026
       9      300.08695324
      10      300.00000000
Step= 24000
       0     1000.00000000
       1      752.01326533
       2      552.64353179
       3      422.18985502
       4      351.43483095
       5      319.00799063
       6      306.22572893
       7      301.82394116
       8      300.48125128
       9      300.11074601
      10      300.00000000
Step= 25000
       0     1000.00000000
       1      756.73762285
       2      559.39045829
       3      428.09852666
       4      355.27945489
       5      321.00855013
       6      307.09330207
       7      302.14617295
       8      300.58550347
       9      300.13906591
      10      300.00000000
Step= 26000
       0     1000.00000000
       1      761.20399935
       2      565.86007713
       3      433.88386502
       4      359.14148018
       5      323.07716695
       6      308.01891230
       7      302.50148368
       8      300.70440490
       9      300.17238071
      10      300.00000000
Step= 27000
       0     1000.00000000
       1      765.43481639
       2      572.06912049
       3      439.54505775
       4      363.01241623
       5      325.20786293
       6      309.00095181
       7      302.89043140
       8      300.83880016
       9      300.21115276
      10      300.00000000
Step= 28000
       0     1000.00000000
       1      769.44989326
       2      578.03316416
       3      445.08217839
       4      366.88474830
       5      327.39486498
       6      310.03761373
       7      303.31339097
       8      300.98946410
       9      300.25583394
      10      300.00000000
Step= 29000
       0     1000.00000000
       1      773.26681680
       2      583.76669079
       3      450.49600834
       4      370.75185246
       5      329.63263628
       6      311.12693212
       7      303.77056456
       8      301.15709721
       9      300.30686097
      10      300.00000000
Step= 30000
       0     1000.00000000
       1      776.90125012
       2      589.28315765
       3      455.78788951
       4      374.60791366
       5      331.91589761
       6      312.26681826
       7      304.26199342
       8      301.34232240
       9      300.36465131
      10      300.00000000
Step= 31000
       0     1000.00000000
       1      780.36719160
       2      594.59506554
       3      460.95960267
       4      378.44784804
       5      334.23964069
       6      313.45509287
       7      304.78757026
       8      301.54568314
       9      300.42959945
      10      300.00000000
Step= 32000
       0     1000.00000000
       1      783.67719310
       2      599.71402672
       3      466.01326723
       4      382.26723024
       5      336.59913505
       6      314.68951459
       7      305.34705213
       8      301.76764278
       9      300.50207391
      10      300.00000000
Step= 33000
       0     1000.00000000
       1      786.84254476
       2      604.65083043
       3      470.95125891
       4      386.06222606
       5      338.98992973
       6      315.96780487
       7      305.94007335
       8      302.00858489
       9      300.58241465
      10      300.00000000
Step= 34000
       0     1000.00000000
       1      789.87343203
       2      609.41550529
       3      475.77614229
       4      389.82953052
       5      341.40785090
       6      317.28766937
       7      306.56615815
       8      302.26881449
       9      300.67093109
      10      300.00000000
Step= 35000
       0     1000.00000000
       1      792.77906973
       2      614.01737790
       3      480.49061567
       4      393.56631127
       5      343.84899636
       6      318.64681637
       7      307.22473315
       8      302.54856012
       9      300.76790057
      10      300.00000000
Step= 36000
       0     1000.00000000
       1      795.56781701
       2      618.46512758
       3      485.09746620
       4      397.27015710
       5      346.30972768
       6      320.04297224
       7      307.91513914
       8      302.84797639
       9      300.87356744
      10      300.00000000
Step= 37000
       0     1000.00000000
       1      798.24727610
       2      622.76683721
       3      489.59953347
       4      400.93903141
       5      348.78666056
       6      321.47389438
       7      308.63664240
       8      303.16714714
       9      300.98814239
      10      300.00000000
Step= 38000
       0     1000.00000000
       1      800.82437777
       2      626.93004011
       3      493.99968014
       4      404.57123013
       5      351.27665411
       6      322.93738189
       7      309.38844525
       8      303.50608896
       9      301.11180236
      10      300.00000000
Step= 39000
       0     1000.00000000
       1      803.30545524
       2      630.96176335
       3      498.30076833
       4      408.16534393
       5      353.77679919
       6      324.43128418
       7      310.16969593
       8      303.86475501
       9      301.24469071
      10      300.00000000
Step= 40000
       0     1000.00000000
       1      805.69630848
       2      634.86856742
       3      502.50564082
       4      411.72022428
       5      356.28440646
       6      325.95350787
       7      310.97949774
       8      304.24303899
       9      301.38691775
      10      300.00000000
Step= 41000
       0     1000.00000000
       1      808.00226035
       2      638.65658270
       3      506.61710617
       4      415.23495304
       5      358.79699411
       6      327.50202204
       7      311.81691744
       8      304.64077932
       9      301.53856156
      10      300.00000000
Step= 42000
       0     1000.00000000
       1      810.22820566
       2      642.33154288
       3      510.63792717
       4      418.70881528
       5      361.31227572
       6      329.07486225
       7      312.68099289
       8      305.05776332
       9      301.69966899
      10      300.00000000
Step= 43000
       0     1000.00000000
       1      812.37865427
       2      645.89881550
       3      514.57081181
       4      422.14127500
       5      363.82814827
       6      330.67013332
       7      313.57074005
       8      305.49373143
       9      301.87025687
      10      300.00000000
Step= 44000
       0     1000.00000000
       1      814.45776900
       2      649.36343002
       3      518.41840664
       4      425.53195347
       5      366.34268042
       6      332.28601114
       7      314.48515925
       8      305.94838134
       9      302.05031345
      10      300.00000000
Step= 45000
       0     1000.00000000
       1      816.46939912
       2      652.73010334
       3      522.18329172
       4      428.88060995
       5      368.85410123
       6      333.92074371
       7      315.42324082
       8      306.42137208
       9      302.23979987
      10      300.00000000
Step= 46000
       0     1000.00000000
       1      818.41710997
       2      656.00326334
       3      525.86797722
       4      432.18712449
       5      371.36078934
       6      335.57265141
       7      316.38397017
       8      306.91232800
       9      302.43865174
      10      300.00000000
Step= 47000
       0     1000.00000000
       1      820.30420926
       2      659.18707029
       3      529.47490110
       4      435.45148267
       5      373.86126261
       6      337.24012672
       7      317.36633225
       8      307.42084254
       9      302.64678084
      10      300.00000000
Step= 48000
       0     1000.00000000
       1      822.13377041
       2      662.28543652
       3      533.00642779
       4      438.67376199
       5      376.35416831
       6      338.92163344
       7      318.36931551
       8      307.94648196
       9      302.86407677
      10      300.00000000
Step= 49000
       0     1000.00000000
       1      823.90865344
       2      665.30204443
       3      536.46484769
       4      441.85411982
       5      378.83827382
       6      340.61570555
       7      319.39191537
       8      308.48878877
       9      303.09040871
      10      300.00000000
Step= 50000
       0     1000.00000000
       1      825.63152359
       2      668.24036302
       3      539.85237721
       4      444.99278270
       5      381.31245790
       6      342.32094573
       7      320.43313727
       8      309.04728507
       9      303.32562712
      10      300.00000000
Step= 51000
       0     1000.00000000
       1      827.30486800
       2      671.10366300
       3      543.17115942
       4      448.09003680
       5      383.77570243
       6      344.03602366
       7      321.49199930
       8      309.62147566
       9      303.56956540
      10      300.00000000
Step= 52000
       0     1000.00000000
       1      828.93101068
       2      673.89503075
       3      546.42326502
       4      451.14621950
       5      386.22708475
       6      345.75967408
       7      322.56753444
       8      310.21085095
       9      303.82204158
      10      300.00000000
Step= 53000
       0     1000.00000000
       1      830.51212596
       2      676.61738104
       3      549.61069364
       4      454.16171190
       5      388.66577041
       6      347.49069479
       7      323.65879250
       8      310.81488972
       9      304.08285992
      10      300.00000000
Step= 54000
       0     1000.00000000
       1      832.05025067
       2      679.27346879
       3      552.73537536
       4      457.13693225
       5      391.09100643
       6      349.22794446
       7      324.76484177
       8      311.43306163
       9      304.35181249
      10      300.00000000
Step= 55000
       0     1000.00000000
       1      833.54729505
       2      681.86589990
       3      555.79917246
       4      460.07233003
       5      393.50211507
       6      350.97034046
       7      325.88477034
       8      312.06482959
       9      304.62868065
      10      300.00000000
Step= 56000
       0     1000.00000000
       1      835.00505269
       2      684.39714118
       3      558.80388124
       4      462.96838078
       5      395.89848798
       6      352.71685659
       7      327.01768722
       8      312.70965193
       9      304.91323646
      10      300.00000000
Step= 57000
       0     1000.00000000
       1      836.42520948
       2      686.86952955
       3      561.75123395
       4      465.82558155
       5      398.27958075
       6      354.46652081
       7      328.16272327
       8      313.36698440
       9      305.20524410
      10      300.00000000
Step= 58000
       0     1000.00000000
       1      837.80935176
       2      689.28528047
       3      564.64290079
       4      468.64444679
       5      400.64490790
       6      356.21841302
       7      329.31903183
       8      314.03628198
       9      305.50446111
      10      300.00000000
Step= 59000
       0     1000.00000000
       1      839.15897377
       2      691.64649576
       3      567.48049193
       4      471.42550485
       5      402.99403821
       6      357.97166283
       7      330.48578934
       8      314.71700055
       9      305.81063960
      10      300.00000000
Step= 60000
       0     1000.00000000
       1      840.47548432
       2      693.95517086
       3      570.26555955
       4      474.16929479
       5      405.32659038
       6      359.72544734
       7      331.66219563
       8      315.40859840
       9      306.12352743
      10      300.00000000
Step= 61000
       0     1000.00000000
       1      841.76021300
       2      696.21320146
       3      572.99959983
       4      476.87636361
       5      407.64222904
       6      361.47898903
       7      332.84747424
       8      316.11053759
       9      306.44286920
      10      300.00000000
Step= 62000
       0     1000.00000000
       1      843.01441580
       2      698.42238972
       3      575.68405499
       4      479.54726382
       5      409.94066104
       6      363.23155366
       7      334.04087245
       8      316.82228516
       9      306.76840731
      10      300.00000000
Step= 63000
       0     1000.00000000
       1      844.23928019
       2      700.58444997
       3      578.32031528
       4      482.18255134
       5      412.22163201
       6      364.98244827
       7      335.24166141
       8      317.54331425
       9      307.09988280
      10      300.00000000
Step= 64000
       0     1000.00000000
       1      845.43592989
       2      702.70101404
       3      580.90972086
       4      484.78278358
       5      414.48492320
       6      366.73101918
       7      336.44913598
       8      318.27310506
       9      307.43703624
      10      300.00000000
Step= 65000
       0     1000.00000000
       1      846.60542915
       2      704.77363619
       3      583.45356373
       4      487.34851782
       5      416.73034857
       6      368.47665013
       7      337.66261460
       8      319.01114569
       9      307.77960847
      10      300.00000000
Step= 66000
       0     1000.00000000
       1      847.74878671
       2      706.80379771
       3      585.95308954
       4      489.88030983
       5      418.95775207
       6      370.21876044
       7      338.88143912
       8      319.75693291
       9      308.12734132
      10      300.00000000
Step= 67000
       0     1000.00000000
       1      848.86695949
       2      708.79291112
       3      588.40949943
       4      492.37871257
       5      421.16700515
       6      371.95680332
       7      340.10497446
       8      320.50997284
       9      308.47997824
      10      300.00000000
Step= 68000
       0     1000.00000000
       1      849.96085590
       2      710.74232419
       3      590.82395169
       4      494.84427518
       5      423.35800447
       6      373.69026411
       7      341.33260833
       8      321.26978145
       9      308.83726488
      10      300.00000000
Step= 69000
       0     1000.00000000
       1      851.03133896
       2      712.65332362
       3      593.19756348
       4      497.27754201
       5      425.53066977
       6      375.41865875
       7      342.56375081
       8      322.03588508
       9      309.19894960
      10      300.00000000
Step= 70000
       0     1000.00000000
       1      852.07922913
       2      714.52713845
       3      595.53141244
       4      499.67905187
       5      427.68494194
       6      377.14153222
       7      343.79783403
       8      322.80782086
       9      309.56478396
      10      300.00000000
Step= 71000
       0     1000.00000000
       1      853.10530698
       2      716.36494332
       3      597.82653823
       4      502.04933734
       5      429.82078117
       6      378.85845708
       7      345.03431165
       8      323.58513700
       9      309.93452311
      10      300.00000000
Step= 72000
       0     1000.00000000
       1      854.11031562
       2      718.16786139
       3      600.08394403
       4      504.38892419
       5      431.93816531
       6      380.56903208
       7      346.27265845
       8      324.36739306
       9      310.30792618
      10      300.00000000
Step= 73000
       0     1000.00000000
       1      855.09496297
       2      719.93696723
       3      602.30459801
       4      506.69833093
       5      434.03708838
       6      382.27288083
       7      347.51236986
       8      325.15416020
       9      310.68475656
      10      300.00000000
Step= 74000
       0     1000.00000000
       1      856.05992381
       2      721.67328934
       3      604.48943468
       4      508.97806839
       5      436.11755909
       6      383.96965053
       7      348.75296142
       8      325.94502128
       9      311.06478223
      10      300.00000000
Step= 75000
       0     1000.00000000
       1      857.00584181
       2      723.37781268
       3      606.63935625
       4      511.22863942
       5      438.17959959
       6      385.65901079
       7      349.99396835
       8      326.73957098
       9      311.44777597
      10      300.00000000
Step= 76000
       0     1000.00000000
       1      857.93333124
       2      725.05148092
       3      608.75523390
       4      513.45053859
       5      440.22324428
       6      387.34065246
       7      351.23494499
       8      327.53741589
       9      311.83351557
      10      300.00000000
Step= 77000
       0     1000.00000000
       1      858.84297874
       2      726.69519859
       3      610.83790900
       4      515.64425205
       5      442.24853866
       6      389.01428658
       7      352.47546427
       8      328.33817446
       9      312.22178399
      10      300.00000000
Step= 78000
       0     1000.00000000
       1      859.73534482
       2      728.30983310
       3      612.88819430
       4      517.81025732
       5      444.25553838
       6      390.67964328
       7      353.71511727
       8      329.14147706
       9      312.61236951
      10      300.00000000
Step= 79000
       0     1000.00000000
       1      860.61096534
       2      729.89621663
       3      614.90687504
       4      519.94902323
       5      446.24430825
       6      392.33647090
       7      354.95351260
       8      329.94696587
       9      313.00506586
      10      300.00000000
Step= 80000
       0     1000.00000000
       1      861.47035289
       2      731.45514791
       3      616.89471006
       4      522.06100979
       5      448.21492144
       6      393.98453496
       7      356.19027597
       8      330.75429484
       9      313.39967225
      10      300.00000000
Step= 81000
       0     1000.00000000
       1      862.31399800
       2      732.98739388
       3      618.85243280
       4      524.14666822
       5      450.16745863
       6      395.62361735
       7      357.42504964
       8      331.56312954
       9      313.79599350
      10      300.00000000
Step= 82000
       0     1000.00000000
       1      863.14237040
       2      734.49369126
       3      620.78075234
       4      526.20644090
       5      452.10200735
       6      397.25351545
       7      358.65749189
       8      332.37314710
       9      314.19384003
      10      300.00000000
Step= 83000
       0     1000.00000000
       1      863.95592008
       2      735.97474803
       3      622.68035431
       4      528.24076141
       5      454.01866125
       6      398.87404138
       7      359.88727655
       8      333.18403600
       9      314.59302788
      10      300.00000000
Step= 84000
       0     1000.00000000
       1      864.75507833
       2      737.43124482
       3      624.55190182
       4      530.25005457
       5      455.91751954
       6      400.48502119
       7      361.11409252
       8      333.99549591
       9      314.99337874
      10      300.00000000
Step= 85000
       0     1000.00000000
       1      865.54025873
       2      738.86383621
       3      626.39603635
       4      532.23473651
       5      457.79868640
       6      402.08629418
       7      362.33764322
       8      334.80723756
       9      315.39471992
      10      300.00000000
Step= 86000
       0     1000.00000000
       1      866.31185804
       2      740.27315199
       3      628.21337854
       4      534.19521472
       5      459.66227044
       6      403.67771224
       7      363.55764617
       8      335.61898249
       9      315.79688433
      10      300.00000000
Step= 87000
       0     1000.00000000
       1      867.07025707
       2      741.65979828
       3      630.00452904
       4      536.13188819
       5      461.50838429
       6      405.25913914
       7      364.77383247
       8      336.43046287
       9      316.19971042
      10      300.00000000
Step= 88000
       0     1000.00000000
       1      867.81582147
       2      743.02435869
       3      631.77006928
       4      538.04514750
       5      463.33714411
       6      406.83045001
       7      365.98594641
       8      337.24142130
       9      316.60304214
      10      300.00000000
Step= 89000
       0     1000.00000000
       1      868.54890250
       2      744.36739531
       3      633.51056215
       4      539.93537489
       5      465.14866917
       6      408.39153069
       7      367.19374492
       8      338.05161056
       9      317.00672888
      10      300.00000000
Step= 90000
       0     1000.00000000
       1      869.26983770
       2      745.68944972
       3      635.22655277
       4      541.80294450
       5      466.94308156
       6      409.94227721
       7      368.39699721
       8      338.86079338
       9      317.41062538
      10      300.00000000
Step= 91000
       0     1000.00000000
       1      869.97895161
       2      746.99104388
       3      636.91856912
       4      543.64822237
       5      468.72050577
       6      411.48259526
       7      369.59548432
       8      339.66874224
       9      317.81459169
      10      300.00000000
Step= 92000
       0     1000.00000000
       1      870.67655636
       2      748.27268108
       3      638.58712273
       4      545.47156669
       5      470.48106845
       6      413.01239971
       7      370.78899868
       8      340.47523911
       9      318.21849302
      10      300.00000000
Step= 93000
       0     1000.00000000
       1      871.36295227
       2      749.53484669
       3      640.23270925
       4      547.27332788
       5      472.22489804
       6      414.53161414
       7      371.97734371
       8      341.28007520
       9      318.62219972
      10      300.00000000
Step= 94000
       0     1000.00000000
       1      872.03842841
       2      750.77800903
       3      641.85580911
       4      549.05384878
       5      473.95212462
       6      416.04017036
       7      373.16033344
       8      342.08305074
       9      319.02558712
      10      300.00000000
Step= 95000
       0     1000.00000000
       1      872.70326311
       2      752.00262003
       3      643.45688800
       4      550.81346478
       5      475.66287955
       6      417.53800804
       7      374.33779210
       8      342.88397474
       9      319.42853547
      10      300.00000000
Step= 96000
       0     1000.00000000
       1      873.35772451
       2      753.20911603
       3      645.03639752
       4      552.55250397
       5      477.35729536
       6      419.02507426
       7      375.50955375
       8      343.68266470
       9      319.83092980
      10      300.00000000
Step= 97000
       0     1000.00000000
       1      874.00207094
       2      754.39791836
       3      646.59477563
       4      554.27128733
       5      479.03550546
       6      420.50132319
       7      376.67546192
       8      344.47894645
       9      320.23265984
      10      300.00000000
Step= 98000
       0     1000.00000000
       1      874.63655144
       2      755.56943406
       3      648.13244718
       4      555.97012883
       5      480.69764403
       6      421.96671563
       7      377.83536927
       8      345.27265383
       9      320.63361990
      10      300.00000000
Step= 99000
       0     1000.00000000
       1      875.26140615
       2      756.72405644
       3      649.64982439
       4      557.64933567
       5      482.34384579
       6      423.42121879
       7      378.98913720
       8      346.06362851
       9      321.03370877
      10      300.00000000
Step= 100000
       0     1000.00000000
       1      875.87686671
       2      757.86216567
       3      651.14730732
       4      559.30920835
       5      483.97424590
       6      424.86480584
       7      380.13663557
       8      346.85171972
       9      321.43282956
      10      300.00000000
