      0.73696382       3.06917482
      1.96719096       3.07853498
      3.23433181       3.08731013
      4.53667694       3.09551960
      5.73696193       3.10318269
      7.02180842       3.11031873
      8.19361448       3.11694703
      9.37874265       3.12308691
     10.63272350       3.12875769
     11.90035966       3.13397869
     13.12961746       3.13876922
     14.35323601       3.14314861
     15.58775734       3.14713616
     16.80309942       3.15075120
     18.00371807       3.15401304
     19.23834575       3.15694100
     20.49306435       3.15955441
     21.71222754       3.16187256
     22.91849774       3.16391480
     24.11747405       3.16570042
     25.34705087       3.16728193
     26.57111178       3.16866342
     27.77418190       3.16986421
     29.01998554       3.17090286
     30.20975953       3.17179681
     31.45528244       3.17256208
     32.70699992       3.17321272
     33.95270100       3.17376104
     35.17102246       3.17421866
     36.39875182       3.17459546
     37.63160482       3.17490031
     38.84704331       3.17514202
     40.04937189       3.17532885
     41.30324262       3.17546867
     42.54028962       3.17556897
     43.78759240       3.17563639
     45.00918389       3.17567673
     46.25718472       3.17569463
     47.56276159       3.17569367
     48.76185795       3.17567666
     50.05058085       3.17564769
     51.29582727       3.17560940
     52.47006872       3.17556429
     53.67317334       3.17551449
     54.95472144       3.17546185
     56.15705758       3.17540744
     57.37100875       3.17535229
     58.55738369       3.17529632
     59.75316748       3.17523861
     60.97493761       3.17517739
     62.16347335       3.17511109
     63.35790640       3.17503776
     64.66628448       3.17495580
     65.93998998       3.17486476
     67.15885305       3.17476545
     68.33433701       3.17465844
     69.54141445       3.17454376
     70.84539860       3.17441998
     72.08081886       3.17428690
     73.29622852       3.17414341
     74.54668554       3.17398816
     75.73407140       3.17381973
     76.95161966       3.17363596
     78.18950555       3.17343496
     79.43890107       3.17321531
     80.60696070       3.17297727
     81.84243010       3.17272390
     83.08984583       3.17245939
     84.29004669       3.17219048
     85.51231355       3.17192669
     86.66562329       3.17167841
     87.84988090       3.17145713
     89.09640292       3.17127534
     90.33391497       3.17114535
     91.56853366       3.17107988
     92.75283712       3.17109186
     93.95497334       3.17119401
     95.20523990       3.17139815
     96.42683375       3.17171632
     97.56234994       3.17215932
     98.78148052       3.17273665
     99.99732121       3.17345565
    101.30346050       3.17432118
    102.60264854       3.17533521
    103.80702119       3.17649742
    105.04424495       3.17780483
    106.28284071       3.17925340
    107.58503696       3.18083679
    108.90707696       3.18254739
    110.28314980       3.18437541
    111.57876392       3.18630989
    112.78304677       3.18833745
    113.95595119       3.19044157
    115.20629194       3.19260165
    116.40335038       3.19479525
    117.60857799       3.19699831
    118.80920232       3.19918653
    119.99498979       3.20133345
    121.21013857       3.20341222
    122.41431697       3.20539638
    123.61589788       3.20726045
    124.81712668       3.20898086
    126.07681012       3.21053513
    127.40883888       3.21190406
    128.65662372       3.21307240
    129.87117984       3.21402626
    131.08643496       3.21475543
    132.33218472       3.21525368
    133.55405411       3.21551750
    134.73796813       3.21554687
    135.98674263       3.21534546
    137.23512439       3.21491912
    138.48440743       3.21427655
    139.68392536       3.21342899
    140.83703235       3.21238926
    142.05930204       3.21117248
    143.26424372       3.20979737
    144.47805594       3.20828232
    145.69267870       3.20664697
    146.91343554       3.20491186
    148.08384644       3.20309864
    149.31623438       3.20122987
    150.57117417       3.19932960
    151.81673961       3.19742250
    153.07134904       3.19553334
    154.26448050       3.19368530
    155.53810613       3.19190136
    156.80703490       3.19020369
    158.06725901       3.18861226
    159.28958589       3.18714404
    160.47299847       3.18581488
    161.69088417       3.18463878
    162.87427595       3.18362913
    164.04969942       3.18279730
    165.24418209       3.18215233
    166.44305065       3.18170152
    167.69775129       3.18145126
    168.89869274       3.18140631
    170.08270081       3.18156880
    171.37078190       3.18193827
    172.59965404       3.18251314
    173.85487315       3.18329256
    175.13449392       3.18427373
    176.30735675       3.18545097
    177.49172779       3.18681879
    178.73920449       3.18836937
    179.94581640       3.19009251
    181.17271679       3.19197586
    182.34361164       3.19400475
    183.57500189       3.19616122
    184.84293107       3.19842545
    186.06154791       3.20077607
    187.29387253       3.20319033
    188.47854557       3.20564494
    189.70006380       3.20811604
    190.90247178       3.21057829
    192.08603843       3.21300755
    193.25341655       3.21538025
    194.53168989       3.21767331
    195.73860663       3.21986455
    196.99889739       3.22193421
    198.20301624       3.22386416
    199.35617332       3.22563841
    200.60723009       3.22724275
    201.76999168       3.22866698
    202.97866892       3.22990314
    204.18570004       3.23094451
    205.40309989       3.23178823
    206.70592425       3.23243554
    207.90734682       3.23289017
    209.14056941       3.23315863
    210.40649564       3.23324966
    211.57539605       3.23317417
    212.81338687       3.23294612
    213.96183148       3.23258162
    215.22135518       3.23209743
    216.44088653       3.23151187
    217.67166711       3.23084492
    218.87910846       3.23011909
    220.09516277       3.22935675
    221.29692705       3.22857806
    222.54599127       3.22780206
    223.89260213       3.22704706
    225.11248748       3.22632846
    226.36059512       3.22566013
    227.61511097       3.22505303
    228.86217224       3.22451495
    230.04743086       3.22405143
    231.26807050       3.22366662
    232.50102700       3.22336304
    233.77095582       3.22314166
    234.98992003       3.22300181
    236.18152211       3.22294103
    237.36697024       3.22295588
    238.58557574       3.22304115
    239.74230155       3.22319035
    240.92688621       3.22339582
    242.25081763       3.22365026
    243.46856958       3.22394735
    244.69731743       3.22427921
    245.91351494       3.22463664
    247.25225107       3.22500918
    248.57425232       3.22538657
    249.82545749       3.22575617
    251.04698187       3.22610569
    252.25297323       3.22642402
    253.45627068       3.22669996
    254.64024992       3.22692278
    255.84157892       3.22708199
    257.10879020       3.22716833
    258.34469204       3.22717405
    259.58662495       3.22709418
    260.85731091       3.22692526
    262.04090402       3.22666424
    263.27384540       3.22631011
    264.55149725       3.22586294
    265.75381402       3.22532456
    267.04105809       3.22469757
    268.23833251       3.22398640
    269.55134885       3.22319772
    270.78934013       3.22234058
    272.06806955       3.22142485
    273.49311681       3.22046190
    274.73988506       3.21946382
    275.94036382       3.21844501
    277.14067622       3.21742302
    278.46190332       3.21641623
    279.69450678       3.21544320
    280.92895675       3.21452223
    282.21392659       3.21367148
    283.51863669       3.21290873
    284.79443778       3.21225127
    286.00207242       3.21171418
    287.63171730       3.21131156
    289.10024387       3.21105512
    290.36496115       3.21095391
    291.63115347       3.21101311
    292.95030531       3.21123193
    294.21794383       3.21160588
    295.48644961       3.21212693
    297.02879889       3.21278462
    298.67037875       3.21356566
    300.06243549       3.21445570
    301.29516608       3.21543828
    302.77398529       3.21649581
    304.17522024       3.21761031
    305.42563094       3.21876257
    306.70252188       3.21993391
    308.01338734       3.22110544
    309.43246167       3.22225875
    310.80087670       3.22337432
    312.13376893       3.22443298
    313.85872876       3.22541734
    315.11139384       3.22631274
    316.76792115       3.22710714
    318.69160775       3.22779150
    320.21676655       3.22835940
    321.47461954       3.22880645
    322.71947558       3.22913044
    323.94841910       3.22933032
    325.21563227       3.22940815
    326.50162769       3.22936827
    327.74488487       3.22921834
    329.00782464       3.22896757
    330.26464355       3.22862515
    331.56586999       3.22820207
    332.83303448       3.22771089
    334.08762359       3.22716621
    335.30141407       3.22658338
    336.53737547       3.22597732
    337.79137333       3.22536166
    339.00884360       3.22474890
    340.28204530       3.22414949
    341.53790054       3.22357216
    342.78825217       3.22302456
    344.02529917       3.22251356
    345.27969166       3.22204623
    346.49016201       3.22162882
    347.76161219       3.22126712
    349.01120007       3.22096469
    350.24510322       3.22072376
    351.47724398       3.22054541
    352.72489650       3.22042940
    353.99641142       3.22037347
    355.25049625       3.22037255
    356.46371817       3.22041999
    357.69825983       3.22050685
    359.01635915       3.22062302
    360.26824584       3.22075612
    361.51320916       3.22089342
    362.74773522       3.22102168
    363.95260554       3.22112797
    365.20383008       3.22119750
    366.43625631       3.22121542
    367.73145547       3.22116623
    368.95858224       3.22103398
    370.22324092       3.22080313
    371.47571129       3.22045977
    372.69514056       3.21999297
    373.92634601       3.21939364
    375.17870342       3.21865575
    376.38817939       3.21777553
    377.61930119       3.21675232
    378.91528915       3.21558920
    380.18813685       3.21429173
    381.47985046       3.21286888
    382.71538840       3.21133129
    383.94377753       3.20969065
    385.19888084       3.20796076
    386.41647778       3.20615719
    387.62840568       3.20429823
    388.86336702       3.20240449
    390.09788977       3.20049855
    391.36869908       3.19860362
    392.58523688       3.19674166
    393.83513432       3.19493275
    395.04659196       3.19319527
    396.26338403       3.19154533
    397.49345237       3.18999873
    398.74480122       3.18856930
    399.96133335       3.18726837
    401.19549596       3.18610461
    402.46123032       3.18508345
    403.72339925       3.18420792
    404.97994782       3.18347740
    406.18577897       3.18288761
    407.41830586       3.18243066
    408.70329130       3.18209602
    409.89610044       3.18187040
    411.12956217       3.18173801
    412.38904333       3.18168062
    413.62975405       3.18167945
    414.93825075       3.18171482
    416.14774373       3.18176640
    417.40059644       3.18181412
    418.60820510       3.18183907
    419.86290858       3.18182317
    421.06213160       3.18174930
    422.31722782       3.18160194
    423.54959355       3.18136670
    424.76090988       3.18103090
    425.97532847       3.18058314
    427.24567698       3.18001406
    428.48116339       3.17931613
    429.72976114       3.17848232
    430.94256858       3.17750828
    432.23850407       3.17639294
    433.45240940       3.17513738
    434.67612766       3.17374618
    435.91131775       3.17222555
    437.15736337       3.17058261
    438.44599505       3.16882582
    439.72321256       3.16696412
    440.96221997       3.16500811
    442.17247859       3.16297035
    443.39088559       3.16086603
    444.60662514       3.15871234
    445.81784600       3.15652711
    447.05436509       3.15432832
    448.27128571       3.15213323
    449.50180965       3.14995801
    450.70087765       3.14781762
    451.95734163       3.14572495
    453.18640707       3.14369166
    454.41348375       3.14172840
    455.62938446       3.13984421
    456.86615782       3.13804817
    458.08021721       3.13634769
    459.32025587       3.13474958
    460.57950309       3.13325855
    461.86217224       3.13187745
    463.10800754       3.13060615
    464.31833374       3.12944214
    465.57550239       3.12838159
    466.76806246       3.12741939
    467.96302673       3.12654856
    469.20560996       3.12576000
    470.45465811       3.12504236
    471.71931159       3.12438279
    472.93386818       3.12376708
    474.16650424       3.12318073
    475.37960754       3.12260829
    476.65037951       3.12203633
    477.86454667       3.12145441
    479.07624629       3.12085302
    480.29294525       3.12022415
    481.50975386       3.11956248
    482.74481681       3.11886335
    484.04111528       3.11812392
    485.25137248       3.11734374
    486.46961264       3.11652360
    487.71663799       3.11566636
    488.98595714       3.11477744
    490.19451954       3.11386467
    491.40933843       3.11293612
    492.64167864       3.11200033
    493.85414390       3.11106552
    495.12082018       3.11014049
    496.33593682       3.10923506
    497.60720126       3.10835915
    498.84844556       3.10752356
    500.08827864       3.10673904
    501.36427633       3.10601724
    502.61647022       3.10537047
    503.82620234       3.10481137
    505.04451576       3.10434918
    506.25005671       3.10399232
    507.45868906       3.10374544
    508.71545456       3.10361068
    509.94598607       3.10358704
    511.17774685       3.10367146
    512.43732773       3.10385884
    513.65456075       3.10414107
    514.89226043       3.10450699
    516.13261716       3.10494303
    517.38665945       3.10543333
    518.59281670       3.10596106
    519.83817513       3.10650884
    521.04747670       3.10705936
    522.23999093       3.10759562
    523.51007146       3.10810233
    524.74631170       3.10856380
    526.03773040       3.10896396
    527.29469724       3.10928755
    528.50804866       3.10952000
    529.77911271       3.10964498
    530.99135632       3.10964674
    532.22701098       3.10951008
    533.44088559       3.10922059
    534.70097075       3.10876582
    535.91412037       3.10813533
    537.18200371       3.10731992
    538.39146691       3.10631129
    539.66666919       3.10510379
    540.94036051       3.10369517
    542.22639138       3.10208681
    543.51510010       3.10028328
    544.72836881       3.09829176
    545.93677808       3.09612293
    547.14586366       3.09378945
    548.39213235       3.09130757
    549.64192771       3.08869345
    550.83222867       3.08596255
    552.02986748       3.08312976
    553.23908114       3.08021009
    554.49753200       3.07721623
    555.72988402       3.07416150
    557.00859973       3.07105877
    558.23735892       3.06791992
    559.42935611       3.06475692
    560.65235599       3.06158148
    561.91499471       3.05840542
    563.16280885       3.05523962
    564.37164159       3.05209458
    565.62462474       3.04898114
    566.88098805       3.04590925
    568.13127824       3.04288829
    569.36144299       3.03992638
    570.63958637       3.03703139
    571.90009500       3.03420914
    573.19371278       3.03146417
    574.48791236       3.02879884
    575.76006484       3.02621284
    577.01333204       3.02370227
    578.24700739       3.02126428
    579.50223075       3.01889609
    580.74033546       3.01659445
    581.99289657       3.01435599
    583.24184358       3.01217737
    584.50953882       3.01005522
    585.74488960       3.00798745
    586.97478638       3.00597423
    588.20105724       3.00401747
    589.45647910       3.00211956
    590.71007808       3.00028386
    591.92733095       2.99851381
    593.13793315       2.99681252
    594.32804460       2.99518158
    595.54993667       2.99362154
    596.78372923       2.99213026
    597.97496125       2.99070550
    599.24757879       2.98934363
    600.49346702       2.98803950
    601.73313846       2.98678799
    603.00611991       2.98558603
    604.26011636       2.98443008
    605.51396440       2.98331700
    606.71874539       2.98224542
    607.97353489       2.98121319
    609.19141350       2.98021837
    610.50366609       2.97925918
    611.75780952       2.97833505
    613.07471643       2.97744540
    614.28923994       2.97658885
    615.52289402       2.97576448
    616.75172552       2.97497082
    618.02689472       2.97420646
    619.23682014       2.97346714
    620.49192156       2.97274751
    621.70176995       2.97204044
    622.92646984       2.97133813
    624.14233038       2.97063302
    625.35900854       2.96992034
    626.58889682       2.96919558
    627.80346050       2.96845420
    629.01996143       2.96769280
    630.28244277       2.96690982
    631.51492051       2.96610482
    632.76840747       2.96527965
    634.10341560       2.96443716
    635.37772605       2.96357986
    636.62008290       2.96271037
    637.89141256       2.96183120
    639.14784061       2.96094371
    640.35854869       2.96004897
    641.63962370       2.95914796
    642.94946122       2.95824250
    644.16446018       2.95733407
    645.37821143       2.95642494
    646.60737376       2.95551690
    647.86407169       2.95461393
    649.09520389       2.95372244
    650.34365985       2.95285064
    651.57485443       2.95200589
    652.90918152       2.95119535
    654.16278806       2.95042646
    655.39990878       2.94970584
    656.67930506       2.94904135
    657.97486436       2.94844074
    659.23097860       2.94791074
    660.46711250       2.94745565
    661.68166531       2.94707734
    662.92362941       2.94677567
    664.15390618       2.94654692
    665.36072225       2.94638393
    666.57563283       2.94627584
    667.84323260       2.94621119
    669.15274921       2.94617736
    670.44987098       2.94616148
    671.66329376       2.94615040
    672.87809233       2.94613215
    674.16058897       2.94609412
    675.41038953       2.94602307
    676.68429873       2.94590672
    677.89756272       2.94573326
    679.15548330       2.94549074
    680.35192213       2.94516755
    681.60692998       2.94475214
    682.80497476       2.94423314
    684.05447237       2.94360144
    685.28979337       2.94284840
    686.50086867       2.94196726
    687.75619884       2.94095394
    689.02562669       2.93980635
    690.24563586       2.93852376
    691.45893009       2.93710645
    692.71735354       2.93555858
    693.99890826       2.93388761
    695.21377063       2.93210500
    696.43403926       2.93022391
    697.66930686       2.92825857
    698.88601433       2.92622278
    700.12232830       2.92413180
    701.31934562       2.92200312
    702.55629100       2.91985547
    703.80581697       2.91770817
    705.05397707       2.91557940
    706.28148477       2.91348517
    707.51211553       2.91143917
    708.75492277       2.90945304
    709.98462200       2.90753661
    711.21117880       2.90569810
    712.48691892       2.90394493
    713.71583738       2.90228436
    714.97278863       2.90072334
    716.20977229       2.89926695
    717.41955168       2.89791888
    718.62921149       2.89668174
    719.88112558       2.89555728
    721.10024907       2.89454380
    722.33633146       2.89363668
    723.53316634       2.89282939
    724.76977381       2.89211276
    726.00321663       2.89147579
    727.28010190       2.89090603
    728.51014188       2.89039027
    729.73299289       2.88991332
    730.92775819       2.88945955
    732.22825397       2.88901097
    733.47870768       2.88854962
    734.69999102       2.88805678
    735.96678687       2.88751216
    737.26562140       2.88689563
    738.49584381       2.88618913
    739.68591177       2.88537812
    740.85961066       2.88444922
    742.07976776       2.88339029
    743.31637995       2.88218958
    744.53033442       2.88083701
    745.76228236       2.87932457
    746.99468306       2.87764765
    748.24041014       2.87580490
    749.45456075       2.87379672
    750.68868461       2.87162473
    751.91143118       2.86929252
    753.12255090       2.86680581
    754.36994678       2.86417309
    755.65602161       2.86140585
    757.03265828       2.85851758
    758.27976398       2.85552442
    759.47302163       2.85244400
    760.69113419       2.84929402
    761.96017024       2.84609198
    763.18657580       2.84285573
    764.43667836       2.83960400
    765.67474479       2.83635488
    766.94813316       2.83312372
    768.20803448       2.82992316
    769.42129469       2.82676477
    770.65119241       2.82365985
    771.86416999       2.82061849
    773.13592217       2.81764915
    774.33997391       2.81475827
    775.59628523       2.81194876
    776.84905902       2.80922059
    778.07284392       2.80657308
    779.28419617       2.80400344
    780.53326181       2.80150877
    781.74628145       2.79908486
    783.00324971       2.79672685
    784.21253663       2.79443135
    785.46358158       2.79219592
    786.67929987       2.79001901
    787.92708991       2.78789837
    789.15402339       2.78583249
    790.39421943       2.78382041
    791.63123570       2.78186261
    792.94348829       2.77996107
    794.15995520       2.77811900
    795.41357449       2.77634126
    796.62494329       2.77463291
    797.82250458       2.77300037
    799.06005917       2.77145153
    800.29483666       2.76999514
    801.54867100       2.76864014
    802.74441225       2.76739535
    803.97446169       2.76626840
    805.22285668       2.76526755
    806.45079967       2.76439954
    807.64587595       2.76366986
    808.86400079       2.76308510
    810.12236422       2.76265112
    811.33325378       2.76237237
    812.56839991       2.76225019
    813.80197837       2.76228379
    815.01321861       2.76247230
    816.28567216       2.76281435
    817.50497854       2.76330693
    818.72682005       2.76394385
    819.98412528       2.76471623
    821.20127134       2.76561299
    822.45482920       2.76662029
    823.70849387       2.76772653
    824.91784884       2.76891891
    826.13273248       2.77018353
    827.38388330       2.77150606
    828.60155869       2.77287098
    829.84285545       2.77426246
    831.00472097       2.77566435
    832.23846059       2.77706006
    833.49121689       2.77843314
    834.70478902       2.77976626
    835.89349916       2.78104211
    837.17228387       2.78224227
    838.38915628       2.78334817
    839.60344065       2.78434216
    840.81507505       2.78520674
    842.00622011       2.78592521
    843.22446027       2.78648000
    844.50364340       2.78685452
    845.73655264       2.78703345
    846.92763389       2.78700292
    848.25393690       2.78675103
    849.52819442       2.78626735
    850.77862450       2.78554358
    852.07122852       2.78457446
    853.34928257       2.78335629
    854.57674632       2.78188899
    855.79201751       2.78017606
    857.04096404       2.77822134
    858.23890107       2.77603082
    859.47449194       2.77361205
    860.64299062       2.77097540
    861.89133268       2.76813342
    863.10732461       2.76510009
    864.33295886       2.76189093
    865.56149451       2.75852273
    866.77208868       2.75501439
    868.00119667       2.75138585
    869.19212384       2.74765889
    870.41927378       2.74385794
    871.65971983       2.74000484
    872.90012004       2.73612233
    874.11536004       2.73223206
    875.32725627       2.72835463
    876.55820935       2.72451016
    877.83133117       2.72071705
    879.08065486       2.71699255
    880.31362412       2.71335221
    881.56951009       2.70980858
    882.84833544       2.70637182
    884.06945904       2.70304983
    885.34664631       2.69984936
    886.58032308       2.69677572
    887.79070599       2.69383149
    889.00686239       2.69101768
    890.27986984       2.68833338
    891.51755534       2.68577850
    892.73279108       2.68335265
    893.96235420       2.68105444
    895.18449203       2.67888282
    896.43507288       2.67683440
    897.65278040       2.67490705
    898.90268352       2.67309790
    900.15663648       2.67140420
    901.35212205       2.66982341
    902.57943882       2.66835220
    903.79551865       2.66698676
    905.02544615       2.66572413
    906.27775394       2.66456152
    907.52960281       2.66349672
    908.76804828       2.66252791
    909.95854254       2.66165448
    911.18943182       2.66087607
    912.45689311       2.66019207
    913.69286349       2.65960162
    914.90653440       2.65910364
    916.11454336       2.65869851
    917.36168592       2.65838629
    918.55779345       2.65816549
    919.77268512       2.65803519
    921.00502770       2.65799432
    922.23578889       2.65804253
    923.46742301       2.65817959
    924.65871127       2.65840435
    925.89233652       2.65871536
    927.08656209       2.65911128
    928.34383424       2.65959013
    930.23201316       2.66015090
    931.46516674       2.66079345
    932.67194123       2.66151701
    933.86105167       2.66232092
    935.07439836       2.66320462
    936.30376439       2.66416805
    937.55624043       2.66521041
    938.80778825       2.66633115
    940.05901658       2.66752796
    941.27792077       2.66879824
    942.51650519       2.67013862
    943.70848300       2.67154328
    944.92588616       2.67300748
    946.16233624       2.67452431
    947.39731223       2.67608653
    948.59356533       2.67768562
    949.86027610       2.67931261
    951.05094618       2.68095769
    952.26350596       2.68260908
    953.45371902       2.68425397
    954.68608333       2.68587796
    955.88908397       2.68746613
    957.10435894       2.68900249
    958.33210295       2.69046956
    959.52716411       2.69184984
    960.74379549       2.69312573
    961.95740779       2.69428062
    963.18903340       2.69529941
    964.40757841       2.69616649
    965.61692015       2.69686800
    966.83206987       2.69739358
    968.02534596       2.69773525
    969.22522071       2.69788689
    970.43464421       2.69784413
    971.64798902       2.69760556
    972.90731374       2.69717276
    974.18338942       2.69655167
    975.48308600       2.69575012
    976.74175284       2.69477910
    978.02964582       2.69365060
    979.26244447       2.69237695
    980.53209303       2.69097328
    981.74398312       2.68945470
    982.97494140       2.68783680
    984.24190691       2.68613602
    985.48056695       2.68436978
    986.69577623       2.68255538
    988.56202006       2.68071048
    989.79312910       2.67885102
    991.03314413       2.67699244
    992.27000539       2.67514990
    993.54370758       2.67333636
    994.77605583       2.67156218
    995.98760185       2.66983520
    997.26566488       2.66816101
    998.47992892       2.66654185
    999.72438324       2.66497682
   1000.96102378       2.66346252
   1002.19163232       2.66199225
   1003.40845558       2.66055731
   1004.67822514       2.65914627
   1005.92506900       2.65774693
   1007.13308931       2.65634651
   1008.34783211       2.65493078
   1009.59690342       2.65348579
   1010.84900940       2.65199777
   1012.05943485       2.65045225
   1013.32949222       2.64883655
   1014.56709643       2.64713836
   1015.82060278       2.64534443
   1017.07818307       2.64344250
   1018.28398444       2.64142201
   1019.51516438       2.63927381
   1020.76946141       2.63698952
   1022.00016022       2.63456231
   1023.27122757       2.63198428
   1024.51302106       2.62924844
   1025.77696845       2.62634876
   1026.99007836       2.62328095
   1028.20514112       2.62004357
   1029.42533083       2.61663662
   1030.65456926       2.61306456
   1031.86748020       2.60933515
   1033.10484905       2.60545702
   1034.31515303       2.60144125
   1035.56277624       2.59730101
   1036.77716647       2.59305076
   1038.01807428       2.58870789
   1039.22642069       2.58429082
   1040.48164593       2.57981873
   1041.73904806       2.57531186
   1043.00804157       2.57079314
   1044.24172496       2.56628750
   1045.51733983       2.56182002
   1046.74131709       2.55741581
   1047.98237896       2.55310024
   1049.19968902       2.54889957
   1050.45162107       2.54484097
   1051.72236989       2.54095227
   1052.99307664       2.53726219
   1054.26877280       2.53379790
   1055.47707999       2.53058532
   1056.70507543       2.52764880
   1057.98375570       2.52500941
   1059.19407008       2.52268459
   1060.42470934       2.52068961
   1061.64467125       2.51903588
   1062.89512496       2.51773131
   1064.15183328       2.51678106
   1065.40213717       2.51618621
   1066.62736734       2.51594356
   1067.86420118       2.51604647
   1069.15008696       2.51648430
   1070.41387744       2.51724165
   1071.84328317       2.51830055
   1073.06233860       2.51964205
   1074.38527988       2.52124497
   1075.62475755       2.52308703
   1077.76018300       2.52514523
   1079.13371127       2.52739582
   1080.38287285       2.52981217
   1081.70760535       2.53236512
   1083.05093058       2.53502609
   1084.27424287       2.53776486
   1085.42974980       2.54055088
   1086.86003365       2.54335468
   1088.50513120       2.54614694
   1090.08971681       2.54889959
   1091.46700947       2.55158691
   1092.94186343       2.55418499
   1094.28082878       2.55667070
   1095.91296246       2.55902110
   1097.16047980       2.56121542
   1098.43808392       2.56323573
   1099.85002458       2.56506688
   1101.08158024       2.56669582
   1102.32713812       2.56811180
   1103.51638089       2.56930550
   1104.73607104       2.57026912
   1105.99601348       2.57099692
   1107.23956888       2.57148325
   1108.49779997       2.57172414
   1109.70381496       2.57171845
   1110.96328336       2.57146720
   1112.10005341       2.57097247
   1113.30075241       2.57023869
   1114.45071507       2.56927210
   1115.70298457       2.56808144
   1116.93630641       2.56667825
   1118.15332013       2.56507612
   1119.39204303       2.56328987
   1120.58663440       2.56133611
   1121.75403284       2.55923436
   1122.94668885       2.55700700
   1124.17485207       2.55467579
   1125.41137824       2.55226312
   1126.61182014       2.54979108
   1127.86080685       2.54727992
   1129.06425695       2.54474807
   1130.29620158       2.54221349
   1131.50849670       2.53969379
   1132.73860616       2.53720479
   1133.94518120       2.53476226
   1135.19092529       2.53238130
   1136.45792011       2.53007489
   1137.70557735       2.52785384
   1138.92627654       2.52572703
   1140.17630348       2.52370038
   1141.37755544       2.52177738
   1142.59548746       2.51995949
   1143.82644290       2.51824716
   1145.07165718       2.51663947
   1146.29515001       2.51513392
   1147.53319517       2.51372672
   1148.78769968       2.51241216
   1150.02855408       2.51118246
   1151.27698357       2.51002894
   1152.49242207       2.50894044
   1153.70479470       2.50790403
   1154.94484895       2.50690818
   1156.17878613       2.50594121
   1157.39920317       2.50499131
   1158.63150935       2.50404904
   1159.82819914       2.50310750
   1161.05110356       2.50216115
   1162.31663989       2.50120715
   1163.56473619       2.50024337
   1164.84091158       2.49926840
   1166.16369407       2.49828196
   1167.41264722       2.49728475
   1168.66523763       2.49627836
   1169.86864094       2.49526438
   1171.07508365       2.49424314
   1172.28259967       2.49321589
   1173.49386118       2.49218397
   1174.70730854       2.49114874
   1175.91542573       2.49011270
   1177.16207677       2.48907916
   1178.36223699       2.48805085
   1179.63419901       2.48703010
   1180.89874473       2.48601868
   1182.17370787       2.48501733
   1183.82793637       2.48402551
   1185.15434855       2.48304202
   1186.33984914       2.48206561
   1188.16374133       2.48109493
   1189.62126066       2.48012845
   1190.85103503       2.47916393
   1192.08534558       2.47819958
   1193.29158932       2.47723295
   1194.50844188       2.47626022
   1195.75763418       2.47527641
   1197.00985642       2.47427457
   1198.24240552       2.47324732
   1199.47834754       2.47218730
   1200.72335529       2.47108682
   1201.87717309       2.46993977
   1203.05958372       2.46874263
   1204.28010048       2.46749166
   1205.43087841       2.46618529
   1206.65145755       2.46482429
   1207.88143278       2.46340888
   1209.06837486       2.46193915
   1210.28901497       2.46041579
   1211.51865040       2.45883874
   1212.77021192       2.45720939
   1213.95574418       2.45552921
   1215.14148912       2.45379979
   1216.29667845       2.45202339
   1217.49455215       2.45020282
   1218.68264646       2.44834128
   1219.86941793       2.44644291
   1221.09907982       2.44451243
   1222.25321994       2.44255499
   1223.40688744       2.44057675
   1224.60562981       2.43858315
   1225.76253143       2.43657933
   1227.00986304       2.43457214
   1228.19488818       2.43256913
   1229.43454355       2.43057993
   1230.63506248       2.42861522
   1231.83586451       2.42668700
   1233.04667798       2.42480820
   1234.29132560       2.42299249
   1235.47784232       2.42125273
   1236.69611793       2.41960248
   1237.89471426       2.41805636
   1239.11285753       2.41662786
   1240.32928994       2.41532982
   1241.52661682       2.41417542
   1242.72935516       2.41317758
   1243.91602407       2.41234973
   1245.08515606       2.41170478
   1246.36490018       2.41125539
   1247.66277105       2.41101301
   1248.89630697       2.41098701
   1250.08462247       2.41118287
   1251.26897130       2.41160491
   1252.67870720       2.41225474
   1254.61273749       2.41312998
   1256.33634563       2.41422596
   1257.66146804       2.41553577
   1258.91279704       2.41705045
   1260.04794459       2.41875910
   1261.24826975       2.42064678
   1262.36568756       2.42269576
   1263.55059786       2.42488652
   1264.75508772       2.42719618
   1265.95276575       2.42959936
   1267.15472286       2.43206894
   1268.34361259       2.43457687
   1269.93302598       2.43709398
   1271.36586101       2.43959112
   1272.57064956       2.44203844
   1273.72212129       2.44440729
   1274.90500359       2.44667113
   1276.05806851       2.44880330
   1277.20780763       2.45077892
   1278.37275507       2.45257382
   1279.53849273       2.45416569
   1280.82041987       2.45553398
   1282.03853574       2.45666023
   1283.26205976       2.45752821
   1284.52007770       2.45812672
   1285.84187099       2.45844654
   1286.98476757       2.45848014
   1288.16283768       2.45822420
   1289.36530143       2.45767817
   1290.54893283       2.45684335
   1292.04433853       2.45572410
   1293.53833299       2.45432722
   1294.69575070       2.45266176
   1295.91683791       2.45073780
   1297.06730344       2.44856736
   1298.45014651       2.44616528
   1299.60424268       2.44355060
   1300.73931083       2.44074446
   1301.89177080       2.43776955
   1303.08935431       2.43465146
   1304.22473014       2.43141822
   1305.39631973       2.42809887
   1306.54452568       2.42472224
   1307.72967560       2.42131683
   1308.88673271       2.41791138
   1310.05752547       2.41453458
   1311.25808174       2.41121264
   1312.45857232       2.40797191
   1313.65984555       2.40483767
   1314.91033943       2.40183400
   1316.16197658       2.39898300
   1317.31996900       2.39630488
   1318.53004802       2.39381690
   1319.75534766       2.39153365
   1320.97137692       2.38946694
   1322.20899153       2.38762432
   1323.74935630       2.38601130
   1324.90517988       2.38463025
   1326.04481162       2.38348027
   1327.17482466       2.38255739
   1328.35766631       2.38185430
   1329.49422415       2.38136191
   1330.66149923       2.38106882
   1331.81416337       2.38095888
   1333.00235788       2.38101450
   1334.20124629       2.38121780
   1335.35098635       2.38154794
   1336.47337514       2.38198417
   1337.60329130       2.38250772
   1338.76308439       2.38310030
   1339.97277445       2.38374476
   1341.19423266       2.38442654
   1342.41066837       2.38513438
   1343.61298845       2.38586071
   1344.83271925       2.38660057
   1346.06622115       2.38735080
   1347.26269070       2.38811089
   1348.47037356       2.38888403
   1349.65315141       2.38967522
   1350.84878963       2.39049035
   1352.03511683       2.39133634
   1353.27389502       2.39222179
   1354.46051666       2.39315585
   1355.72700957       2.39414822
   1356.92788532       2.39520790
   1358.16235231       2.39634569
   1359.33519103       2.39757152
   1360.56505237       2.39889529
   1361.76681712       2.40032600
   1362.98295981       2.40187086
   1364.24010483       2.40353546
   1365.49105148       2.40532317
   1366.66259192       2.40723493
   1367.86361845       2.40926850
   1369.09905193       2.41141902
   1370.34641189       2.41367778
   1371.60006806       2.41603222
   1372.81066837       2.41846666
   1374.00407726       2.42096223
   1375.17929467       2.42349846
   1376.36303429       2.42605100
   1377.57485254       2.42859329
   1378.75912150       2.43109864
   1379.97994026       2.43354029
   1381.20835066       2.43589055
   1382.46011967       2.43812432
   1383.72852430       2.44021829
   1384.92836976       2.44214971
   1386.11639176       2.44389735
   1387.33434410       2.44544193
   1388.66659121       2.44676518
   1390.23746006       2.44785065
   1391.48943088       2.44868325
   1392.85447804       2.44925052
   1394.06362601       2.44954352
   1395.23989262       2.44955622
   1396.44115640       2.44928436
   1397.64893094       2.44872643
   1398.89505170       2.44788436
   1400.05374076       2.44676485
   1401.24753341       2.44537734
   1402.44927453       2.44373475
   1403.65285886       2.44185366
   1404.83523357       2.43975622
   1406.04082604       2.43746754
   1407.26004877       2.43501646
   1408.50726270       2.43243374
   1409.72343422       2.42975115
   1410.94754948       2.42700254
   1412.14729711       2.42422134
   1413.39653619       2.42144109
   1414.56508687       2.41869572
   1415.71974734       2.41601902
   1416.92312229       2.41344431
   1418.08475670       2.41100403
   1419.31935365       2.40873022
   1420.49181334       2.40665351
   1421.72563851       2.40480230
   1422.94410269       2.40320135
   1424.12867034       2.40187379
   1425.33150273       2.40084089
   1426.54738312       2.40012114
   1427.78173290       2.39972919
   1428.95918152       2.39967721
   1430.15198688       2.39997277
   1431.43956793       2.40061724
   1432.64135348       2.40160637
   1433.83951027       2.40293087
   1435.07103380       2.40457647
   1436.29044417       2.40652412
   1437.47488185       2.40875036
   1438.67715230       2.41122915
   1439.94955480       2.41393138
   1441.16333251       2.41682458
   1442.34748095       2.41987424
   1443.53560599       2.42304494
   1444.75276575       2.42630143
   1445.95839556       2.42960869
   1447.15595544       2.43292974
   1448.35623192       2.43622980
   1449.58912604       2.43947719
   1450.76148884       2.44264286
   1451.96391620       2.44569814
   1453.19553236       2.44861558
   1454.38391591       2.45136962
   1455.56740883       2.45393671
   1456.76462039       2.45629693
   1457.96947228       2.45843331
   1459.22197903       2.46033454
   1460.44113749       2.46199470
   1461.69350152       2.46341221
   1462.88014443       2.46458972
   1464.07891327       2.46553367
   1465.28098096       2.46625396
   1466.55422708       2.46676232
   1467.75308808       2.46707262
   1468.98619629       2.46720230
   1470.16211033       2.46717249
   1471.40691060       2.46700633
   1472.59093663       2.46672782
   1473.76281027       2.46636208
   1474.96422340       2.46593476
   1476.22507042       2.46546907
   1477.42749353       2.46498599
   1478.62717026       2.46450595
   1479.82973704       2.46404861
   1481.08405959       2.46363224
   1482.30048727       2.46327332
   1483.50186305       2.46298891
   1484.73449629       2.46279536
   1485.93826777       2.46270654
   1487.19248020       2.46273428
   1488.39308751       2.46288877
   1489.67935753       2.46317813
   1490.91465348       2.46360830
   1492.11639743       2.46418248
   1493.32677089       2.46490107
   1494.54902027       2.46576440
   1495.75031287       2.46677004
   1496.94938843       2.46791079
   1498.13408653       2.46917561
   1499.33464800       2.47055074
   1500.53937936       2.47202132
   1501.73810755       2.47356983
   1502.90638458       2.47517898
   1504.09154016       2.47683063
   1505.27902669       2.47850671
   1506.51107341       2.48018755
   1507.71549521       2.48185238
   1508.91754636       2.48347957
   1510.10432161       2.48504667
   1511.32153478       2.48653068
   1512.55049199       2.48790899
   1513.72544899       2.48916109
   1514.95299875       2.49026887
   1516.18039539       2.49121509
   1517.41176484       2.49198335
   1518.60206344       2.49255962
   1519.88104807       2.49293191
   1521.08445942       2.49308891
   1522.30859926       2.49302038
   1523.53003809       2.49272032
   1524.73117048       2.49218801
   1525.91735826       2.49142632
   1527.11349037       2.49044220
   1528.28217763       2.48924641
   1529.50247557       2.48785420
   1530.70478477       2.48628155
   1531.92057773       2.48454702
   1533.14227366       2.48267159
   1534.34379407       2.48067926
   1535.56369548       2.47859581
   1536.80503100       2.47644877
   1538.00733406       2.47426709
   1539.20924627       2.47208052
   1540.42596839       2.46991887
   1541.69883736       2.46780960
   1542.99423786       2.46577839
   1544.19735571       2.46384972
   1545.46681428       2.46204666
   1546.61561762       2.46039155
   1547.86770233       2.45890434
   1549.07151162       2.45760448
   1550.22163450       2.45650762
   1551.42221251       2.45562775
   1552.62267803       2.45497539
   1553.82647787       2.45455839
   1555.02776859       2.45438083
   1556.23110762       2.45444321
   1557.46386941       2.45474336
   1558.66571781       2.45527691
   1559.84885343       2.45603642
   1561.07023366       2.45701114
   1562.23629884       2.45818718
   1563.43736129       2.45954770
   1564.62535966       2.46107398
   1565.83958400       2.46274430
   1567.03965064       2.46453495
   1568.27928900       2.46642221
   1569.47856258       2.46838362
   1570.67811313       2.47039657
   1571.89215267       2.47243620
   1573.09589674       2.47447782
   1574.30678252       2.47649596
   1575.49498365       2.47846588
   1576.68306142       2.48036260
   1577.91638893       2.48216396
   1579.08396317       2.48384927
   1580.34008828       2.48539994
   1581.59387536       2.48679794
   1582.79301756       2.48802721
   1583.99234078       2.48907318
   1585.22674348       2.48992278
   1586.47553075       2.49056335
   1587.64862610       2.49098385
   1588.83415222       2.49117678
   1590.03757869       2.49113765
   1591.23932359       2.49086579
   1592.48905704       2.49036404
   1593.68747282       2.48963786
   1594.90870891       2.48869577
   1596.10923729       2.48754834
   1597.34172732       2.48620943
   1598.50867488       2.48469357
   1599.69623419       2.48301754
   1600.96252481       2.48119949
   1602.11584967       2.47926024
   1603.31666682       2.47722208
   1604.51867166       2.47510818
   1605.72212271       2.47294116
   1606.97392952       2.47074467
   1608.17600762       2.46854247
   1609.47534785       2.46635748
   1610.68112747       2.46421329
   1611.89575638       2.46213217
   1613.13346834       2.46013651
   1614.38506437       2.45824733
   1615.60646303       2.45648420
   1616.78699690       2.45486381
   1617.99618362       2.45339990
   1619.22862780       2.45210578
   1620.42752094       2.45099190
   1621.59821965       2.45006723
   1622.79843044       2.44933714
   1623.99909588       2.44880492
   1625.21601887       2.44847037
   1626.41875106       2.44832986
   1627.60359756       2.44837724
   1628.90817343       2.44860385
   1630.15789459       2.44899843
   1631.41758701       2.44954886
   1632.62334915       2.45024078
   1633.80358385       2.45106058
   1634.97937643       2.45199482
   1636.19551629       2.45302884
   1637.44852213       2.45414705
   1638.63025361       2.45533292
   1639.84524122       2.45656967
   1641.04818515       2.45784096
   1642.23574116       2.45913035
   1643.48080940       2.46042215
   1644.83269420       2.46170169
   1646.09432435       2.46295644
   1647.33294374       2.46417503
   1648.55085213       2.46534704
   1649.75121793       2.46646164
   1650.93085997       2.46750866
   1652.13460026       2.46847879
   1653.33712262       2.46936491
   1654.49094608       2.47015976
   1655.69509991       2.47085657
   1656.90822684       2.47145032
   1658.19391742       2.47193655
   1659.37930648       2.47231283
   1660.59838412       2.47257608
   1661.79838271       2.47272513
   1663.02398955       2.47275934
   1664.27592680       2.47267875
   1665.47424996       2.47248526
   1666.64038320       2.47217996
   1667.84296132       2.47176426
   1669.04757122       2.47123973
   1670.20117209       2.47060942
   1671.35492230       2.46987722
   1672.58755979       2.46904772
   1673.75474176       2.46812638
   1674.93850218       2.46711844
   1676.13462531       2.46603127
   1677.30973874       2.46487447
   1678.48801539       2.46365669
   1679.65849292       2.46238764
   1680.85998119       2.46107630
   1682.06069957       2.45973063
   1683.29478468       2.45835937
   1684.46247661       2.45697188
   1685.64875276       2.45557852
   1686.86607180       2.45419036
   1688.05229881       2.45281768
   1689.29061147       2.45147142
   1690.52393850       2.45016162
   1691.73059531       2.44889738
   1692.92387612       2.44768621
   1694.12999603       2.44653327
   1695.37489366       2.44544244
   1696.54156947       2.44441693
   1697.69460319       2.44345962
   1698.87982636       2.44257226
   1700.09498601       2.44175546
   1701.29699936       2.44101050
   1702.50535616       2.44033891
   1703.70304223       2.43974205
   1704.95550078       2.43922003
   1706.17765705       2.43877148
   1707.39247831       2.43839595
   1708.59446235       2.43809186
   1709.84419863       2.43785703
   1711.06698726       2.43768918
   1712.26818629       2.43758345
   1713.54494962       2.43753492
   1714.80172458       2.43753841
   1716.12735079       2.43758772
   1717.37018735       2.43767565
   1718.57131075       2.43779316
   1719.77569333       2.43793099
   1721.00360937       2.43808065
   1722.22295499       2.43823486
   1723.42252207       2.43838587
   1724.62521929       2.43852459
   1725.82886080       2.43864371
   1727.06068681       2.43873713
   1728.28160387       2.43879972
   1729.48147390       2.43882908
   1730.68599637       2.43882298
   1731.96842827       2.43878076
   1733.15033036       2.43870122
   1734.36913010       2.43858257
   1735.56967125       2.43842487
   1736.77057962       2.43822849
   1737.99689302       2.43799544
   1739.24142532       2.43772867
   1740.44595251       2.43743188
   1741.63275989       2.43711200
   1742.87716789       2.43677794
   1744.09775649       2.43644128
   1745.35084598       2.43611563
   1746.55149252       2.43581750
   1747.75177657       2.43556455
   1748.95798297       2.43537417
   1750.13956415       2.43526372
   1751.36003412       2.43524904
   1752.56117124       2.43534691
   1753.76320302       2.43557346
   1755.01506938       2.43594169
   1756.19387772       2.43646226
   1757.39614912       2.43714304
   1758.58024652       2.43798851
   1759.83111849       2.43900229
   1761.05206722       2.44018523
   1762.23625017       2.44153532
   1763.45782228       2.44304862
   1764.68643638       2.44471932
   1765.87280659       2.44654184
   1767.11259334       2.44850954
   1768.33992618       2.45061411
   1769.56195909       2.45284603
   1770.79613636       2.45519552
   1772.06223746       2.45765279
   1773.24509660       2.46020604
   1774.46428673       2.46284138
   1775.66476312       2.46554413
   1776.86582651       2.46829692
   1778.06818912       2.47108112
   1779.27048509       2.47387571
   1780.47332930       2.47666103
   1781.67212696       2.47941885
   1782.92629639       2.48213075
   1784.14418398       2.48477954
   1785.35905628       2.48734892
   1786.59278031       2.48982497
   1787.80754249       2.49219748
   1789.01278286       2.49445744
   1790.19294525       2.49659868
   1791.41602123       2.49861670
   1792.65135121       2.50050731
   1793.85248880       2.50226623
   1795.10246564       2.50388926
   1796.27805263       2.50537378
   1797.45782606       2.50671789
   1798.67366344       2.50792160
   1799.91713141       2.50898370
   1801.17235949       2.50990296
   1802.43425100       2.51068043
   1803.70041590       2.51131867
   1804.88280195       2.51182275
   1806.08684235       2.51220033
   1807.25429041       2.51245967
   1808.51258294       2.51261014
   1809.76595081       2.51266340
   1810.96330510       2.51263338
   1812.23030276       2.51253650
   1813.45070656       2.51238911
   1814.67138496       2.51220877
   1815.88587680       2.51201359
   1817.07214587       2.51182107
   1818.32406611       2.51164756
   1819.49943097       2.51150730
   1820.69870409       2.51141394
   1821.88263607       2.51138017
   1823.04923720       2.51141687
   1824.26874728       2.51153328
   1825.45315802       2.51173794
   1826.60749286       2.51203989
   1827.85599089       2.51244588
   1829.06441764       2.51296098
   1830.26534681       2.51358952
   1831.51094911       2.51433511
   1832.74465282       2.51520073
   1833.97057914       2.51618738
   1835.16561903       2.51729291
   1836.38064399       2.51851272
   1837.60383812       2.51983907
   1838.79453561       2.52126046
   1839.99954062       2.52276339
   1841.20202847       2.52433197
   1842.40083606       2.52594924
   1843.55989281       2.52759573
   1844.78881506       2.52924960
   1846.00516097       2.53088699
   1847.19035815       2.53248436
   1848.41160463       2.53401824
   1849.62723500       2.53546455
   1850.86849349       2.53679990
   1852.09621529       2.53799959
   1853.31982674       2.53903903
   1854.56727508       2.53989534
   1855.76805537       2.54054891
   1857.00243870       2.54098288
   1858.21906677       2.54118293
   1859.42142324       2.54113623
   1860.60932614       2.54083411
   1861.85421338       2.54027034
   1863.05711855       2.53944198
   1864.27827098       2.53835074
   1865.51298939       2.53700180
   1866.71657466       2.53540572
   1867.88145027       2.53357606
   1869.08220551       2.53152999
   1870.27176163       2.52928811
   1871.48903010       2.52687603
   1872.69367875       2.52432305
   1873.95432066       2.52166109
   1875.15753776       2.51892512
   1876.37549956       2.51615235
   1877.57497495       2.51338217
   1878.74541278       2.51065446
   1879.94698471       2.50800915
   1881.19957370       2.50548553
   1882.40010161       2.50312205
   1883.63500057       2.50095632
   1884.85416659       2.49902339
   1886.03809999       2.49735576
   1887.26329612       2.49598216
   1888.46088200       2.49492742
   1889.71194775       2.49421070
   1890.91556421       2.49384628
   1892.11739135       2.49384440
   1893.36460811       2.49421031
   1894.61711345       2.49494387
   1895.84539152       2.49603978
   1897.09349916       2.49748818
   1898.36143638       2.49927333
   1899.56532034       2.50137763
   1900.80023536       2.50378103
   1902.01789988       2.50646104
   1903.21988251       2.50939131
   1904.47641596       2.51254183
   1905.70658024       2.51587965
   1906.90994622       2.51937071
   1908.12908246       2.52297932
   1909.33469715       2.52666957
   1910.56255742       2.53040579
   1911.81172278       2.53415161
   1913.02922519       2.53787131
   1914.21073029       2.54152801
   1915.43101924       2.54508718
   1916.72981927       2.54851705
   1917.90162911       2.55178932
   1919.08540844       2.55487764
   1920.30497334       2.55775929
   1921.48901592       2.56041533
   1922.75566620       2.56283115
   1923.97330472       2.56499781
   1925.16604533       2.56691015
   1926.44123485       2.56856754
   1927.63272019       2.56997327
   1928.84845927       2.57113463
   1930.06965518       2.57206173
   1931.27065760       2.57276602
   1932.47347392       2.57326076
   1933.72006257       2.57356158
   1934.90176664       2.57368495
   1936.12060230       2.57364840
   1937.32692449       2.57347148
   1938.52877101       2.57317521
   1939.76017402       2.57278067
   1940.92915099       2.57230964
   1942.12984527       2.57178395
   1943.31722546       2.57122472
   1944.53196542       2.57065161
   1945.73880608       2.57008392
   1946.93625584       2.56953826
   1948.13625206       2.56902823
   1949.38296643       2.56856314
   1950.59246129       2.56814972
   1951.79260497       2.56779286
   1952.98766140       2.56749568
   1954.17264164       2.56725964
   1955.39549502       2.56708340
   1956.57778749       2.56696314
   1957.79465045       2.56689282
   1959.05160501       2.56686445
   1960.25162344       2.56686930
   1961.45936773       2.56689997
   1962.69016296       2.56694965
   1963.90637749       2.56701129
   1965.10938569       2.56707867
   1966.36208008       2.56714770
   1967.55995142       2.56721520
   1968.76490160       2.56727928
   1969.99915685       2.56734031
   1971.19779855       2.56739852
   1972.38433040       2.56745471
   1973.56956302       2.56751018
   1974.74927690       2.56756655
   1975.93840908       2.56762490
   1977.15188338       2.56768734
   1978.35213954       2.56775806
   1979.60835066       2.56784210
   1980.85824527       2.56794400
   1982.05684113       2.56807024
   1983.24432718       2.56822817
   1984.41280460       2.56842521
   1985.61296387       2.56866851
   1986.81905401       2.56896535
   1988.05229692       2.56932189
   1989.27890429       2.56974230
   1990.48117993       2.57023000
   1991.70064370       2.57078756
   1992.90348697       2.57141656
   1994.05257245       2.57211743
   1995.31113910       2.57288848
   1996.55683404       2.57372801
   1997.75707507       2.57463348
   1998.99087850       2.57560100
   2000.22281320       2.57662519
   2001.47325368       2.57769838
   2002.68039917       2.57881280
   2003.94636936       2.57996117
   2005.19267161       2.58113532
   2006.39476152       2.58232740
   2007.60554946       2.58352880
   2008.82947095       2.58473005
   2010.04829905       2.58591955
   2011.28658950       2.58708566
   2012.55202233       2.58821593
   2013.83447313       2.58929711
   2015.07456756       2.59031569
   2016.29647948       2.59125893
   2017.54038509       2.59211237
   2018.76029312       2.59286150
   2019.97002760       2.59349301
   2021.16963864       2.59399486
   2022.36904928       2.59435624
   2023.55126283       2.59456920
   2024.77018924       2.59462746
   2025.95370579       2.59452431
   2027.15442133       2.59425490
   2028.37376316       2.59381827
   2029.57635027       2.59321438
   2030.87904938       2.59244528
   2032.11454714       2.59151484
   2033.36426073       2.59042902
   2034.56575042       2.58919511
   2035.77060419       2.58782174
   2037.01641303       2.58632063
   2038.30210929       2.58470453
   2039.47138448       2.58298815
   2040.70101140       2.58118724
   2041.94139460       2.57931779
   2043.17275035       2.57739722
   2044.41734078       2.57544367
   2045.59079201       2.57347613
   2046.81978562       2.57151428
   2047.98987750       2.56957867
   2049.24317069       2.56769204
   2050.44817759       2.56587668
   2051.66321672       2.56415318
   2052.88396932       2.56254196
   2054.09100894       2.56106135
   2055.38775403       2.55972889
   2056.57479630       2.55856070
   2057.77183441       2.55757439
   2058.94513488       2.55678608
   2060.13048850       2.55621065
   2061.32837826       2.55586193
   2062.49444297       2.55575309
   2063.64592085       2.55589453
   2064.89815869       2.55629604
   2066.07914579       2.55696617
   2067.30597151       2.55791148
   2068.53450148       2.55913605
   2069.72323241       2.56064214
   2070.94248540       2.56242872
   2072.18223292       2.56449205
   2073.39623655       2.56682791
   2074.59876600       2.56943012
   2075.80115602       2.57228792
   2077.00498469       2.57538803
   2078.20534151       2.57871499
   2079.50711855       2.58225118
   2080.68999754       2.58597591
   2081.88940630       2.58986612
   2083.04043897       2.59389729
   2084.21103087       2.59804213
   2085.39836853       2.60227169
   2086.61455895       2.60655461
   2087.81238019       2.61085698
   2089.00686759       2.61514508
   2090.17766934       2.61938541
   2091.40837855       2.62354471
   2092.61626699       2.62759033
   2093.93314696       2.63149096
   2095.16475934       2.63521668
   2096.35530937       2.63873712
   2097.55644413       2.64202408
   2098.77961888       2.64505258
   2100.01261934       2.64779899
   2101.24364756       2.65024441
   2102.41003790       2.65237388
   2103.66176815       2.65417729
   2104.86225211       2.65564599
   2106.09811473       2.65677506
   2107.32010464       2.65756423
   2108.55160737       2.65801576
   2109.82333875       2.65813409
   2111.05946226       2.65792695
   2112.27262085       2.65740430
   2113.47186702       2.65657954
   2114.65764032       2.65546905
   2115.82596650       2.65409222
   2117.02830312       2.65247009
   2118.21737433       2.65062622
   2119.41807948       2.64858540
   2120.60273881       2.64637162
   2121.77503970       2.64400876
   2122.97888444       2.64152247
   2124.22299280       2.63893911
   2125.47374709       2.63628417
   2126.72349661       2.63358193
   2127.93144413       2.63085593
   2129.15762142       2.62812793
   2130.33489139       2.62541776
   2131.53536070       2.62274430
   2132.73611878       2.62012497
   2133.93643968       2.61757596
   2135.08653610       2.61511369
   2136.26738378       2.61275246
   2137.52793826       2.61050538
   2138.73328213       2.60838458
   2139.93334405       2.60640071
   2141.13408086       2.60456313
   2142.33770393       2.60287955
   2143.58626151       2.60135713
   2144.79072206       2.60000131
   2146.02285196       2.59881537
   2147.22310197       2.59780361
   2148.47326644       2.59696841
   2149.71045381       2.59631017
   2150.95347184       2.59582616
   2152.18371080       2.59551230
   2153.38728189       2.59536287
   2154.60697629       2.59536862
   2155.89683347       2.59551875
   2157.09479649       2.59580116
   2158.31352629       2.59620329
   2159.51714275       2.59671288
   2160.76588134       2.59731535
   2161.92086224       2.59799527
   2163.14339613       2.59873590
   2164.32728746       2.59951956
   2165.52683612       2.60032699
   2166.73024085       2.60113819
   2167.90389767       2.60193495
   2169.14360928       2.60270001
   2170.32416158       2.60341561
   2171.52387423       2.60406486
   2172.70886912       2.60463119
   2173.93432851       2.60509925
   2175.13402131       2.60545488
   2176.33215967       2.60568664
   2177.61905685       2.60578537
   2178.80760676       2.60574256
   2179.95638883       2.60555205
   2181.15549511       2.60521028
   2182.35547857       2.60471555
   2183.50713651       2.60406962
   2184.74178781       2.60327568
   2185.91416526       2.60233867
   2187.14606594       2.60126579
   2188.34762841       2.60006504
   2189.59552479       2.59874478
   2190.81453863       2.59731503
   2192.04872204       2.59578782
   2193.24793845       2.59417639
   2194.42247245       2.59249330
   2195.59909825       2.59075143
   2196.77388368       2.58896377
   2197.97030881       2.58714427
   2199.17234579       2.58530727
   2200.35828922       2.58346674
   2201.57312655       2.58163720
   2202.77792124       2.57983393
   2204.00232905       2.57807351
   2205.24966681       2.57637176
   2206.46928370       2.57474332
   2207.67072896       2.57320348
   2208.90528905       2.57176620
   2210.09199104       2.57044376
   2211.32471785       2.56924809
   2212.51722498       2.56819018
   2213.75341229       2.56728079
   2214.95570637       2.56652784
   2216.11891412       2.56593773
   2217.32359066       2.56551655
   2218.52287370       2.56526720
   2219.72589088       2.56519114
   2220.89873670       2.56528766
   2222.09110961       2.56555376
   2223.32317854       2.56598380
   2224.49509140       2.56656941
   2225.69533102       2.56730183
   2226.90102889       2.56817025
   2228.12805121       2.56916212
   2229.37690275       2.57026310
   2230.59425582       2.57145657
   2231.84244948       2.57272606
   2233.01580099       2.57405322
   2234.21657277       2.57541774
   2235.40368027       2.57679906
   2236.61807428       2.57817837
   2237.80375967       2.57953785
   2238.97199841       2.58085974
   2240.26126812       2.58212833
   2241.47918975       2.58333013
   2242.68191155       2.58445313
   2243.88120120       2.58548834
   2245.11451878       2.58642843
   2246.33781973       2.58726786
   2247.52150736       2.58800379
   2248.69146974       2.58863718
   2249.87526230       2.58917204
   2251.12359538       2.58961324
   2252.39078681       2.58996790
   2253.60027459       2.59024486
   2254.78243946       2.59045348
   2255.98092472       2.59060409
   2257.25095469       2.59070906
   2258.45422472       2.59078082
   2259.65746167       2.59083321
   2260.85642900       2.59088000
   2262.03960338       2.59093667
   2263.26252954       2.59101773
   2264.44170085       2.59113559
   2265.66595979       2.59130221
   2266.81749296       2.59152845
   2268.06713661       2.59182380
   2269.30876940       2.59219747
   2270.71583029       2.59265747
   2271.97019916       2.59321112
   2273.21490302       2.59386470
   2274.43296595       2.59462380
   2275.64822202       2.59549190
   2276.81913105       2.59647113
   2278.12049407       2.59756191
   2279.32228576       2.59876127
   2280.56375456       2.60006571
   2281.74810197       2.60147205
   2282.94713689       2.60297808
   2284.13387574       2.60458122
   2285.33387007       2.60627739
   2286.53427746       2.60806354
   2287.73774836       2.60993569
   2288.95564493       2.61188865
   2290.19140074       2.61391774
   2291.41081583       2.61601762
   2292.60778447       2.61818343
   2293.81138108       2.62041203
   2294.99684339       2.62270136
   2296.19556875       2.62504813
   2297.36647116       2.62744780
   2298.57344084       2.62989682
   2299.77361051       2.63239139
   2301.02117511       2.63492738
   2302.25909078       2.63750052
   2303.49831938       2.64010650
   2304.76637002       2.64274097
   2306.19660709       2.64540071
   2307.95560523       2.64808215
   2309.35247793       2.65078184
   2310.55355124       2.65349429
   2311.75476776       2.65621419
   2312.95699378       2.65893622
   2314.19048717       2.66165484
   2315.41242698       2.66436432
   2316.66626699       2.66705901
   2317.91449184       2.66973236
   2319.11304894       2.67237757
   2320.36335756       2.67498697
   2321.56709501       2.67754971
   2322.81713991       2.68005214
   2324.05594315       2.68248000
   2325.27399994       2.68481781
   2326.49963183       2.68705037
   2327.67779033       2.68916389
   2328.97983534       2.69114660
   2330.24119043       2.69298767
   2331.53442870       2.69467554
   2332.84857081       2.69619876
   2334.66568000       2.69754831
   2335.88221213       2.69871530
   2337.09968476       2.69969229
   2338.30346522       2.70047500
   2339.55283806       2.70106157
   2340.73374152       2.70145206
   2341.93520994       2.70164963
   2343.14434231       2.70165786
   2344.34950044       2.70148171
   2345.56175681       2.70112948
   2346.74616708       2.70061260
   2347.91729068       2.69994279
   2349.10236403       2.69913411
   2350.27370030       2.69820218
   2351.52174178       2.69716572
   2352.72809753       2.69604698
   2353.94278220       2.69487051
   2355.09587358       2.69366176
   2356.29606830       2.69244599
   2357.47932586       2.69124845
   2358.70144999       2.69009577
   2359.89979914       2.68901324
   2361.13708055       2.68802482
   2362.33899654       2.68715318
   2363.50605753       2.68641847
   2364.72299280       2.68583764
   2365.95908936       2.68542379
   2367.15919995       2.68518546
   2368.34262765       2.68512646
   2369.54684292       2.68524934
   2370.76010502       2.68555481
   2371.94864501       2.68604105
   2373.16239012       2.68670448
   2374.31504055       2.68753919
   2375.56856296       2.68853707
   2376.78709426       2.68968590
   2377.97433408       2.69097039
   2379.16016362       2.69237397
   2380.37771896       2.69387935
   2381.62547262       2.69546761
   2382.79738123       2.69711819
   2383.99735476       2.69880953
   2385.20364246       2.70051850
   2386.36858281       2.70222037
   2387.55424930       2.70389037
   2388.75451302       2.70550241
   2389.95679150       2.70703255
   2391.15884313       2.70845857
   2392.42319980       2.70975932
   2393.66130357       2.71091510
   2394.86202242       2.71191139
   2396.04417547       2.71273627
   2397.21404144       2.71338261
   2398.39739919       2.71384628
   2399.62843025       2.71412486
   2400.82465121       2.71421737
   2402.02239021       2.71412387
   2403.20989801       2.71384832
   2404.44891913       2.71339703
   2405.66865418       2.71277654
   2406.89766858       2.71199523
   2408.11929646       2.71106390
   2409.34097633       2.70999324
   2410.52770998       2.70879478
   2411.74446944       2.70748126
   2412.93255430       2.70606754
   2414.17848413       2.70457075
   2415.38173857       2.70301035
   2416.60205257       2.70140575
   2417.80684869       2.69977622
   2419.02391109       2.69814167
   2420.22624818       2.69652099
   2421.45809639       2.69493311
   2422.66481511       2.69339567
   2423.88205995       2.69192575
   2425.11021844       2.69053945
   2426.29438484       2.68925111
   2427.46655292       2.68807208
   2428.66384105       2.68700965
   2429.87082916       2.68606854
   2431.06915940       2.68525103
   2432.26900722       2.68455688
   2433.45316370       2.68398422
   2434.65621160       2.68353057
   2435.82930648       2.68319449
   2437.10875759       2.68297333
   2438.31214955       2.68286389
   2439.50947171       2.68286263
   2440.73487769       2.68296638
   2441.93153392       2.68317040
   2443.08802815       2.68346896
   2444.28728709       2.68385392
   2445.45690635       2.68431515
   2446.64033641       2.68484177
   2447.84202838       2.68542261
   2449.04314753       2.68604818
   2450.26612473       2.68670769
   2451.46691542       2.68738986
   2452.73436584       2.68808389
   2454.03755648       2.68878001
   2455.35226053       2.68946796
   2456.57057206       2.69013905
   2457.80619648       2.69078665
   2459.01945999       2.69140624
   2460.22079749       2.69199329
   2461.42552508       2.69254285
   2462.60754910       2.69305007
   2463.80562603       2.69351076
   2465.02734040       2.69392237
   2466.16162873       2.69428166
   2467.38353687       2.69458750
   2468.63343101       2.69483816
   2469.83782870       2.69503233
   2471.04084920       2.69516917
   2472.32040806       2.69524745
   2473.53620999       2.69526574
   2474.74203121       2.69522199
   2475.92852619       2.69511471
   2477.14435459       2.69494357
   2478.34424353       2.69470940
   2479.54715154       2.69441434
   2480.76948504       2.69406263
   2481.97195399       2.69365874
   2483.12335813       2.69320571
   2484.32539085       2.69270646
   2485.48022714       2.69216324
   2486.65939562       2.69157888
   2487.82983629       2.69095445
   2488.98087557       2.69028973
   2490.19205437       2.68958469
   2491.43019358       2.68884084
   2492.61770327       2.68806165
   2493.78438522       2.68725140
   2494.98895022       2.68641551
   2496.22130083       2.68555835
   2497.47274231       2.68468486
   2498.69080288       2.68380067
   2499.92774779       2.68291336
   2501.15573378       2.68203095
   2502.35452719       2.68116213
   2503.50985406       2.68031767
   2504.69069182       2.67950838
   2505.89223066       2.67874320
   2507.14293580       2.67803161
   2508.36114383       2.67738464
   2509.56280933       2.67681374
   2510.74596764       2.67633126
   2511.96590213       2.67594876
   2513.26709171       2.67567926
   2514.46908568       2.67553507
   2515.65259514       2.67552913
   2516.87394276       2.67567452
   2518.10762945       2.67598283
   2519.27258682       2.67646491
   2520.52563709       2.67712971
   2521.72527365       2.67798539
   2522.92745099       2.67903887
   2524.19958126       2.68029463
   2525.38387716       2.68175383
   2526.56525086       2.68341500
   2527.76763096       2.68527302
   2528.96722262       2.68731958
   2530.19035862       2.68954476
   2531.40875522       2.69193758
   2532.64662552       2.69448620
   2533.84368159       2.69717601
   2535.06238161       2.69999262
   2536.29944893       2.70292212
   2537.52162741       2.70595091
   2538.75683073       2.70906324
   2540.02813061       2.71224113
   2541.21236129       2.71546508
   2542.45054776       2.71871356
   2543.63440223       2.72196553
   2544.85590723       2.72519991
   2546.00705097       2.72839660
   2547.18845965       2.73153547
   2548.42243038       2.73459704
   2549.63652334       2.73756297
   2550.84118948       2.74041391
   2552.02944354       2.74313108
   2553.24586650       2.74569897
   2554.42840662       2.74810440
   2555.64420005       2.75033519
   2556.84695304       2.75238230
   2558.05360890       2.75423887
   2559.28158497       2.75590279
   2560.46917216       2.75737492
   2561.67300319       2.75865887
   2562.85570259       2.75976010
   2564.07456992       2.76068469
   2565.28965726       2.76144129
   2566.50627918       2.76203919
   2567.69337628       2.76248943
   2568.90884786       2.76280327
   2570.11255884       2.76299279
   2571.30378046       2.76307121
   2572.55192071       2.76305383
   2573.75628202       2.76295773
   2574.95331541       2.76280083
   2576.18876070       2.76260291
   2577.38998053       2.76238487
   2578.61378717       2.76216612
   2579.82943125       2.76196456
   2581.02582046       2.76179831
   2582.22536108       2.76168421
   2583.42768777       2.76163702
   2584.61586574       2.76166712
   2585.83061705       2.76178254
   2587.03171588       2.76198942
   2588.23877441       2.76229161
   2589.44025890       2.76269184
   2590.64366836       2.76319034
   2591.82570467       2.76378610
   2592.97534501       2.76447550
   2594.19930903       2.76525218
   2595.39628003       2.76610741
   2596.58297541       2.76703244
   2597.81613513       2.76801893
   2599.01100819       2.76905885
   2600.21230788       2.77014355
   2601.38079806       2.77126425
   2602.65074390       2.77241381
   2603.94768654       2.77358605
   2605.11665973       2.77477647
   2606.30139375       2.77597930
   2607.52492296       2.77718849
   2608.75604666       2.77839795
   2609.97818355       2.77960213
   2611.20755194       2.78079708
   2612.37404626       2.78197808
   2613.57809280       2.78314204
   2614.72882489       2.78428594
   2615.88459837       2.78540857
   2617.08547555       2.78650962
   2618.26980311       2.78758948
   2619.48788731       2.78864857
   2620.73823657       2.78968652
   2621.92710976       2.79070372
   2623.14235212       2.79170009
   2624.33983260       2.79267393
   2625.52966331       2.79362434
   2626.71996238       2.79455177
   2627.93607482       2.79545571
   2629.18660085       2.79633355
   2630.34062518       2.79718029
   2631.54263947       2.79799123
   2632.72828090       2.79876132
   2633.97312513       2.79948475
   2635.19579938       2.80015582
   2636.44292446       2.80076812
   2637.64702299       2.80131502
   2638.80501635       2.80178868
   2640.02142655       2.80218152
   2641.20363159       2.80248699
   2642.40722773       2.80269990
   2643.65686948       2.80281376
   2644.85870796       2.80282143
   2646.09260828       2.80271548
   2647.31356882       2.80248868
   2648.51443277       2.80213425
   2649.71653355       2.80164541
   2650.91924778       2.80101479
   2652.15199917       2.80023412
   2653.32106074       2.79929632
   2654.52222527       2.79819509
   2655.72629024       2.79692609
   2656.92520181       2.79548309
   2658.12319035       2.79386115
   2659.32912547       2.79205790
   2660.52852099       2.79007246
   2661.72766887       2.78790662
   2662.91204794       2.78556396
   2664.11158478       2.78305035
   2665.30101660       2.78037398
   2666.47387801       2.77754568
   2667.69429079       2.77457924
   2668.92625527       2.77149074
   2670.08134819       2.76829861
   2671.36469601       2.76502426
   2672.56937019       2.76169114
   2673.83191202       2.75832348
   2675.01886024       2.75494704
   2676.23891903       2.75158984
   2677.42031495       2.74828265
   2678.59430402       2.74501686
   2679.82513659       2.74190000
   2681.02852619       2.73896362
   2682.24732735       2.73623931
   2683.44990878       2.73375862
   2684.65243303       2.73155311
   2685.85070184       2.72965435
   2687.02851201       2.72809390
   2688.23853432       2.72690333
   2689.42446736       2.72611419
   2690.62764665       2.72575806
   2691.82820340       2.72586650
   2693.02855266       2.72647107
   2694.21362034       2.72760333
   2695.47066469       2.72929485
   2696.67104467       2.73157719
   2697.96968732       2.73448192
   2699.17148090       2.73804060
   2700.37270781       2.74228479
