      0.02583937       3.08456738
      1.44093569       3.08483561
      2.65792720       3.08484296
      3.92107586       3.08459724
      5.20845795       3.08410627
      6.42564559       3.08337785
      7.68261858       3.08241978
      8.86806719       3.08123987
     10.07025304       3.07984594
     11.30433437       3.07824578
     12.55908133       3.07644721
     13.80739172       3.07445803
     15.04261348       3.07228606
     16.26245156       3.06993909
     17.46397905       3.06742493
     18.68138221       3.06475140
     19.91415109       3.06192629
     21.16998932       3.05895743
     22.40276575       3.05585260
     23.60526968       3.05261963
     24.80691107       3.04927754
     26.03959724       3.04582849
     27.24169424       3.04228092
     28.48087888       3.03864295
     29.68185152       3.03492270
     30.89823903       3.03112759
     32.13025880       3.02726434
     33.41377394       3.02333888
     34.64407292       3.01935678
     35.84726733       3.01532356
     37.09270091       3.01124432
     38.30680473       3.00712329
     39.52371401       3.00296400
     40.72552035       2.99876957
     41.98994603       2.99454287
     43.21447341       2.99028581
     44.46332637       2.98599907
     45.71655245       2.98168255
     46.95043150       2.97733496
     48.22085704       2.97295417
     49.46945810       2.96853786
     50.73933210       2.96408283
     51.97301359       2.95958519
     53.14334225       2.95503985
     54.36079125       2.95044145
     55.63126973       2.94578496
     56.84789969       2.94106486
     58.03274051       2.93627594
     59.23213037       2.93141319
     60.41709407       2.92647189
     61.63747141       2.92144815
     62.81793296       2.91633822
     64.04131472       2.91113880
     65.37435913       2.90584726
     66.62287937       2.90046184
     67.82482513       2.89498213
     69.01121425       2.88940848
     70.24958646       2.88374147
     71.51820755       2.87798159
     72.75123684       2.87213004
     73.96931300       2.86618850
     75.22326550       2.86015981
     76.38775167       2.85404773
     77.62669906       2.84785592
     78.85954213       2.84158928
     80.12953617       2.83525390
     81.27842411       2.82885827
     82.51664272       2.82241169
     83.75006333       2.81592348
     84.95283712       2.80940328
     86.15382867       2.80286168
     87.32385721       2.79631011
     88.53994036       2.78975940
     89.77317806       2.78321911
     91.02664660       2.77669827
     92.22871618       2.77020602
     93.40786623       2.76375070
     94.64804809       2.75734050
     95.89810575       2.75098269
     97.09887186       2.74468358
     98.23079522       2.73844905
     99.43981039       2.73228421
    100.71032573       2.72619452
    102.03612965       2.72018466
    103.26189340       2.71425794
    104.47837779       2.70841737
    105.71825482       2.70266526
    106.99311256       2.69700315
    108.32029841       2.69143139
    109.61190947       2.68594889
    110.98276084       2.68055435
    112.28692884       2.67524558
    113.45714265       2.67001960
    114.62771518       2.66487151
    115.87533461       2.65979523
    117.07628977       2.65478377
    118.27782908       2.64982944
    119.47949553       2.64492481
    120.66601745       2.64006240
    121.85960310       2.63523430
    123.12295688       2.63043225
    124.28546751       2.62564782
    125.52406800       2.62087390
    126.77234389       2.61610353
    128.12448485       2.61133054
    129.32459166       2.60654784
    130.54234550       2.60174881
    131.78057026       2.59692740
    133.00563123       2.59207800
    134.21284808       2.58719517
    135.44412679       2.58227331
    136.65567565       2.57730807
    137.91117124       2.57229692
    139.15488638       2.56723876
    140.34006135       2.56213368
    141.52666928       2.55698316
    142.71547961       2.55179038
    143.93884672       2.54656119
    145.14010624       2.54130245
    146.40387404       2.53602232
    147.57530389       2.53073036
    148.74515663       2.52543619
    149.99361920       2.52015054
    151.25146275       2.51488519
    152.54278456       2.50965206
    153.74603806       2.50446241
    154.96070051       2.49932703
    156.21536098       2.49425705
    157.51095383       2.48926344
    158.74425629       2.48435534
    159.96253001       2.47954002
    161.16401497       2.47482310
    162.35000142       2.47021008
    163.52908152       2.46570462
    164.72989205       2.46130844
    165.91556846       2.45702187
    167.15403756       2.45284314
    168.35651124       2.44876843
    169.55642711       2.44479238
    170.77396024       2.44090768
    172.06020096       2.43710591
    173.26015653       2.43337626
    174.56370588       2.42970707
    175.77958438       2.42608566
    176.98103626       2.42249901
    178.16756999       2.41893365
    179.39838743       2.41537651
    180.64585137       2.41181551
    181.83106414       2.40824021
    183.03315878       2.40464156
    184.24979347       2.40101207
    185.52023650       2.39734486
    186.70552394       2.39363490
    187.95481691       2.38987766
    189.13989215       2.38607033
    190.35795839       2.38221159
    191.55885069       2.37830001
    192.74490094       2.37433532
    193.93042847       2.37031829
    195.19932274       2.36625042
    196.43741989       2.36213437
    197.67666361       2.35797325
    198.87686825       2.35377029
    200.05901374       2.34952897
    201.27579541       2.34525332
    202.42203244       2.34094749
    203.65481880       2.33661517
    204.85663837       2.33225957
    206.07451935       2.32788446
    207.41401497       2.32349495
    208.59381581       2.31909661
    209.83352695       2.31469384
    211.06611670       2.31029095
    212.26818109       2.30589213
    213.45364765       2.30150123
    214.62377876       2.29712136
    215.91199926       2.29275463
    217.11381789       2.28840265
    218.34755799       2.28406747
    219.56444600       2.27975060
    220.78117285       2.27545465
    221.96709880       2.27118283
    223.21905590       2.26693856
    224.59803439       2.26272581
    225.82061270       2.25854898
    227.03739862       2.25441222
    228.28545948       2.25031928
    229.54017288       2.24627247
    230.72565788       2.24227356
    231.94220655       2.23832241
    233.17482655       2.23441859
    234.44407102       2.23055948
    235.65718283       2.22674284
    236.84227839       2.22296547
    238.04454459       2.21922269
    239.24533055       2.21550949
    240.40855720       2.21182092
    241.62047942       2.20815173
    242.94818043       2.20449639
    244.15037195       2.20084975
    245.35370012       2.19720702
    246.61512090       2.19356354
    247.96864094       2.18991552
    249.22995822       2.18626054
    250.50071365       2.18259802
    251.70091546       2.17892849
    252.94726544       2.17525396
    254.14971879       2.17157725
    255.31299648       2.16790062
    256.51452493       2.16422598
    257.78494669       2.16055605
    259.03349812       2.15689332
    260.26262170       2.15324060
    261.51647778       2.14959991
    262.71658742       2.14597374
    263.98979148       2.14236485
    265.22330425       2.13877656
    266.42344604       2.13521186
    267.71861826       2.13167365
    268.92660264       2.12816429
    270.25489725       2.12468502
    271.47692497       2.12123591
    272.73428928       2.11781540
    274.19235684       2.11442047
    275.41015889       2.11104737
    276.61306738       2.10769078
    277.81498904       2.10434498
    279.15030956       2.10100280
    280.35609581       2.09765675
    281.60501824       2.09429805
    282.90855483       2.09091798
    284.19926933       2.08750702
    285.48035616       2.08405560
    286.75124440       2.08055461
    288.50355644       2.07699640
    289.81181541       2.07337374
    291.05436792       2.06968079
    292.36824064       2.06591348
    293.63853857       2.06206852
    294.89281103       2.05814356
    296.17280848       2.05413785
    297.99932180       2.05005136
    299.37582991       2.04588438
    300.79267964       2.04163763
    301.96799110       2.03731249
    303.57344840       2.03291043
    304.85876562       2.02843313
    306.10874861       2.02388357
    307.38569295       2.01926599
    308.71444742       2.01458461
    310.21226913       2.00984495
    311.48373868       2.00505283
    312.93770961       2.00021551
    314.56210607       1.99534079
    315.77559881       1.99043798
    317.71297049       1.98551624
    319.58818128       1.98058513
    320.92413747       1.97565566
    322.15207242       1.97073889
    323.40189850       1.96584606
    324.62485822       1.96098866
    325.89070789       1.95617847
    327.18714010       1.95142752
    328.42288079       1.94674698
    329.69000841       1.94214832
    330.93747802       1.93764158
    332.27081782       1.93323594
    333.51187922       1.92893986
    334.76170719       1.92476130
    335.98457332       1.92070757
    337.21587850       1.91678508
    338.46433068       1.91299958
    339.68843365       1.90935636
    340.94992249       1.90585826
    342.21315528       1.90250707
    343.46628779       1.89930169
    344.69923720       1.89623798
    345.94892811       1.89330950
    347.17287181       1.89050739
    348.43243142       1.88782001
    349.68771622       1.88523483
    350.91892782       1.88273839
    352.15207290       1.88031547
    353.40255686       1.87794991
    354.67124979       1.87562550
    355.92327022       1.87332592
    357.13666323       1.87103450
    358.37396828       1.86873457
    359.68895259       1.86641097
    360.94858026       1.86404973
    362.20181248       1.86163880
    363.41618523       1.85916740
    364.61934372       1.85662643
    365.87389171       1.85400715
    367.10935308       1.85130356
    368.40287445       1.84851154
    369.63643874       1.84562700
    370.90261310       1.84264730
    372.16651039       1.83957128
    373.37328015       1.83639901
    374.60550976       1.83313234
    375.85541241       1.82977408
    377.06131350       1.82632844
    378.29146313       1.82280021
    379.59065921       1.81919568
    380.85420014       1.81552237
    382.16699813       1.81178801
    383.38811322       1.80800049
    384.62526845       1.80416783
    385.87488563       1.80029796
    387.09034586       1.79639753
    388.29372932       1.79247161
    389.54283041       1.78852447
    390.77562385       1.78455793
    392.04077122       1.78057390
    393.26586763       1.77657371
    394.51504575       1.77255799
    395.71479479       1.76852748
    396.95300206       1.76448394
    398.16709785       1.76042875
    399.41672401       1.75636292
    400.64101745       1.75228845
    401.87493005       1.74820781
    403.13988459       1.74412375
    404.40175624       1.74004041
    405.65250534       1.73596327
    406.85535380       1.73189860
    408.08990964       1.72785315
    409.37035843       1.72383349
    410.57712158       1.71984588
    411.81144961       1.71589633
    413.06201817       1.71199076
    414.31118920       1.70813609
    415.60445158       1.70433798
    416.82760601       1.70060198
    418.07718254       1.69693446
    419.27653648       1.69334173
    420.52703036       1.68983029
    421.72924268       1.68640733
    422.99936008       1.68307937
    424.21282256       1.67985284
    425.43693262       1.67673461
    426.65342836       1.67373021
    427.91644706       1.67084395
    429.15139847       1.66807818
    430.40276575       1.66543402
    431.61976672       1.66291045
    432.91636482       1.66050410
    434.12365068       1.65820905
    435.33950035       1.65601741
    436.58801208       1.65391882
    437.82779458       1.65190171
    439.12139015       1.64995441
    440.40072405       1.64806241
    441.63662022       1.64621034
    442.83916763       1.64438207
    444.06388737       1.64256042
    445.27791179       1.64072707
    446.49977267       1.63886298
    447.73436821       1.63694943
    448.95631132       1.63496737
    450.16649337       1.63289836
    451.37780120       1.63072407
    452.63696712       1.62842569
    453.86021041       1.62598382
    455.08836134       1.62337999
    456.31366949       1.62059679
    457.54807645       1.61761871
    458.74890684       1.61443215
    460.00130726       1.61102640
    461.27698688       1.60739328
    462.54704095       1.60352774
    463.77567159       1.59942921
    465.00014320       1.59510072
    466.24917954       1.59054959
    467.43762123       1.58578748
    468.64109732       1.58083002
    469.90307154       1.57569590
    471.13911848       1.57040747
    472.40129875       1.56498999
    473.60498185       1.55946921
    474.83809384       1.55387317
    476.06219398       1.54823043
    477.32841844       1.54257038
    478.54544398       1.53692180
    479.75076375       1.53131375
    480.96468467       1.52577415
    482.18431149       1.52032969
    483.41617861       1.51500558
    484.71458211       1.50982637
    485.91611055       1.50481332
    487.14036193       1.49998375
    488.39123533       1.49535338
    489.65331493       1.49093444
    490.87558604       1.48673585
    492.09045267       1.48276363
    493.32731866       1.47902037
    494.52779978       1.47550555
    495.79332713       1.47221426
    497.01626888       1.46913798
    498.27760932       1.46626343
    499.52598588       1.46357470
    500.76627503       1.46105292
    502.02728227       1.45867845
    503.27567490       1.45643023
    504.50201524       1.45428616
    505.71488837       1.45222359
    506.91725949       1.45022045
    508.14213850       1.44825526
    509.39221506       1.44630940
    510.62510870       1.44436541
    511.85336030       1.44240732
    513.10440384       1.44042199
    514.33004565       1.43839763
    515.57867554       1.43632447
    516.81103891       1.43419451
    518.06347808       1.43200156
    519.26435478       1.42974112
    520.51432454       1.42740976
    521.71279940       1.42500626
    522.91700427       1.42253016
    524.18596707       1.41998302
    525.41661909       1.41736730
    526.71449610       1.41468739
    527.96368745       1.41194810
    529.18871817       1.40915557
    530.45452341       1.40631736
    531.66621169       1.40344199
    532.90344916       1.40053743
    534.12187931       1.39761310
    535.37557848       1.39467953
    536.59059209       1.39174670
    537.85385702       1.38882456
    539.06087633       1.38592265
    540.33819593       1.38304850
    541.62379719       1.38020829
    542.90232007       1.37740611
    544.18681920       1.37464507
    545.40261971       1.37192692
    546.60408672       1.36925349
    547.82466681       1.36662520
    549.06151767       1.36404273
    550.31219398       1.36150546
    551.50125102       1.35901202
    552.70376156       1.35656062
    553.91859368       1.35415006
    555.16691920       1.35177884
    556.40098162       1.34944596
    557.68700493       1.34714879
    558.91677931       1.34488479
    560.10421149       1.34265135
    561.32861693       1.34044404
    562.58788495       1.33825847
    563.83816852       1.33608949
    565.04358707       1.33393168
    566.29095695       1.33177972
    567.55876609       1.32962757
    568.81222187       1.32746917
    570.02812541       1.32529831
    571.31223982       1.32310978
    572.57859141       1.32089843
    573.87504868       1.31866041
    575.16855493       1.31639233
    576.43916716       1.31409200
    577.68723226       1.31175825
    578.91603730       1.30939002
    580.16681239       1.30698623
    581.41677883       1.30454697
    582.66816644       1.30207177
    583.91674764       1.29955953
    585.18687591       1.29700866
    586.41642154       1.29441674
    587.65140131       1.29178035
    588.87348904       1.28909700
    590.13544908       1.28636428
    591.38992523       1.28358057
    592.60475925       1.28074421
    593.81125253       1.27785396
    595.00115602       1.27490903
    596.22797701       1.27191001
    597.47979139       1.26885784
    598.65208897       1.26575470
    599.91679632       1.26260418
    601.16757236       1.25941139
    602.43766045       1.25618165
    603.68215494       1.25292106
    604.93399011       1.24963517
    606.18574494       1.24632998
    607.38545239       1.24301145
    608.65153175       1.23968499
    609.87559833       1.23635764
    611.20337779       1.23303631
    612.44806180       1.22972840
    613.74903492       1.22644251
    614.96527922       1.22318687
    616.19784061       1.21997044
    617.42154706       1.21680242
    618.69942530       1.21369281
    619.92260005       1.21065146
    621.17162788       1.20768844
    622.37842411       1.20481326
    623.58884578       1.20203444
    624.81375078       1.19935945
    626.02640367       1.19679391
    627.26494225       1.19434214
    628.48273673       1.19200719
    629.70287445       1.18978938
    630.95182241       1.18768631
    632.18694160       1.18569352
    633.46370824       1.18380474
    634.79210636       1.18201249
    636.06072887       1.18030827
    637.29087425       1.17868159
    638.56289960       1.17712017
    639.82510256       1.17561017
    641.02550759       1.17413770
    642.30935450       1.17268938
    643.62398624       1.17125173
    644.83875314       1.16981090
    646.04204728       1.16835322
    647.27840520       1.16686494
    648.54255345       1.16533248
    649.76519935       1.16374184
    651.01616491       1.16207913
    652.25101471       1.16033114
    653.57715797       1.15848660
    654.83852109       1.15653600
    656.07555060       1.15447156
    657.35547668       1.15228810
    658.65304034       1.14998212
    659.90130159       1.14755276
    661.14252037       1.14500190
    662.35353659       1.14233217
    663.60546250       1.13954880
    664.82823317       1.13665890
    666.04343961       1.13367221
    667.24681835       1.13060013
    668.51685871       1.12745554
    669.82869397       1.12425187
    671.12482041       1.12100279
    672.33769826       1.11772267
    673.56350407       1.11442568
    674.83900079       1.11112513
    676.08886184       1.10783282
    677.35533348       1.10455880
    678.57756867       1.10131175
    679.82734938       1.09810040
    681.02840946       1.09493225
    682.27548963       1.09181385
    683.48055088       1.08875015
    684.72931310       1.08574498
    685.96340388       1.08280105
    687.18659470       1.07992079
    688.43799837       1.07710661
    689.69783683       1.07436039
    690.91819668       1.07168272
    692.12567348       1.06907365
    693.38590185       1.06653220
    694.66721081       1.06405693
    695.89050797       1.06164637
    697.10507070       1.05929816
    698.33925695       1.05701052
    699.56324035       1.05478232
    700.79137286       1.05261208
    701.99659243       1.05049800
    703.23430866       1.04843787
    704.48451566       1.04642999
    705.73348819       1.04447279
    706.95364860       1.04256476
    708.20181012       1.04070463
    709.43296075       1.03889115
    710.65216364       1.03712419
    711.89125328       1.03540415
    713.15195049       1.03373225
    714.39021211       1.03210880
    715.65169906       1.03053321
    716.88969318       1.02900386
    718.08813165       1.02751856
    719.30655756       1.02607461
    720.55711099       1.02466817
    721.77662391       1.02329369
    723.01604392       1.02194530
    724.21464072       1.02061748
    725.43240212       1.01930454
    726.68201647       1.01800122
    727.95311738       1.01670134
    729.18310963       1.01539873
    730.40175199       1.01408745
    731.61024018       1.01276195
    732.90195569       1.01141716
    734.15100337       1.01004889
    735.37013725       1.00865374
    736.64047158       1.00722888
    737.93710135       1.00577229
    739.16593569       1.00428218
    740.35809923       1.00275637
    741.52622077       1.00119375
    742.77801057       0.99959346
    743.97892792       0.99795455
    745.20268777       0.99627687
    746.43690379       0.99455979
    747.66817967       0.99280293
    748.91610536       0.99100730
    750.12422160       0.98917455
    751.35560618       0.98730789
    752.60739692       0.98541145
    753.80924391       0.98349040
    755.08774505       0.98155179
    756.37476511       0.97960374
    757.76543235       0.97765543
    758.95253133       0.97571697
    760.15065410       0.97379863
    761.36977570       0.97191042
    762.64184075       0.97006275
    763.85816114       0.96826658
    765.10313912       0.96653304
    766.36975348       0.96487351
    767.62029227       0.96329913
    768.89119610       0.96181984
    770.08966624       0.96044578
    771.32778229       0.95918596
    772.54672335       0.95804693
    773.80744371       0.95703433
    775.01593238       0.95615172
    776.27790943       0.95540119
    777.52661777       0.95478343
    778.74555410       0.95429741
    779.96460480       0.95394046
    781.20110261       0.95370779
    782.42163828       0.95359231
    783.67169074       0.95358459
    784.88924136       0.95367312
    786.14052309       0.95384309
    787.36025389       0.95407846
    788.60957001       0.95436243
    789.82714001       0.95467693
    791.07870673       0.95500327
    792.30648855       0.95532252
    793.61901998       0.95561554
    794.84046732       0.95586422
    796.08863877       0.95605101
    797.29581640       0.95615866
    798.49567745       0.95617202
    799.73364747       0.95607713
    800.96487986       0.95586168
    802.21488175       0.95551556
    803.42255563       0.95503018
    804.65262728       0.95439908
    805.88659092       0.95361779
    807.12134478       0.95268389
    808.32697270       0.95159722
    809.54778957       0.95035951
    810.79675501       0.94897410
    812.01538840       0.94744575
    813.24658724       0.94578094
    814.48287237       0.94398649
    815.68410921       0.94206932
    816.96412131       0.94003736
    818.18395372       0.93789826
    819.40331824       0.93565964
    820.65263389       0.93333064
    821.87041373       0.93091965
    823.13849226       0.92843492
    824.37160472       0.92588479
    825.58849084       0.92327703
    826.80859359       0.92061833
    828.05795508       0.91791438
    829.29738265       0.91517048
    830.51400127       0.91239171
    831.68151927       0.90958379
    832.92103286       0.90675167
    834.17234248       0.90390157
    835.36931111       0.90103898
    836.57902008       0.89816899
    837.83960527       0.89529604
    839.05744135       0.89242366
    840.27701902       0.88955454
    841.48559559       0.88669071
    842.68163790       0.88383345
    843.90039038       0.88098388
    845.17286850       0.87814378
    846.40379558       0.87531376
    847.61086687       0.87249459
    848.92160567       0.86968759
    850.19795735       0.86689393
    851.45118296       0.86411437
    852.74660378       0.86134970
    854.02747273       0.85860067
    855.24465518       0.85586722
    856.46381080       0.85314878
    857.71322145       0.85044473
    858.92032677       0.84775507
    860.15063189       0.84507908
    861.31424419       0.84241519
    862.57346541       0.83976172
    863.77546175       0.83711625
    865.01155689       0.83447629
    866.23534889       0.83183909
    867.44768465       0.82920211
    868.67079513       0.82656186
    869.87789808       0.82391522
    871.08977399       0.82125942
    872.33790007       0.81859157
    873.57418143       0.81590941
    874.77556052       0.81321208
    875.99965263       0.81049993
    877.23281991       0.80777425
    878.49489196       0.80503715
    879.74946642       0.80228982
    881.01101480       0.79953393
    882.24677345       0.79677036
    883.52765280       0.79400023
    884.74834821       0.79122499
    886.02822561       0.78844623
    887.24835104       0.78566604
    888.46432028       0.78288736
    889.68808486       0.78011446
    890.94746630       0.77735283
    892.19740912       0.77460955
    893.40261593       0.77189200
    894.63524066       0.76920948
    895.85877838       0.76657255
    897.10950574       0.76399185
    898.32229900       0.76147879
    899.57340681       0.75904627
    900.82269930       0.75670769
    902.02731346       0.75447674
    903.26251347       0.75236849
    904.46488270       0.75039835
    905.69795971       0.74858179
    906.94812466       0.74693275
    908.19941490       0.74546514
    909.43723463       0.74419210
    910.63713679       0.74312568
    911.85357676       0.74227834
    913.12597973       0.74166135
    914.37561582       0.74128537
    915.57457890       0.74116001
    916.79631217       0.74129380
    918.04645159       0.74169411
    919.23362809       0.74236690
    920.45041732       0.74331703
    921.67275554       0.74454737
    922.90362072       0.74605825
    924.13496985       0.74784769
    925.33982646       0.74991093
    926.56364444       0.75224039
    927.76228378       0.75482680
    929.68859104       0.75765919
    930.90611660       0.76072472
    932.13759712       0.76400817
    933.34331531       0.76749201
    934.52968694       0.77115749
    935.74668270       0.77498469
    936.98316681       0.77895347
    938.23512156       0.78304277
    939.48413001       0.78723160
    940.73108588       0.79149855
    941.94962002       0.79582313
    943.18395183       0.80018508
    944.38456954       0.80456419
    945.59424495       0.80894158
    946.84392168       0.81329935
    948.07435771       0.81762065
    949.26160179       0.82189043
    950.53067613       0.82609572
    951.73448967       0.83022451
    952.93138316       0.83426665
    954.12152721       0.83821382
    955.35719228       0.84206062
    956.55731091       0.84580399
    957.78275186       0.84944298
    959.01138155       0.85297942
    960.19758446       0.85641679
    961.41803127       0.85976028
    962.63720485       0.86301722
    963.85353139       0.86619616
    965.07259438       0.86930700
    966.29267870       0.87236083
    967.49790300       0.87536940
    968.69883122       0.87834438
    969.90607218       0.88129748
    971.10493884       0.88423987
    972.32341957       0.88718251
    973.57263125       0.89013585
    974.87259438       0.89310981
    976.15648005       0.89611295
    977.46852090       0.89915144
    978.71840511       0.90223004
    979.94732121       0.90535308
    981.21986880       0.90852447
    982.42159149       0.91174712
    983.65604288       0.91502371
    984.92139488       0.91835483
    986.15532922       0.92174083
    988.00321994       0.92518086
    989.23316209       0.92867319
    990.48267199       0.93221420
    991.73005605       0.93579924
    992.93712073       0.93942321
    994.21408303       0.94308059
    995.45141501       0.94676571
    996.67161323       0.95047276
    997.93231989       0.95419516
    999.15177468       0.95792526
   1000.40282199       0.96165570
   1001.64049143       0.96537953
   1002.85868338       0.96908988
   1004.08823705       0.97277955
   1005.35876751       0.97644149
   1006.60856759       0.98006983
   1007.80690351       0.98365911
   1009.02799450       0.98720415
   1010.27825397       0.99070122
   1011.52725722       0.99414659
   1012.73091149       0.99753771
   1014.01518753       1.00087266
   1015.24430592       1.00414916
   1016.51095431       1.00736524
   1017.74728293       1.01052007
   1018.95189425       1.01361354
   1020.19769410       1.01664761
   1021.43687969       1.01962474
   1022.67280800       1.02254788
   1023.94989886       1.02542065
   1025.18783249       1.02824781
   1026.44925138       1.03103599
   1027.67275318       1.03379265
   1028.87786028       1.03652551
   1030.11054219       1.03924205
   1031.32457465       1.04194972
   1032.54382337       1.04465514
   1033.77558510       1.04736595
   1035.00049294       1.05008952
   1036.23348630       1.05283208
   1037.45324971       1.05559924
   1038.68845161       1.05839694
   1039.90212299       1.06123030
   1041.17331087       1.06410343
   1042.42217564       1.06701927
   1043.68369756       1.06997964
   1044.92171437       1.07298537
   1046.18389984       1.07603635
   1047.42127295       1.07913290
   1048.65144101       1.08227514
   1049.87026391       1.08546252
   1051.12034898       1.08869454
   1052.40367743       1.09197107
   1053.67148846       1.09529167
   1054.93266679       1.09865563
   1056.15335605       1.10206201
   1057.37416536       1.10551036
   1058.65204690       1.10900005
   1059.87560542       1.11253032
   1061.09041534       1.11609947
   1062.32633372       1.11970563
   1063.57880551       1.12334856
   1064.83108116       1.12702876
   1066.07261896       1.13074672
   1067.29367923       1.13450341
   1068.58907547       1.13829847
   1069.82210900       1.14213091
   1071.08959393       1.14599992
   1072.51654016       1.14990433
   1073.72826956       1.15384166
   1075.06092642       1.15780791
   1076.49760951       1.16179816
   1078.59041108       1.16580673
   1079.81041174       1.16982783
   1081.12785460       1.17385534
   1082.38158733       1.17788310
   1083.73267813       1.18190416
   1084.91578776       1.18591004
   1086.11012865       1.18989256
   1087.58992618       1.19384282
   1089.26311133       1.19775132
   1090.87023130       1.20160899
   1092.18385164       1.20540767
   1093.71432643       1.20913959
   1094.94750553       1.21279817
   1096.61917878       1.21637736
   1097.83554360       1.21987220
   1099.14606405       1.22327841
   1100.54072632       1.22659181
   1101.74190786       1.22980850
   1102.98977399       1.23292494
   1104.19694831       1.23593869
   1105.39405826       1.23884917
   1106.66836541       1.24165685
   1107.90034170       1.24436391
   1109.15119714       1.24697329
   1110.40355124       1.24948842
   1111.61997372       1.25191398
   1112.78995359       1.25425646
   1113.96351305       1.25652377
   1115.12376363       1.25872360
   1116.37907490       1.26086387
   1117.63388803       1.26295277
   1118.82825775       1.26499828
   1120.06162590       1.26700936
   1121.22951302       1.26899608
   1122.41762954       1.27096859
   1123.61739891       1.27293702
   1124.86655812       1.27491215
   1126.08314507       1.27690533
   1127.28484980       1.27892816
   1128.52393378       1.28099257
   1129.74063936       1.28311055
   1130.96655907       1.28529352
   1132.20549464       1.28755263
   1133.42880834       1.28989784
   1134.62646464       1.29233913
   1135.87752566       1.29488545
   1137.13216345       1.29754560
   1138.36898265       1.30032741
   1139.59815585       1.30323696
   1140.83823610       1.30627806
   1142.06887347       1.30945300
   1143.28731970       1.31276102
   1144.50376156       1.31619933
   1145.74408000       1.31976349
   1146.99274014       1.32344709
   1148.22477598       1.32724298
   1149.46282634       1.33114390
   1150.71260705       1.33514228
   1151.95135830       1.33922934
   1153.18670860       1.34339489
   1154.39985491       1.34762733
   1155.61572490       1.35191322
   1156.85564304       1.35623822
   1158.07090100       1.36058729
   1159.30310509       1.36494510
   1160.50772019       1.36929568
   1161.75985311       1.37362279
   1163.00855200       1.37791035
   1164.24424400       1.38214272
   1165.56546449       1.38630484
   1166.90048774       1.39038293
   1168.08751536       1.39436424
   1169.34173205       1.39823635
   1170.54297881       1.40198788
   1171.74549455       1.40560864
   1172.94802210       1.40908997
   1174.16729777       1.41242492
   1175.38418861       1.41560880
   1176.58685701       1.41863832
   1177.81937917       1.42151079
   1179.05389531       1.42422525
   1180.32143411       1.42678155
   1181.58400996       1.42918155
   1182.86881817       1.43142805
   1184.64274392       1.43352506
   1185.81010832       1.43547783
   1187.01392518       1.43729252
   1189.04169565       1.43897636
   1190.30870702       1.44053771
   1191.51120716       1.44198591
   1192.74406110       1.44333257
   1193.96101149       1.44459092
   1195.16316237       1.44577522
   1196.41762671       1.44690035
   1197.68077585       1.44798112
   1198.93399342       1.44903171
   1200.15366278       1.45006550
   1201.38059011       1.45109563
   1202.53590941       1.45213404
   1203.71563510       1.45319182
   1204.93739579       1.45427952
   1206.10113712       1.45540680
   1207.34134875       1.45658263
   1208.54236488       1.45781427
   1209.75947833       1.45910713
   1210.97619525       1.46046483
   1212.18460688       1.46189001
   1213.44711089       1.46338379
   1214.62758616       1.46494615
   1215.78235959       1.46657576
   1216.95442653       1.46826911
   1218.15445205       1.47002240
   1219.35651786       1.47183112
   1220.54118334       1.47369022
   1221.76056062       1.47559396
   1222.90923918       1.47753576
   1224.07968930       1.47950797
   1225.26676702       1.48150226
   1226.44970698       1.48351113
   1227.67073700       1.48552749
   1228.87233917       1.48754503
   1230.12479677       1.48955745
   1231.29576252       1.49155943
   1232.49783872       1.49354650
   1233.72967229       1.49551362
   1234.95100431       1.49745611
   1236.15314526       1.49937011
   1237.35409475       1.50125278
   1238.57124081       1.50310206
   1239.80377243       1.50491642
   1241.00373178       1.50669435
   1242.18889587       1.50843499
   1243.39051506       1.51013845
   1244.57066563       1.51180599
   1245.75582689       1.51343965
   1247.03178536       1.51504213
   1248.40143156       1.51661608
   1249.58672893       1.51816457
   1250.78042564       1.51969124
   1251.93524633       1.52120012
   1253.52648874       1.52269507
   1255.43621377       1.52417944
   1257.02533650       1.52565688
   1258.37314120       1.52713203
   1259.58366117       1.52860955
   1260.73463145       1.53009376
   1261.90065032       1.53158878
   1263.02531004       1.53309884
   1264.24956614       1.53462795
   1265.44149007       1.53618083
   1266.62755355       1.53776139
   1267.85878500       1.53937284
   1269.03005842       1.54101803
   1270.71933853       1.54269946
   1272.09218009       1.54441915
   1273.27196344       1.54617892
   1274.40677685       1.54798063
   1275.57700626       1.54982486
   1276.74179349       1.55171097
   1277.89609666       1.55363673
   1279.07891516       1.55559844
   1280.22468524       1.55759077
   1281.49418398       1.55960652
   1282.71215664       1.56163884
   1283.94810717       1.56368142
   1285.26929174       1.56572758
   1286.49980292       1.56777056
   1287.65266934       1.56980437
   1288.83979384       1.57182313
   1290.02549530       1.57382276
   1291.24296983       1.57579972
   1292.77103947       1.57775115
   1294.21492429       1.57967481
   1295.37525049       1.58156850
   1296.58939023       1.58343084
   1297.72925449       1.58526128
   1299.12591499       1.58706033
   1300.27488704       1.58882948
   1301.41310519       1.59057054
   1302.57468666       1.59228637
   1303.74495009       1.59398103
   1304.91478156       1.59565899
   1306.07884899       1.59732416
   1307.24838507       1.59898194
   1308.40329792       1.60063884
   1309.54288948       1.60230232
   1310.72781396       1.60397984
   1311.92858811       1.60567879
   1313.11406176       1.60740617
   1314.33057120       1.60916851
   1315.58620999       1.61097233
   1316.81948315       1.61282367
   1317.99090308       1.61472744
   1319.22951349       1.61668786
   1320.44039029       1.61870763
   1321.62716364       1.62078795
   1322.95947785       1.62292921
   1324.40997835       1.62513016
   1325.56493185       1.62738848
   1326.71296907       1.62970185
   1327.86655340       1.63206775
   1329.03049417       1.63448461
   1330.16815935       1.63695029
   1331.33294421       1.63946153
   1332.48959771       1.64201537
   1333.69078161       1.64460938
   1334.87611821       1.64724058
   1336.00834452       1.64990604
   1337.14052073       1.65260127
   1338.27874596       1.65532129
   1339.42849642       1.65806039
   1340.68376846       1.66081145
   1341.88405344       1.66356776
   1343.10221232       1.66632190
   1344.30478761       1.66906593
   1345.50697913       1.67179146
   1346.73895306       1.67448946
   1347.94122918       1.67715096
   1349.12749353       1.67976667
   1350.32948702       1.68232757
   1351.50991266       1.68482571
   1352.72682808       1.68725553
   1353.93338233       1.68961216
   1355.14998960       1.69189049
   1356.38350426       1.69408570
   1357.59918096       1.69619380
   1358.83822901       1.69821157
   1360.04018186       1.70013634
   1361.24285876       1.70196691
   1362.44240174       1.70370295
   1363.64535040       1.70534512
   1364.94673611       1.70689522
   1366.15114184       1.70835635
   1367.34993714       1.70973364
   1368.53447974       1.71103319
   1369.78953343       1.71226199
   1371.02097567       1.71342838
   1372.27522118       1.71454233
   1373.49358612       1.71561408
   1374.65867157       1.71665476
   1375.85947029       1.71767544
   1377.02915619       1.71868781
   1378.22983534       1.71970440
   1379.44639346       1.72073680
   1380.66600185       1.72179548
   1381.88780413       1.72288987
   1383.14966444       1.72402803
   1384.38816521       1.72521698
   1385.58992665       1.72646218
   1386.79113135       1.72776733
   1388.00707932       1.72913557
   1389.38937369       1.73056779
   1390.94175709       1.73206321
   1392.18584608       1.73362051
   1393.53030181       1.73523654
   1394.73161332       1.73690713
   1395.90054540       1.73862772
   1397.11511381       1.74039416
   1398.35325916       1.74220197
   1399.55905344       1.74404655
   1400.73607861       1.74592175
   1401.92213500       1.74782018
   1403.10721213       1.74973506
   1404.32371968       1.75165933
   1405.52472257       1.75358580
   1406.72618769       1.75550732
   1407.96504764       1.75741733
   1409.18131841       1.75930959
   1410.41483307       1.76117826
   1411.61621169       1.76301736
   1412.83213935       1.76482279
   1414.07240864       1.76659083
   1415.22112265       1.76831784
   1416.40661238       1.77000115
   1417.57694198       1.77163845
   1418.77664187       1.77322848
   1419.97928332       1.77477031
   1421.16203518       1.77626515
   1422.40123258       1.77771497
   1423.61947889       1.77912212
   1424.82168459       1.78048879
   1426.02166569       1.78181605
   1427.20768191       1.78310567
   1428.45563264       1.78435900
   1429.64108078       1.78557711
   1430.82639705       1.78676051
   1432.11275545       1.78790980
   1433.31494366       1.78902557
   1434.51529293       1.79010826
   1435.74778201       1.79115766
   1436.94937709       1.79217348
   1438.12820387       1.79315565
   1439.36882905       1.79410265
   1440.63565845       1.79501401
   1441.83916243       1.79589052
   1443.02128523       1.79673304
   1444.22271915       1.79754189
   1445.43938645       1.79831794
   1446.64060769       1.79906087
   1447.82580109       1.79977040
   1449.01232915       1.80044690
   1450.23016475       1.80108965
   1451.44759202       1.80169823
   1452.65230684       1.80227223
   1453.85355691       1.80281169
   1455.05708216       1.80331717
   1456.24137002       1.80378986
   1457.42695569       1.80423188
   1458.64396610       1.80464779
   1459.89269051       1.80504128
   1461.15069995       1.80541679
   1462.36898123       1.80577961
   1463.56978089       1.80613540
   1464.75514207       1.80649141
   1465.95739078       1.80685538
   1467.25983704       1.80723613
   1468.42344415       1.80764112
   1469.66210938       1.80807698
   1470.84265081       1.80855014
   1472.08284591       1.80906635
   1473.24662835       1.80963201
   1474.41730013       1.81025236
   1475.65345908       1.81093227
   1476.89629799       1.81167573
   1478.09826172       1.81248652
   1479.29938560       1.81336739
   1480.50009689       1.81431987
   1481.77470887       1.81534494
   1482.97671560       1.81644267
   1484.17768068       1.81761239
   1485.41200210       1.81885240
   1486.61330416       1.82016181
   1487.86775148       1.82153862
   1489.06919438       1.82297886
   1490.37147806       1.82447751
   1491.57129469       1.82602907
   1492.77099883       1.82762514
   1493.99513725       1.82925742
   1495.20411838       1.83091698
   1496.42158251       1.83259374
   1497.61434722       1.83427863
   1498.79171881       1.83596286
   1500.00830907       1.83763830
   1501.22534596       1.83929732
   1502.39647853       1.84093304
   1503.56728737       1.84253886
   1504.74732121       1.84410852
   1505.94912849       1.84563533
   1507.17223236       1.84711378
   1508.39102407       1.84853945
   1509.57654451       1.84990886
   1510.77650954       1.85122022
   1511.97902386       1.85247210
   1513.22747557       1.85366384
   1514.39755043       1.85479519
   1515.63046439       1.85586701
   1516.84834064       1.85688126
   1518.08827107       1.85784052
   1519.30983940       1.85874854
   1520.55996843       1.85960924
   1521.74684103       1.86042743
   1522.97982400       1.86120866
   1524.16964336       1.86195962
   1525.38734096       1.86268744
   1526.58933304       1.86339963
   1527.77526183       1.86410399
   1528.96139526       1.86480789
   1530.19361826       1.86551865
   1531.39349916       1.86624365
   1532.59410364       1.86699051
   1533.82448296       1.86776581
   1535.03328308       1.86857558
   1536.27356325       1.86942579
   1537.51372998       1.87032175
   1538.67909570       1.87126725
   1539.87994641       1.87226775
   1541.09825652       1.87332828
   1542.38369189       1.87445332
   1543.65429372       1.87564757
   1544.87127484       1.87691478
   1546.12595941       1.87825732
   1547.28874889       1.87967663
   1548.52761404       1.88117412
   1549.72825491       1.88274986
   1550.89242774       1.88440327
   1552.09451009       1.88613316
   1553.27923086       1.88793699
   1554.49844037       1.88981235
   1555.69993289       1.89175610
   1556.90098304       1.89376460
   1558.14048576       1.89583263
   1559.34199057       1.89795389
   1560.54313335       1.90012119
   1561.74471804       1.90232589
   1562.90813657       1.90455852
   1564.10925289       1.90680960
   1565.27738435       1.90906887
   1566.51634497       1.91132559
   1567.70237962       1.91356856
   1568.95035446       1.91578643
   1570.15118816       1.91796723
   1571.35206439       1.92009854
   1572.58164877       1.92216807
   1573.74516513       1.92416353
   1574.96843205       1.92607389
   1576.17043169       1.92788928
   1577.34034397       1.92960132
   1578.57285432       1.93120316
   1579.75685483       1.93268913
   1581.02852288       1.93405569
   1582.27751905       1.93530069
   1583.44719502       1.93642374
   1584.66492854       1.93742635
   1585.88583474       1.93831230
   1587.15238293       1.93908601
   1588.30845417       1.93975327
   1589.50950054       1.94032222
   1590.71140188       1.94080249
   1591.92555343       1.94120425
   1593.17910326       1.94153983
   1594.36433919       1.94182271
   1595.61303240       1.94206590
   1596.79896072       1.94228270
   1597.99980103       1.94248678
   1599.17075070       1.94269151
   1600.37124506       1.94291130
   1601.60490671       1.94315945
   1602.77591735       1.94344801
   1603.99289941       1.94378756
   1605.19531637       1.94418733
   1606.39666191       1.94465498
   1607.64455357       1.94519597
   1608.88360966       1.94581511
   1610.13210674       1.94651561
   1611.38673460       1.94729748
   1612.57348479       1.94815929
   1613.82289166       1.94909781
   1615.07437189       1.95010902
   1616.29643222       1.95118706
   1617.46124166       1.95232560
   1618.68330151       1.95351785
   1619.90292077       1.95475594
   1621.08289601       1.95603181
   1622.25295953       1.95733648
   1623.46942643       1.95866075
   1624.67106736       1.95999552
   1625.88889729       1.96133161
   1627.05987580       1.96265960
   1628.26135414       1.96396945
   1629.57890712       1.96525131
   1630.83244229       1.96649543
   1632.09438248       1.96769237
   1633.29540002       1.96883442
   1634.45893623       1.96991527
   1635.66380655       1.97092971
   1636.90272322       1.97187279
   1638.10389578       1.97274003
   1639.32077008       1.97352954
   1640.52579825       1.97424026
   1641.72468051       1.97487182
   1642.92691362       1.97542583
   1644.15948589       1.97590549
   1645.53277218       1.97631496
   1646.75737140       1.97665963
   1648.00603390       1.97694497
   1649.20727877       1.97717711
   1650.39189841       1.97736302
   1651.59319385       1.97751024
   1652.79480216       1.97762642
   1653.99733775       1.97772036
   1655.16064758       1.97780181
   1656.40067442       1.97788022
   1657.58149612       1.97796526
   1658.86661578       1.97806825
   1660.05227565       1.97820051
   1661.27128240       1.97837343
   1662.48025172       1.97859695
   1663.71119109       1.97888163
   1664.95015974       1.97923730
   1666.12817976       1.97967245
   1667.31451973       1.98019447
   1668.48524349       1.98080975
   1669.70184084       1.98152306
   1670.85694321       1.98233807
   1672.05950857       1.98325615
   1673.26122417       1.98427634
   1674.42533698       1.98539644
   1675.60972314       1.98661293
   1676.79487495       1.98792154
   1677.96376543       1.98931736
   1679.16443749       1.99079560
   1680.31323563       1.99234960
   1681.53068558       1.99397244
   1682.71765601       1.99565713
   1683.95061818       1.99739689
   1685.10553623       1.99918571
   1686.32252774       2.00101616
   1687.54032412       2.00288043
   1688.74145226       2.00477137
   1689.98229909       2.00668127
   1691.18343715       2.00860230
   1692.38495472       2.01052669
   1693.60209747       2.01244661
   1694.80372564       2.01435502
   1696.05073397       2.01624536
   1697.19931896       2.01811145
   1698.36768059       2.01994775
   1699.56876619       2.02175003
   1700.77145774       2.02351436
   1701.97343280       2.02523786
   1703.19310878       2.02691871
   1704.37824168       2.02855540
   1705.61242367       2.03014592
   1706.84575685       2.03168905
   1708.06818345       2.03318388
   1709.26921186       2.03463109
   1710.51744097       2.03603029
   1711.74963798       2.03738008
   1712.95085922       2.03867952
   1714.23599684       2.03992795
   1715.51054975       2.04112466
   1716.80830671       2.04227018
   1718.04055618       2.04336453
   1719.24284742       2.04440928
   1720.48091338       2.04540718
   1721.68301605       2.04636211
   1722.89913322       2.04727932
   1724.11561667       2.04816502
   1725.28620763       2.04902646
   1726.50268919       2.04987164
   1727.73082264       2.05070985
   1728.95260743       2.05155075
   1730.15451869       2.05240392
   1731.35634582       2.05327843
   1732.61111122       2.05418195
   1733.81331030       2.05512256
   1735.04618835       2.05610774
   1736.24658298       2.05714313
   1737.46241706       2.05823368
   1738.68238700       2.05938299
   1739.90303987       2.06059330
   1741.10452483       2.06186649
   1742.32155935       2.06320300
   1743.56979129       2.06460211
   1744.78654744       2.06606216
   1746.00999064       2.06758051
   1747.22711212       2.06915326
   1748.41392139       2.07077497
   1749.63054096       2.07243842
   1750.81729635       2.07413465
   1752.01912207       2.07585401
   1753.23537204       2.07758610
   1754.45300064       2.07931899
   1755.67066516       2.08103988
   1756.85479800       2.08273447
   1758.07176541       2.08438906
   1759.23620858       2.08599174
   1760.50615914       2.08753120
   1761.72363650       2.08899717
   1762.90897452       2.09038063
   1764.14162854       2.09167320
   1765.34265128       2.09286885
   1766.54364803       2.09396226
   1767.79882082       2.09495012
   1769.01564928       2.09583017
   1770.21631520       2.09660196
   1771.47053897       2.09726667
   1772.71845331       2.09782683
   1773.91879691       2.09828531
   1775.12031306       2.09864624
   1776.33689812       2.09891413
   1777.53852487       2.09909407
   1778.73986568       2.09919158
   1779.94174055       2.09921380
   1781.14334745       2.09916766
   1782.34546855       2.09906093
   1783.60199870       2.09890325
   1784.83288419       2.09870424
   1786.03385164       2.09847487
   1787.26675426       2.09822732
   1788.48399248       2.09797316
   1789.66993497       2.09772435
   1790.88610413       2.09749256
   1792.08756546       2.09728915
   1793.32790801       2.09712409
   1794.52970395       2.09700634
   1795.77763295       2.09694488
   1796.93265828       2.09694742
   1798.15016778       2.09702084
   1799.35101187       2.09717076
   1800.58855417       2.09740215
   1801.84067622       2.09771916
   1803.08872620       2.09812498
   1804.34299488       2.09862223
   1805.56021277       2.09921228
   1806.74568170       2.09989423
   1807.91635868       2.10066537
   1809.21801993       2.10152137
   1810.42127153       2.10245662
   1811.63746621       2.10346448
   1812.90257529       2.10453672
   1814.12512572       2.10566417
   1815.36310566       2.10683688
   1816.54879246       2.10804435
   1817.75078502       2.10927516
   1818.98503271       2.11051683
   1820.15479233       2.11175720
   1821.35684538       2.11298481
   1822.53604836       2.11418823
   1823.72331229       2.11535711
   1824.94084305       2.11648267
   1826.11170577       2.11755837
   1827.26629346       2.11857889
   1828.53112558       2.11954106
   1829.74692846       2.12044301
   1830.94862043       2.12128337
   1832.17209577       2.12206309
   1833.42077717       2.12278386
   1834.65267596       2.12344800
   1835.85855578       2.12405927
   1837.05834924       2.12462258
   1838.26253474       2.12514384
   1839.45826323       2.12562966
   1840.65943815       2.12608861
   1841.86013054       2.12652981
   1843.06183905       2.12696160
   1844.24469299       2.12739348
   1845.46464592       2.12783527
   1846.68197440       2.12829652
   1847.88448211       2.12878541
   1849.08464185       2.12930941
   1850.31760450       2.12987526
   1851.57248804       2.13048820
   1852.77343280       2.13115190
   1854.02176778       2.13186867
   1855.23966198       2.13264011
   1856.44104722       2.13346719
   1857.67878424       2.13434942
   1858.89719549       2.13528472
   1860.09793892       2.13627028
   1861.29824990       2.13730277
   1862.53005605       2.13837711
   1863.73164121       2.13948746
   1864.94917245       2.14062730
   1866.18856646       2.14179008
   1867.39056137       2.14296789
   1868.55530559       2.14415261
   1869.75675464       2.14533576
   1870.94186580       2.14650857
   1872.15913993       2.14766039
   1873.39921640       2.14877941
   1874.64751735       2.14985378
   1875.84807834       2.15087143
   1877.04920506       2.15182055
   1878.23586451       2.15269024
   1879.40706136       2.15347009
   1880.65518508       2.15415062
   1881.85642097       2.15472417
   1883.08737594       2.15518528
   1884.31163157       2.15552985
   1885.51557177       2.15575581
   1886.69402518       2.15586288
   1887.91892073       2.15585181
   1889.15041827       2.15572509
   1890.38406431       2.15548836
   1891.57042885       2.15514825
   1892.82455480       2.15471277
   1894.04072395       2.15419146
   1895.28868698       2.15359551
   1896.53137087       2.15293706
   1897.74859822       2.15222872
   1899.03464469       2.15148409
   1900.23698272       2.15071790
   1901.49089362       2.14994649
   1902.69204728       2.14918630
   1903.89404456       2.14845264
   1905.15797210       2.14776040
   1906.39855805       2.14712424
   1907.60146984       2.14655769
   1908.81822504       2.14607220
   1910.02061034       2.14567803
   1911.24914834       2.14538321
   1912.51107057       2.14519319
   1913.69739068       2.14511119
   1914.88831361       2.14513861
   1916.12052243       2.14527406
   1917.38989498       2.14551389
   1918.56073785       2.14585164
   1919.76248133       2.14628118
   1920.99483619       2.14679579
   1922.18035427       2.14738714
   1923.44362487       2.14804591
   1924.66730438       2.14876247
   1925.86858565       2.14952737
   1927.11642532       2.15033120
   1928.31665312       2.15116555
   1929.53446509       2.15202218
   1930.75341749       2.15289285
   1931.95384474       2.15377006
   1933.17813628       2.15464672
   1934.39487825       2.15551662
   1935.58814630       2.15637462
   1936.77871099       2.15721745
   1937.99601537       2.15804205
   1939.21373188       2.15884712
   1940.41631094       2.15963210
   1941.58511494       2.16039752
   1942.80133892       2.16114473
   1943.98765336       2.16187730
   1945.20395580       2.16260027
   1946.42141946       2.16332011
   1947.60652211       2.16404416
   1948.79178876       2.16477909
   1950.04460177       2.16553186
   1951.27736592       2.16631046
   1952.46265289       2.16712337
   1953.64874426       2.16797889
   1954.85205021       2.16888426
   1956.06894720       2.16984665
   1957.25518508       2.17087230
   1958.45723576       2.17196699
   1959.73619487       2.17313668
   1960.92278721       2.17438682
   1962.14106046       2.17572175
   1963.38080184       2.17714489
   1964.56683980       2.17865846
   1965.76803647       2.18026451
   1967.03210390       2.18196305
   1968.21767539       2.18375200
   1969.45068907       2.18562885
   1970.67396072       2.18759030
   1971.83819167       2.18963204
   1973.05627068       2.19174785
   1974.24177836       2.19393034
   1975.41013904       2.19617059
   1976.62841796       2.19845879
   1977.82915619       2.20078422
   1979.01385097       2.20313528
   1980.29362960       2.20550070
   1981.51675426       2.20786941
   1982.71825718       2.21023120
   1983.91990803       2.21257561
   1985.06849301       2.21489327
   1986.28479687       2.21717521
   1987.52550192       2.21941323
   1988.72752803       2.22159975
   1989.93584986       2.22372915
   1991.15752217       2.22579581
   1992.37623589       2.22779522
   1993.55904257       2.22972364
   1994.71437747       2.23157812
   1996.01503866       2.23335717
   1997.21682610       2.23506008
   1998.41728170       2.23668617
   1999.66645698       2.23823458
   2000.92716128       2.23970445
   2002.15141360       2.24109620
   2003.36804545       2.24241022
   2004.65379558       2.24364752
   2005.85404229       2.24480959
   2007.07094542       2.24589714
   2008.27185663       2.24690966
   2009.50441660       2.24784604
   2010.72788863       2.24870439
   2011.97560589       2.24948263
   2013.26136832       2.25017786
   2014.51005823       2.25078669
   2015.76450082       2.25130626
   2016.96762340       2.25173360
   2018.21647636       2.25206531
   2019.41804072       2.25229812
   2020.65120612       2.25242957
   2021.85348507       2.25245808
   2023.04012231       2.25238332
   2024.24029529       2.25220633
   2025.42662580       2.25192973
   2026.62804318       2.25155899
   2027.83055088       2.25110066
   2029.04594211       2.25056294
   2030.23188602       2.24995492
   2031.55015124       2.24928711
   2032.80555419       2.24857028
   2034.03708339       2.24781532
   2035.27038065       2.24703432
   2036.45580704       2.24624087
   2037.68887461       2.24544861
   2038.97523489       2.24467186
   2040.14656691       2.24392533
   2041.37844679       2.24322366
   2042.61148789       2.24258108
   2043.84550636       2.24201085
   2045.07771046       2.24152565
   2046.27790281       2.24113821
   2047.47953665       2.24086130
   2048.66518942       2.24070734
   2049.91739749       2.24068705
   2051.13429022       2.24081022
   2052.33614903       2.24108451
   2053.55737565       2.24151440
   2054.77616784       2.24210184
   2056.04350247       2.24284714
   2057.24499783       2.24374830
   2058.43161380       2.24480186
   2059.61721317       2.24600258
   2060.81763711       2.24734405
   2061.98134251       2.24881933
   2063.15086489       2.25041993
   2064.32030503       2.25213573
   2065.56861164       2.25395601
   2066.75449269       2.25586930
   2068.00977986       2.25786401
   2069.18820065       2.25992833
   2070.39949194       2.26205035
   2071.63279156       2.26421824
   2072.85666531       2.26642071
   2074.05730004       2.26864492
   2075.27433834       2.27087817
   2076.44717044       2.27310699
   2077.67924882       2.27531755
   2078.88040862       2.27749559
   2080.16688612       2.27962768
   2081.34486927       2.28170218
   2082.53019028       2.28370890
   2083.70185029       2.28563858
   2084.85330737       2.28748351
   2086.07549530       2.28923824
   2087.29074475       2.29089917
   2088.49633628       2.29246431
   2089.67877951       2.29393386
   2090.85256631       2.29531045
   2092.08476426       2.29659913
   2093.30206628       2.29780598
   2094.60282625       2.29893726
   2095.83961094       2.29999938
   2097.01025247       2.30099896
   2098.21644328       2.30194162
   2099.46504244       2.30283259
   2100.68788400       2.30367809
   2101.91751659       2.30448472
   2103.08160198       2.30525883
   2104.32227300       2.30600739
   2105.53964733       2.30673757
   2106.78837930       2.30745686
   2107.98988837       2.30817205
   2109.22960234       2.30888817
   2110.47808997       2.30960957
   2111.73302314       2.31034015
   2112.93369804       2.31108282
   2114.13384077       2.31184002
   2115.31734219       2.31261336
   2116.49779335       2.31340329
   2117.71400127       2.31420875
   2118.87650150       2.31502635
   2120.07695947       2.31585009
   2121.27915335       2.31667313
   2122.48057168       2.31748712
   2123.68163128       2.31828305
   2124.88181088       2.31905249
   2126.14557395       2.31978793
   2127.39990595       2.32048305
   2128.60137957       2.32113255
   2129.83428881       2.32173189
   2131.02061034       2.32227816
   2132.20601310       2.32277041
   2133.42316956       2.32320814
   2134.59316738       2.32359093
   2135.75717148       2.32391959
   2136.94997542       2.32419507
   2138.18719918       2.32441887
   2139.42205276       2.32459144
   2140.60634488       2.32471354
   2141.79327939       2.32478643
   2143.04021400       2.32481155
   2144.25723387       2.32479054
   2145.49625546       2.32472639
   2146.69728387       2.32462314
   2147.89862421       2.32448472
   2149.14635613       2.32431588
   2150.40099249       2.32412217
   2151.62022894       2.32390919
   2152.84412821       2.32368261
   2154.06139668       2.32344652
   2155.28217621       2.32320470
   2156.56868584       2.32296116
   2157.77058103       2.32271932
   2158.98788495       2.32248175
   2160.22226024       2.32225067
   2161.40268068       2.32202698
   2162.57860323       2.32180960
   2163.80116169       2.32159593
   2165.00296142       2.32138271
   2166.18306331       2.32116723
   2167.38498497       2.32094745
   2168.57863962       2.32072196
   2169.79864690       2.32049026
   2170.98154101       2.32025387
   2172.18238463       2.32001434
   2173.40005482       2.31977420
   2174.58834622       2.31953631
   2175.80797682       2.31930351
   2177.00925242       2.31907935
   2178.29117483       2.31886644
   2179.45918814       2.31866597
   2180.62863489       2.31847904
   2181.81446207       2.31830716
   2183.01549710       2.31815142
   2184.19579040       2.31801344
   2185.41881156       2.31789422
   2186.62069304       2.31779568
   2187.82143080       2.31771922
   2189.03800263       2.31766587
   2190.27057064       2.31763679
   2191.48677099       2.31763391
   2192.72468382       2.31765888
   2193.90375777       2.31771316
   2195.10587935       2.31779899
   2196.27409021       2.31791803
   2197.44523744       2.31807195
   2198.64569399       2.31826182
   2199.83256423       2.31848741
   2201.03405061       2.31874902
   2202.23463760       2.31904635
   2203.43614903       2.31937794
   2204.69212621       2.31974141
   2205.92516400       2.32013443
   2207.11159470       2.32055373
   2208.34348120       2.32099626
   2209.56058614       2.32145994
   2210.76306643       2.32194412
   2211.98638297       2.32244875
   2213.18963599       2.32297348
   2214.44312957       2.32351820
   2215.62925024       2.32408267
   2216.77704501       2.32466682
   2217.97843640       2.32526878
   2219.19944279       2.32588728
   2220.38605261       2.32651989
   2221.55860682       2.32716374
   2222.77581148       2.32781578
   2223.97782341       2.32847139
   2225.20067726       2.32912671
   2226.36477636       2.32977854
   2227.58871250       2.33042387
   2228.80672675       2.33106002
   2230.05344868       2.33168458
   2231.26999546       2.33229482
   2232.51919769       2.33288861
   2233.70586895       2.33346374
   2234.87696561       2.33401880
   2236.07854273       2.33455330
   2237.28003053       2.33506763
   2238.46340861       2.33556212
   2239.64918710       2.33603776
   2240.93529217       2.33649665
   2242.15379086       2.33694080
   2243.34030616       2.33737258
   2244.54188754       2.33779354
   2245.79114269       2.33820491
   2247.00901752       2.33860832
   2248.17965953       2.33900435
   2249.36531845       2.33939302
   2250.56688470       2.33977495
   2251.79360881       2.34015152
   2253.05375636       2.34052405
   2254.27101395       2.34089505
   2255.47296208       2.34126675
   2256.67601943       2.34164108
   2257.89296463       2.34201870
   2259.12692686       2.34239915
   2260.34362724       2.34278191
   2261.51396251       2.34316641
   2262.70015124       2.34355152
   2263.91838290       2.34393529
   2265.12106169       2.34431725
   2266.32015426       2.34469630
   2267.49106329       2.34507189
   2268.72861268       2.34544341
   2270.01284099       2.34581031
   2271.38699879       2.34617339
   2272.70079211       2.34653335
   2273.88546704       2.34689152
   2275.11647258       2.34724970
   2276.30452105       2.34761009
   2277.48945072       2.34797538
   2278.77661115       2.34834937
   2279.99427803       2.34873611
   2281.22050305       2.34913969
   2282.42225882       2.34956426
   2283.62407509       2.35001418
   2284.80948258       2.35049398
   2286.00998355       2.35100866
   2287.21132248       2.35156287
   2288.41402726       2.35215963
   2289.63144318       2.35280132
   2290.86348517       2.35348894
   2292.08126595       2.35422304
   2293.27612057       2.35500350
   2294.46715835       2.35582927
   2295.66870333       2.35669948
   2296.85494404       2.35761407
   2298.02594287       2.35857265
   2299.24391601       2.35957422
   2300.47772605       2.36061779
   2301.69446660       2.36170030
   2302.93332609       2.36281819
   2304.18220788       2.36396678
   2305.43632626       2.36514119
   2306.97931310       2.36633699
   2308.79357194       2.36754955
   2310.02982447       2.36877337
   2311.22949080       2.37000351
   2312.43073142       2.37123560
   2313.63295083       2.37246328
   2314.86558926       2.37367948
   2316.11888623       2.37487683
   2317.36755109       2.37604783
   2318.60081196       2.37718490
   2319.80153081       2.37828043
   2321.04063652       2.37932741
   2322.25799762       2.38031970
   2323.52660453       2.38125147
   2324.74373736       2.38211739
   2325.94787890       2.38291280
   2327.16843772       2.38363234
   2328.35426773       2.38427082
   2329.63377885       2.38482430
   2330.93356712       2.38528958
   2332.23392158       2.38566455
   2333.54495151       2.38594725
   2335.38851069       2.38613590
   2336.53976927       2.38622974
   2337.77388935       2.38623005
   2339.00631936       2.38613869
   2340.22392385       2.38595937
   2341.40977371       2.38569757
   2342.62776906       2.38536044
   2343.81476691       2.38495714
   2345.03293429       2.38449845
   2346.21907244       2.38399534
   2347.40738652       2.38345929
   2348.57658610       2.38290254
   2349.77847231       2.38233620
   2350.94317494       2.38177248
   2352.19683489       2.38122318
   2353.40225438       2.38070053
   2354.60316511       2.38021657
   2355.76672590       2.37978265
   2356.93863546       2.37940893
   2358.13995406       2.37910449
   2359.37261612       2.37887634
   2360.54727537       2.37872914
   2361.81271575       2.37866727
   2363.01410855       2.37869502
   2364.16118494       2.37881538
   2365.41654347       2.37903108
   2366.63314886       2.37934486
   2367.81827278       2.37975934
   2369.03602898       2.38027656
   2370.23749078       2.38089642
   2371.42151351       2.38161809
   2372.62366155       2.38243950
   2373.82575241       2.38335658
   2374.97296680       2.38436536
   2376.24277795       2.38546190
   2377.44911621       2.38664156
   2378.62854935       2.38789981
   2379.85136161       2.38923140
   2381.06836730       2.39063115
   2382.30210267       2.39209412
   2383.47285101       2.39361438
   2384.67414409       2.39518475
   2385.86033565       2.39679857
   2387.04087094       2.39844876
   2388.22630820       2.40012722
   2389.42743067       2.40182555
   2390.61405231       2.40353488
   2391.83176692       2.40524521
   2393.11653024       2.40694637
   2394.33281850       2.40862822
   2395.53375097       2.41027937
   2396.71949969       2.41188939
   2397.87305187       2.41344729
   2399.07495463       2.41494250
   2400.32109619       2.41636491
   2401.49706600       2.41770448
   2402.67717309       2.41895160
   2403.88359548       2.42009773
   2405.12358688       2.42113644
   2406.32594996       2.42206285
   2407.57271962       2.42287460
   2408.77876912       2.42357089
   2409.98009528       2.42415248
   2411.19872866       2.42462219
   2412.41547678       2.42498379
   2413.60507874       2.42524145
   2414.83818600       2.42539963
   2416.05583729       2.42546299
   2417.27398435       2.42543778
   2418.49544114       2.42533031
   2419.71580146       2.42514701
   2420.91730486       2.42489611
   2422.13354254       2.42458583
   2423.37040333       2.42422363
   2424.56681097       2.42381693
   2425.78453126       2.42337206
   2426.95401913       2.42289461
   2428.12432652       2.42238884
   2429.32588663       2.42185754
   2430.55749145       2.42130309
   2431.72740231       2.42072761
   2432.93000359       2.42013195
   2434.13017184       2.41951625
   2435.33131699       2.41888107
   2436.52704359       2.41822653
   2437.79632257       2.41755205
   2438.96765885       2.41685721
   2440.16928181       2.41614168
   2441.43827627       2.41540500
   2442.59350436       2.41464778
   2443.79300433       2.41387133
   2444.95779298       2.41307821
   2446.11661436       2.41227229
   2447.29440375       2.41145800
   2448.53276982       2.41064144
   2449.69978307       2.40982950
   2450.95518508       2.40902995
   2452.14130385       2.40825031
   2453.44657637       2.40749887
   2454.74486360       2.40678384
   2456.02588616       2.40611344
   2457.25904872       2.40549491
   2458.47534028       2.40493482
   2459.69269382       2.40444008
   2460.89425156       2.40401798
   2462.09681031       2.40367551
   2463.26657655       2.40341937
   2464.48211713       2.40325535
   2465.66755629       2.40318856
   2466.85325255       2.40322440
   2468.05567282       2.40336644
   2469.30468363       2.40361722
   2470.52524198       2.40397926
   2471.74487116       2.40445386
   2472.99395429       2.40504125
   2474.21077897       2.40574063
   2475.41416763       2.40655013
   2476.61566582       2.40746731
   2477.81575184       2.40848887
   2479.01701845       2.40961063
   2480.21935932       2.41082795
   2481.44353980       2.41213552
   2482.63125130       2.41352670
   2483.79569494       2.41499450
   2484.96473146       2.41653235
   2486.13527847       2.41813315
   2487.31349084       2.41978955
   2488.49978874       2.42149332
   2489.64114600       2.42323576
   2490.86930733       2.42500685
   2492.09264278       2.42679538
   2493.29329310       2.42858890
   2494.45781188       2.43037447
   2495.66019765       2.43213740
   2496.91404664       2.43386309
   2498.14614156       2.43553627
   2499.36399040       2.43714173
   2500.60242027       2.43866409
   2501.82485302       2.44008812
   2503.01134422       2.44139993
   2504.18096111       2.44258749
   2505.36736063       2.44364129
   2506.56874634       2.44455327
   2507.81741781       2.44531667
   2509.03394002       2.44592727
   2510.21911781       2.44638312
   2511.42147239       2.44668426
   2512.63931414       2.44683318
   2513.93985718       2.44683332
   2515.12604874       2.44669015
   2516.32693915       2.44641114
   2517.54314753       2.44600468
   2518.78177354       2.44548054
   2519.96137966       2.44484951
   2521.18478553       2.44412353
   2522.38676626       2.44331587
   2523.58776254       2.44244050
   2524.87169972       2.44151155
   2526.05440762       2.44054366
   2527.24155245       2.43955133
   2528.42588143       2.43854920
   2529.66028083       2.43755225
   2530.86218642       2.43657422
   2532.07963590       2.43562639
   2533.30302664       2.43471858
   2534.52128760       2.43385818
   2535.75442369       2.43305088
   2536.97233444       2.43229976
   2538.21217224       2.43160648
   2539.46112587       2.43097102
   2540.71459062       2.43039216
   2541.90710768       2.42986713
   2543.12382129       2.42939310
   2544.29980008       2.42896573
   2545.49508951       2.42858072
   2546.68054568       2.42823451
   2547.86521447       2.42792418
   2549.11290858       2.42764873
   2550.29850417       2.42740730
   2551.51688990       2.42720091
   2552.70129639       2.42703060
   2553.90186022       2.42689865
   2555.10359519       2.42680813
   2556.32168223       2.42676176
   2557.52262983       2.42676203
   2558.75594032       2.42681145
   2559.95751980       2.42691236
   2561.13095497       2.42706766
   2562.33293523       2.42728104
   2563.51243643       2.42755628
   2564.73585080       2.42789735
   2565.96587330       2.42830796
   2567.16713755       2.42879231
   2568.38488194       2.42935395
   2569.58522837       2.42999585
   2570.78693404       2.43072048
   2571.97556383       2.43153022
   2573.21280602       2.43242655
   2574.43044313       2.43340974
   2575.63051071       2.43447941
   2576.86437652       2.43563246
   2578.06754495       2.43686434
   2579.29880428       2.43816988
   2580.50038991       2.43954191
   2581.68390268       2.44097199
   2582.88647182       2.44245084
   2584.08868650       2.44396899
   2585.30609297       2.44551675
   2586.50820037       2.44708435
   2587.71017213       2.44866196
   2588.91129554       2.45024010
   2590.09812608       2.45180922
   2591.30067679       2.45336128
   2592.46529718       2.45488939
   2593.63520190       2.45638669
   2594.88448211       2.45784701
   2596.06888718       2.45926362
   2597.28548973       2.46063057
   2598.48520616       2.46194092
   2599.65382536       2.46318789
   2600.88602047       2.46436370
   2602.04111481       2.46546060
   2603.33558378       2.46647137
   2604.60713037       2.46738984
   2605.77679594       2.46821105
   2606.99328128       2.46893165
   2608.19553614       2.46954975
   2609.42892650       2.47006392
   2610.66194208       2.47047392
   2611.86136596       2.47078037
   2613.03244513       2.47098543
   2614.21758370       2.47109184
   2615.38782351       2.47110404
   2616.58952067       2.47102745
   2617.75453098       2.47086828
   2618.95636615       2.47063292
   2620.17478023       2.47032811
   2621.41315150       2.46996181
   2622.61589126       2.46954067
   2623.80015407       2.46907231
   2625.00165794       2.46856449
   2626.21872601       2.46802459
   2627.41014566       2.46746064
   2628.59514292       2.46688126
   2629.84311823       2.46629484
   2630.99893567       2.46570960
   2632.18261527       2.46513263
   2633.38028905       2.46457054
   2634.64983080       2.46402926
   2635.86550797       2.46351382
   2637.10579995       2.46302890
   2638.30915742       2.46257768
   2639.51267038       2.46216144
   2640.69098956       2.46178039
   2641.86218831       2.46143326
   2643.07997145       2.46111796
   2644.33519623       2.46083107
   2645.53584041       2.46056866
   2646.76811303       2.46032618
   2647.98540182       2.46009962
   2649.18752150       2.45988498
   2650.37360200       2.45967896
   2651.60575742       2.45947846
   2652.79130196       2.45928097
   2653.99250714       2.45908398
   2655.19512827       2.45888473
   2656.43219133       2.45868229
   2657.61099873       2.45847596
   2658.78163885       2.45826559
   2659.99982324       2.45805121
   2661.20069097       2.45783327
   2662.38641936       2.45761205
   2663.58733009       2.45738795
   2664.80428143       2.45716145
   2665.96321058       2.45693322
   2667.16575420       2.45670407
   2668.38685228       2.45647409
   2669.58841569       2.45624402
   2670.75675984       2.45601431
   2672.03799412       2.45578525
   2673.23969034       2.45555702
   2674.49435034       2.45532930
   2675.69598938       2.45510104
   2676.91086640       2.45487075
   2678.07533887       2.45464397
   2679.27602747       2.45440278
   2680.50134034       2.45414459
   2681.68138883       2.45386679
   2682.92543008       2.45356681
   2684.12652797       2.45324205
   2685.32784468       2.45288992
   2686.50753398       2.45250783
   2687.73078294       2.45209319
   2688.90933040       2.45164340
   2690.09710759       2.45115588
   2691.29783683       2.45062803
   2692.50001371       2.45005727
   2693.67113022       2.44944100
   2694.88898614       2.44877662
   2696.14329971       2.44806156
   2697.34571053       2.44729322
   2698.64756933       2.44646901
   2699.82763909       2.44558633
