      0.02583937        3.05664063
      1.44093569        3.15917969
      2.65792720        3.04199219
      3.92107586        3.01269531
      5.20845795        2.97851563
      6.42564559        3.12500000
      7.68261858        3.03710938
      8.86806719        3.20312500
     10.07025304        3.12988281
     11.30433437        3.14941406
     12.55908133        3.14941406
     13.80739172        3.05664063
     15.04261348        3.08105469
     16.26245156        3.05175781
     17.46397905        3.04199219
     18.68138221        3.09082031
     19.91415109        2.97851563
     21.16998932        3.09082031
     22.40276575        3.09082031
     23.60526968        2.97851563
     24.80691107        3.06640625
     26.03959724        3.05664063
     27.24169424        3.06640625
     28.48087888        2.96875000
     29.68185152        3.01269531
     30.89823903        3.09570313
     32.13025880        2.87109375
     33.41377394        3.01269531
     34.64407292        3.10058594
     35.84726733        2.99804688
     37.09270091        3.06640625
     38.30680473        2.93945313
     39.52371401        2.96875000
     40.72552035        3.11523438
     41.98994603        2.91992188
     43.21447341        3.00292969
     44.46332637        2.93945313
     45.71655245        2.96875000
     46.95043150        3.00781250
     48.22085704        2.96386719
     49.46945810        3.01269531
     50.73933210        2.98828125
     51.97301359        2.99316406
     53.14334225        2.96386719
     54.36079125        2.98339844
     55.63126973        2.87109375
     56.84789969        2.92968750
     58.03274051        2.86621094
     59.23213037        2.92480469
     60.41709407        2.95898438
     61.63747141        2.94433594
     62.81793296        2.91503906
     64.04131472        2.95898438
     65.37435913        2.90039063
     66.62287937        3.07128906
     67.82482513        2.73437500
     69.01121425        2.86621094
     70.24958646        2.88085938
     71.51820755        2.92968750
     72.75123684        2.90039063
     73.96931300        2.86621094
     75.22326550        2.83203125
     76.38775167        2.73437500
     77.62669906        2.85156250
     78.85954213        2.83691406
     80.12953617        2.83691406
     81.27842411        2.78808594
     82.51664272        2.85644531
     83.75006333        2.84179688
     84.95283712        2.90039063
     86.15382867        2.76367188
     87.32385721        2.76855469
     88.53994036        2.84179688
     89.77317806        2.85644531
     91.02664660        2.81250000
     92.22871618        2.78320313
     93.40786623        2.72460938
     94.64804809        2.75390625
     95.89810575        2.74902344
     97.09887186        2.69531250
     98.23079522        2.74414063
     99.43981039        2.61718750
    100.71032573        2.70996094
    102.03612965        2.77343750
    103.26189340        2.77832031
    104.47837779        2.65625000
    105.71825482        2.74414063
    106.99311256        2.52929688
    108.32029841        2.70019531
    109.61190947        2.74902344
    110.98276084        2.78808594
    112.28692884        2.66113281
    113.45714265        2.69042969
    114.62771518        2.71972656
    115.87533461        2.62207031
    117.07628977        2.60742188
    118.27782908        2.63183594
    119.47949553        2.55859375
    120.66601745        2.69042969
    121.85960310        2.65136719
    123.12295688        2.59765625
    124.28546751        2.61718750
    125.52406800        2.48535156
    126.77234389        2.54394531
    128.12448485        2.67089844
    129.32459166        2.68066406
    130.54234550        2.54394531
    131.78057026        2.69042969
    133.00563123        2.57324219
    134.21284808        2.53417969
    135.44412679        2.75390625
    136.65567565        2.67578125
    137.91117124        2.67578125
    139.15488638        2.45117188
    140.34006135        2.53417969
    141.52666928        2.66113281
    142.71547961        2.59765625
    143.93884672        2.57812500
    145.14010624        2.31445313
    146.40387404        2.60742188
    147.57530389        2.54394531
    148.74515663        2.49023438
    149.99361920        2.45605469
    151.25146275        2.55371094
    152.54278456        2.44140625
    153.74603806        2.57324219
    154.96070051        2.38769531
    156.21536098        2.46093750
    157.51095383        2.55371094
    158.74425629        2.41210938
    159.96253001        2.43164063
    161.16401497        2.52441406
    162.35000142        2.56347656
    163.52908152        2.50000000
    164.72989205        2.47558594
    165.91556846        2.46582031
    167.15403756        2.48535156
    168.35651124        2.41210938
    169.55642711        2.47558594
    170.77396024        2.37304688
    172.06020096        2.54394531
    173.26015653        2.36328125
    174.56370588        2.38769531
    175.77958438        2.53906250
    176.98103626        2.30957031
    178.16756999        2.36328125
    179.39838743        2.36816406
    180.64585137        2.41210938
    181.83106414        2.36816406
    183.03315878        2.41699219
    184.24979347        2.38281250
    185.52023650        2.34863281
    186.70552394        2.37304688
    187.95481691        2.39257813
    189.13989215        2.42187500
    190.35795839        2.47070313
    191.55885069        2.39257813
    192.74490094        2.44628906
    193.93042847        2.44140625
    195.19932274        2.34863281
    196.43741989        2.45605469
    197.67666361        2.34375000
    198.87686825        2.42187500
    200.05901374        2.30468750
    201.27579541        2.27539063
    202.42203244        2.30957031
    203.65481880        2.39257813
    204.85663837        2.19726563
    206.07451935        2.39257813
    207.41401497        2.36328125
    208.59381581        2.32910156
    209.83352695        2.39746094
    211.06611670        2.34863281
    212.26818109        2.32910156
    213.45364765        2.21679688
    214.62377876        2.18261719
    215.91199926        2.33398438
    217.11381789        2.16308594
    218.34755799        2.26074219
    219.56444600        2.17773438
    220.78117285        2.29003906
    221.96709880        2.25097656
    223.21905590        2.21191406
    224.59803439        2.22656250
    225.82061270        2.36328125
    227.03739862        2.21191406
    228.28545948        2.36328125
    229.54017288        2.29492188
    230.72565788        2.30468750
    231.94220655        2.12402344
    233.17482655        2.24121094
    234.44407102        2.31933594
    235.65718283        2.39746094
    236.84227839        2.29003906
    238.04454459        2.20703125
    239.24533055        2.18261719
    240.40855720        2.14843750
    241.62047942        2.15332031
    242.94818043        2.18261719
    244.15037195        2.15820313
    245.35370012        2.32910156
    246.61512090        2.18750000
    247.96864094        2.20703125
    249.22995822        2.16796875
    250.50071365        2.09472656
    251.70091546        2.11425781
    252.94726544        2.07031250
    254.14971879        2.19238281
    255.31299648        2.14355469
    256.51452493        2.20703125
    257.78494669        2.05078125
    259.03349812        2.14355469
    260.26262170        2.25097656
    261.51647778        2.22656250
    262.71658742        2.29003906
    263.98979148        2.10449219
    265.22330425        2.08496094
    266.42344604        2.04101563
    267.71861826        2.09960938
    268.92660264        2.18750000
    270.25489725        2.10449219
    271.47692497        2.02636719
    272.73428928        2.11914063
    274.19235684        2.29003906
    275.41015889        2.16796875
    276.61306738        2.20703125
    277.81498904        2.16308594
    279.15030956        2.08496094
    280.35609581        1.97753906
    281.60501824        2.05566406
    282.90855483        2.09472656
    284.19926933        2.12890625
    285.48035616        2.13378906
    286.75124440        1.93359375
    288.50355644        2.03125000
    289.81181541        2.06054688
    291.05436792        2.10449219
    292.36824064        2.02636719
    293.63853857        2.13378906
    294.89281103        1.97265625
    296.17280848        2.02636719
    297.99932180        2.08984375
    299.37582991        2.04589844
    300.79267964        1.94824219
    301.96799110        1.98242188
    303.57344840        2.07031250
    304.85876562        2.04101563
    306.10874861        2.10937500
    307.38569295        2.15820313
    308.71444742        2.01660156
    310.21226913        1.94824219
    311.48373868        2.00195313
    312.93770961        2.11425781
    314.56210607        2.03613281
    315.77559881        1.94335938
    317.71297049        2.04589844
    319.58818128        1.97265625
    320.92413747        1.90917969
    322.15207242        1.93359375
    323.40189850        2.02636719
    324.62485822        1.99218750
    325.89070789        1.87500000
    327.18714010        2.08984375
    328.42288079        1.85058594
    329.69000841        1.91894531
    330.93747802        1.97753906
    332.27081782        1.86035156
    333.51187922        1.83593750
    334.76170719        1.97753906
    335.98457332        1.89453125
    337.21587850        1.90429688
    338.46433068        1.89941406
    339.68843365        1.85058594
    340.94992249        1.95800781
    342.21315528        1.90429688
    343.46628779        1.83593750
    344.69923720        1.87988281
    345.94892811        1.95800781
    347.17287181        2.00195313
    348.43243142        1.86035156
    349.68771622        1.90917969
    350.91892782        1.80664063
    352.15207290        1.89453125
    353.40255686        1.87500000
    354.67124979        1.75292969
    355.92327022        1.85058594
    357.13666323        1.88964844
    358.37396828        1.88476563
    359.68895259        1.88964844
    360.94858026        1.89941406
    362.20181248        1.83593750
    363.41618523        1.90429688
    364.61934372        1.82128906
    365.87389171        1.86035156
    367.10935308        1.84570313
    368.40287445        1.88964844
    369.63643874        1.96777344
    370.90261310        1.85058594
    372.16651039        1.83105469
    373.37328015        1.82128906
    374.60550976        1.88476563
    375.85541241        1.77246094
    377.06131350        1.82128906
    378.29146313        1.86035156
    379.59065921        1.78222656
    380.85420014        1.78222656
    382.16699813        1.81640625
    383.38811322        1.87988281
    384.62526845        1.84082031
    385.87488563        1.71875000
    387.09034586        1.88964844
    388.29372932        1.61132813
    389.54283041        1.87500000
    390.77562385        1.80664063
    392.04077122        1.79199219
    393.26586763        1.77734375
    394.51504575        1.66992188
    395.71479479        1.79687500
    396.95300206        1.73828125
    398.16709785        1.68945313
    399.41672401        1.82128906
    400.64101745        1.65527344
    401.87493005        1.77246094
    403.13988459        1.71875000
    404.40175624        1.71875000
    405.65250534        1.74316406
    406.85535380        1.89453125
    408.08990964        1.67968750
    409.37035843        1.66015625
    410.57712158        1.82128906
    411.81144961        1.70898438
    413.06201817        1.63085938
    414.31118920        1.74804688
    415.60445158        1.80175781
    416.82760601        1.78222656
    418.07718254        1.69921875
    419.27653648        1.65039063
    420.52703036        1.70410156
    421.72924268        1.66503906
    422.99936008        1.68457031
    424.21282256        1.69921875
    425.43693262        1.52343750
    426.65342836        1.66015625
    427.91644706        1.80175781
    429.15139847        1.71875000
    430.40276575        1.70898438
    431.61976672        1.62597656
    432.91636482        1.59667969
    434.12365068        1.70898438
    435.33950035        1.68945313
    436.58801208        1.59179688
    437.82779458        1.49902344
    439.12139015        1.56250000
    440.40072405        1.57714844
    441.63662022        1.60644531
    442.83916763        1.59179688
    444.06388737        1.62597656
    445.27791179        1.65527344
    446.49977267        1.65527344
    447.73436821        1.73339844
    448.95631132        1.69433594
    450.16649337        1.61621094
    451.37780120        1.68945313
    452.63696712        1.61132813
    453.86021041        1.60644531
    455.08836134        1.60644531
    456.31366949        1.72363281
    457.54807645        1.74316406
    458.74890684        1.56250000
    460.00130726        1.76269531
    461.27698688        1.54785156
    462.54704095        1.53320313
    463.77567159        1.56250000
    465.00014320        1.69921875
    466.24917954        1.56250000
    467.43762123        1.55273438
    468.64109732        1.62109375
    469.90307154        1.64062500
    471.13911848        1.54785156
    472.40129875        1.50390625
    473.60498185        1.54785156
    474.83809384        1.52343750
    476.06219398        1.56250000
    477.32841844        1.64062500
    478.54544398        1.62109375
    479.75076375        1.55761719
    480.96468467        1.49902344
    482.18431149        1.43554688
    483.41617861        1.44042969
    484.71458211        1.56738281
    485.91611055        1.33789063
    487.14036193        1.53808594
    488.39123533        1.47949219
    489.65331493        1.49902344
    490.87558604        1.45996094
    492.09045267        1.50390625
    493.32731866        1.46972656
    494.52779978        1.65527344
    495.79332713        1.37695313
    497.01626888        1.33300781
    498.27760932        1.53320313
    499.52598588        1.32812500
    500.76627503        1.46484375
    502.02728227        1.49414063
    503.27567490        1.43066406
    504.50201524        1.48925781
    505.71488837        1.34277344
    506.91725949        1.48437500
    508.14213850        1.40625000
    509.39221506        1.47460938
    510.62510870        1.41601563
    511.85336030        1.51367188
    513.10440384        1.45507813
    514.33004565        1.39160156
    515.57867554        1.41113281
    516.81103891        1.47460938
    518.06347808        1.46972656
    519.26435478        1.54785156
    520.51432454        1.51367188
    521.71279940        1.48437500
    522.91700427        1.48925781
    524.18596707        1.44531250
    525.41661909        1.39160156
    526.71449610        1.42578125
    527.96368745        1.35253906
    529.18871817        1.31835938
    530.45452341        1.38671875
    531.66621169        1.48437500
    532.90344916        1.45507813
    534.12187931        1.39160156
    535.37557848        1.34765625
    536.59059209        1.39648438
    537.85385702        1.22558594
    539.06087633        1.36230469
    540.33819593        1.42089844
    541.62379719        1.31347656
    542.90232007        1.34765625
    544.18681920        1.40136719
    545.40261971        1.42089844
    546.60408672        1.36718750
    547.82466681        1.36230469
    549.06151767        1.29882813
    550.31219398        1.37695313
    551.50125102        1.32324219
    552.70376156        1.32812500
    553.91859368        1.42089844
    555.16691920        1.25000000
    556.40098162        1.41601563
    557.68700493        1.30859375
    558.91677931        1.37695313
    560.10421149        1.30371094
    561.32861693        1.39648438
    562.58788495        1.44042969
    563.83816852        1.39648438
    565.04358707        1.39160156
    566.29095695        1.43554688
    567.55876609        1.26953125
    568.81222187        1.36718750
    570.02812541        1.23046875
    571.31223982        1.34277344
    572.57859141        1.28417969
    573.87504868        1.26464844
    575.16855493        1.33789063
    576.43916716        1.37695313
    577.68723226        1.24023438
    578.91603730        1.18164063
    580.16681239        1.38183594
    581.41677883        1.30859375
    582.66816644        1.23535156
    583.91674764        1.40136719
    585.18687591        1.33789063
    586.41642154        1.26953125
    587.65140131        1.20117188
    588.87348904        1.27441406
    590.13544908        1.19140625
    591.38992523        1.35742188
    592.60475925        1.19140625
    593.81125253        1.25488281
    595.00115602        1.39648438
    596.22797701        1.26953125
    597.47979139        1.22558594
    598.65208897        1.36230469
    599.91679632        1.25488281
    601.16757236        1.29882813
    602.43766045        1.21582031
    603.68215494        1.28417969
    604.93399011        1.24511719
    606.18574494        1.29882813
    607.38545239        1.22070313
    608.65153175        1.25000000
    609.87559833        1.35253906
    611.20337779        1.23535156
    612.44806180        1.16699219
    613.74903492        1.29882813
    614.96527922        1.16699219
    616.19784061        1.15722656
    617.42154706        1.19140625
    618.69942530        1.16699219
    619.92260005        1.36230469
    621.17162788        1.25000000
    622.37842411        1.19140625
    623.58884578        1.10839844
    624.81375078        1.17187500
    626.02640367        1.21582031
    627.26494225        1.28906250
    628.48273673        1.15234375
    629.70287445        1.20117188
    630.95182241        1.13769531
    632.18694160        1.15234375
    633.46370824        1.09863281
    634.79210636        1.03515625
    636.06072887        1.06445313
    637.29087425        1.23535156
    638.56289960        1.17675781
    639.82510256        1.19628906
    641.02550759        1.12792969
    642.30935450        1.18164063
    643.62398624        1.24511719
    644.83875314        1.19628906
    646.04204728        1.29394531
    647.27840520        1.04003906
    648.54255345        1.26953125
    649.76519935        1.23535156
    651.01616491        1.23046875
    652.25101471        1.20117188
    653.57715797        1.23535156
    654.83852109        1.10839844
    656.07555060        1.10351563
    657.35547668        1.24023438
    658.65304034        1.11816406
    659.90130159        1.09375000
    661.14252037        1.12792969
    662.35353659        1.01074219
    663.60546250        1.13769531
    664.82823317        1.21093750
    666.04343961        1.05957031
    667.24681835        1.17675781
    668.51685871        1.08398438
    669.82869397        1.25976563
    671.12482041        1.12304688
    672.33769826        0.98632813
    673.56350407        1.21582031
    674.83900079        1.18164063
    676.08886184        1.10839844
    677.35533348        1.04980469
    678.57756867        1.09863281
    679.82734938        1.12792969
    681.02840946        1.05957031
    682.27548963        1.13769531
    683.48055088        1.09863281
    684.72931310        1.11816406
    685.96340388        0.97656250
    687.18659470        0.98632813
    688.43799837        0.99609375
    689.69783683        1.10839844
    690.91819668        0.99121094
    692.12567348        1.08398438
    693.38590185        1.04980469
    694.66721081        1.08398438
    695.89050797        1.04980469
    697.10507070        1.20605469
    698.33925695        1.10839844
    699.56324035        1.02050781
    700.79137286        1.10839844
    701.99659243        1.01562500
    703.23430866        1.11816406
    704.48451566        1.02050781
    705.73348819        1.07910156
    706.95364860        0.93750000
    708.20181012        0.95214844
    709.43296075        1.13281250
    710.65216364        1.10839844
    711.89125328        1.02539063
    713.15195049        1.04980469
    714.39021211        1.02050781
    715.65169906        1.03027344
    716.88969318        0.99121094
    718.08813165        1.03027344
    719.30655756        0.99609375
    720.55711099        1.01074219
    721.77662391        1.06445313
    723.01604392        1.15234375
    724.21464072        0.99609375
    725.43240212        0.93261719
    726.68201647        1.03027344
    727.95311738        0.97656250
    729.18310963        0.99121094
    730.40175199        0.98144531
    731.61024018        0.89355469
    732.90195569        1.04980469
    734.15100337        1.05468750
    735.37013725        0.89355469
    736.64047158        1.05957031
    737.93710135        0.96191406
    739.16593569        0.97656250
    740.35809923        1.08398438
    741.52622077        0.97656250
    742.77801057        1.06933594
    743.97892792        1.07910156
    745.20268777        1.00585938
    746.43690379        1.04003906
    747.66817967        0.98632813
    748.91610536        1.09863281
    750.12422160        0.92285156
    751.35560618        1.11328125
    752.60739692        0.97656250
    753.80924391        0.87890625
    755.08774505        1.08886719
    756.37476511        0.85449219
    757.76543235        0.97656250
    758.95253133        0.97656250
    760.15065410        0.95214844
    761.36977570        1.02539063
    762.64184075        1.02050781
    763.85816114        0.93750000
    765.10313912        0.98144531
    766.36975348        0.95703125
    767.62029227        0.83007813
    768.89119610        0.91796875
    770.08966624        0.94726563
    771.32778229        0.87890625
    772.54672335        0.96191406
    773.80744371        0.97656250
    775.01593238        0.95214844
    776.27790943        0.98144531
    777.52661777        0.94238281
    778.74555410        0.97167969
    779.96460480        1.00097656
    781.20110261        0.90820313
    782.42163828        0.93750000
    783.67169074        1.01562500
    784.88924136        0.91796875
    786.14052309        1.00585938
    787.36025389        1.01562500
    788.60957001        0.95703125
    789.82714001        0.99609375
    791.07870673        0.92773438
    792.30648855        0.92773438
    793.61901998        0.97656250
    794.84046732        0.83007813
    796.08863877        0.92285156
    797.29581640        0.98144531
    798.49567745        0.99609375
    799.73364747        0.94238281
    800.96487986        0.89843750
    802.21488175        1.00585938
    803.42255563        0.97167969
    804.65262728        0.91796875
    805.88659092        0.96679688
    807.12134478        0.92285156
    808.32697270        0.88378906
    809.54778957        1.03027344
    810.79675501        0.97167969
    812.01538840        1.01074219
    813.24658724        0.95703125
    814.48287237        0.97656250
    815.68410921        0.95703125
    816.96412131        0.97167969
    818.18395372        0.93750000
    819.40331824        1.01562500
    820.65263389        0.97656250
    821.87041373        0.96679688
    823.13849226        0.85937500
    824.37160472        0.90332031
    825.58849084        0.84472656
    826.80859359        0.86425781
    828.05795508        0.93261719
    829.29738265        0.84960938
    830.51400127        1.01074219
    831.68151927        0.78613281
    832.92103286        0.92773438
    834.17234248        0.92285156
    835.36931111        0.91796875
    836.57902008        0.85937500
    837.83960527        0.91796875
    839.05744135        0.90820313
    840.27701902        0.84960938
    841.48559559        0.89843750
    842.68163790        0.77636719
    843.90039038        0.99121094
    845.17286850        0.85937500
    846.40379558        0.87402344
    847.61086687        0.85937500
    848.92160567        0.84960938
    850.19795735        0.91308594
    851.45118296        0.92285156
    852.74660378        0.86425781
    854.02747273        0.81542969
    855.24465518        0.88867188
    856.46381080        0.76660156
    857.71322145        0.81542969
    858.92032677        0.89843750
    860.15063189        0.90820313
    861.31424419        0.93261719
    862.57346541        0.92285156
    863.77546175        0.87402344
    865.01155689        0.77148438
    866.23534889        0.81542969
    867.44768465        0.75683594
    868.67079513        0.78125000
    869.87789808        0.83007813
    871.08977399        0.73242188
    872.33790007        0.79589844
    873.57418143        0.84960938
    874.77556052        0.79589844
    875.99965263        0.85937500
    877.23281991        0.91308594
    878.49489196        0.65429688
    879.74946642        0.80078125
    881.01101480        0.78613281
    882.24677345        0.75195313
    883.52765280        0.73730469
    884.74834821        0.91796875
    886.02822561        0.87890625
    887.24835104        0.80566406
    888.46432028        0.85937500
    889.68808486        0.66406250
    890.94746630        0.75195313
    892.19740912        0.71777344
    893.40261593        0.92285156
    894.63524066        0.66894531
    895.85877838        0.71289063
    897.10950574        0.80566406
    898.32229900        0.81054688
    899.57340681        0.82031250
    900.82269930        0.80078125
    902.02731346        0.66894531
    903.26251347        0.82031250
    904.46488270        0.75683594
    905.69795971        0.77636719
    906.94812466        0.65429688
    908.19941490        0.71289063
    909.43723463        0.81542969
    910.63713679        0.72265625
    911.85357676        0.81054688
    913.12597973        0.76660156
    914.37561582        0.82519531
    915.57457890        0.65917969
    916.79631217        0.62988281
    918.04645159        0.71289063
    919.23362809        0.68847656
    920.45041732        0.63476563
    921.67275554        0.81542969
    922.90362072        0.63964844
    924.13496985        0.80078125
    925.33982646        0.84960938
    926.56364444        0.76171875
    927.76228378        0.79101563
    929.68859104        0.70312500
    930.90611660        0.72753906
    932.13759712        0.74218750
    933.34331531        0.70312500
    934.52968694        0.73730469
    935.74668270        0.72753906
    936.98316681        0.76171875
    938.23512156        0.86425781
    939.48413001        0.73730469
    940.73108588        0.81054688
    941.94962002        0.99121094
    943.18395183        0.71289063
    944.38456954        0.74218750
    945.59424495        0.89355469
    946.84392168        0.92285156
    948.07435771        0.83984375
    949.26160179        0.86914063
    950.53067613        0.79589844
    951.73448967        0.78613281
    952.93138316        0.80566406
    954.12152721        0.83984375
    955.35719228        0.87402344
    956.55731091        0.78125000
    957.78275186        0.83984375
    959.01138155        0.87890625
    960.19758446        0.98632813
    961.41803127        0.77148438
    962.63720485        0.79101563
    963.85353139        0.85937500
    965.07259438        0.93261719
    966.29267870        0.86914063
    967.49790300        0.89843750
    968.69883122        0.93750000
    969.90607218        0.74707031
    971.10493884        0.91796875
    972.32341957        0.80078125
    973.57263125        0.97656250
    974.87259438        0.91796875
    976.15648005        0.93750000
    977.46852090        0.91308594
    978.71840511        0.89355469
    979.94732121        0.91308594
    981.21986880        0.96191406
    982.42159149        0.88378906
    983.65604288        0.84472656
    984.92139488        0.91796875
    986.15532922        0.95703125
    988.00321994        0.80078125
    989.23316209        0.80566406
    990.48267199        1.03515625
    991.73005605        0.99121094
    992.93712073        0.85449219
    994.21408303        0.94238281
    995.45141501        1.02050781
    996.67161323        0.89843750
    997.93231989        0.93750000
    999.15177468        0.95703125
   1000.40282199        0.92773438
   1001.64049143        0.95214844
   1002.85868338        1.08398438
   1004.08823705        0.98632813
   1005.35876751        1.11816406
   1006.60856759        0.90820313
   1007.80690351        0.91796875
   1009.02799450        1.01562500
   1010.27825397        0.93261719
   1011.52725722        1.02539063
   1012.73091149        1.00097656
   1014.01518753        1.10351563
   1015.24430592        0.94238281
   1016.51095431        1.00097656
   1017.74728293        1.01074219
   1018.95189425        1.00585938
   1020.19769410        1.18164063
   1021.43687969        0.85449219
   1022.67280800        1.09375000
   1023.94989886        1.08398438
   1025.18783249        0.95703125
   1026.44925138        0.92285156
   1027.67275318        0.91796875
   1028.87786028        1.09863281
   1030.11054219        1.11328125
   1031.32457465        0.96191406
   1032.54382337        1.08886719
   1033.77558510        1.05468750
   1035.00049294        1.04980469
   1036.23348630        1.08398438
   1037.45324971        1.05957031
   1038.68845161        1.08886719
   1039.90212299        1.10351563
   1041.17331087        1.06933594
   1042.42217564        1.06445313
   1043.68369756        1.15722656
   1044.92171437        0.96191406
   1046.18389984        1.02539063
   1047.42127295        1.03515625
   1048.65144101        1.14257813
   1049.87026391        1.08398438
   1051.12034898        1.17187500
   1052.40367743        1.04003906
   1053.67148846        1.07421875
   1054.93266679        1.02050781
   1056.15335605        1.11816406
   1057.37416536        1.22070313
   1058.65204690        1.07910156
   1059.87560542        1.02050781
   1061.09041534        1.05957031
   1062.32633372        1.23046875
   1063.57880551        1.10351563
   1064.83108116        1.02050781
   1066.07261896        1.15234375
   1067.29367923        1.16699219
   1068.58907547        1.08886719
   1069.82210900        1.15722656
   1071.08959393        1.05957031
   1072.51654016        1.17675781
   1073.72826956        1.30371094
   1075.06092642        1.23046875
   1076.49760951        1.14257813
   1078.59041108        1.24023438
   1079.81041174        1.17187500
   1081.12785460        1.22070313
   1082.38158733        1.24511719
   1083.73267813        1.09863281
   1084.91578776        1.11328125
   1086.11012865        1.11328125
   1087.58992618        1.15722656
   1089.26311133        1.16699219
   1090.87023130        1.20117188
   1092.18385164        1.20117188
   1093.71432643        1.25976563
   1094.94750553        1.12792969
   1096.61917878        1.23046875
   1097.83554360        1.25488281
   1099.14606405        1.28906250
   1100.54072632        1.13281250
   1101.74190786        1.16210938
   1102.98977399        1.19140625
   1104.19694831        1.22070313
   1105.39405826        1.29882813
   1106.66836541        1.29394531
   1107.90034170        1.31835938
   1109.15119714        1.25000000
   1110.40355124        1.28906250
   1111.61997372        1.25488281
   1112.78995359        1.29882813
   1113.96351305        1.33300781
   1115.12376363        1.29882813
   1116.37907490        1.17675781
   1117.63388803        1.36718750
   1118.82825775        1.19628906
   1120.06162590        1.21093750
   1121.22951302        1.25000000
   1122.41762954        1.36230469
   1123.61739891        1.29394531
   1124.86655812        1.22070313
   1126.08314507        1.27929688
   1127.28484980        1.30859375
   1128.52393378        1.12792969
   1129.74063936        1.17675781
   1130.96655907        1.32324219
   1132.20549464        1.25000000
   1133.42880834        1.27441406
   1134.62646464        1.41601563
   1135.87752566        1.33300781
   1137.13216345        1.33300781
   1138.36898265        1.35742188
   1139.59815585        1.24023438
   1140.83823610        1.19140625
   1142.06887347        1.28417969
   1143.28731970        1.29882813
   1144.50376156        1.35253906
   1145.74408000        1.33300781
   1146.99274014        1.34765625
   1148.22477598        1.29882813
   1149.46282634        1.38183594
   1150.71260705        1.24023438
   1151.95135830        1.38671875
   1153.18670860        1.27441406
   1154.39985491        1.34765625
   1155.61572490        1.37207031
   1156.85564304        1.26953125
   1158.07090100        1.39160156
   1159.30310509        1.44531250
   1160.50772019        1.50878906
   1161.75985311        1.41601563
   1163.00855200        1.25488281
   1164.24424400        1.41601563
   1165.56546449        1.36230469
   1166.90048774        1.38671875
   1168.08751536        1.32812500
   1169.34173205        1.34765625
   1170.54297881        1.41601563
   1171.74549455        1.43554688
   1172.94802210        1.39648438
   1174.16729777        1.43554688
   1175.38418861        1.48437500
   1176.58685701        1.44042969
   1177.81937917        1.32812500
   1179.05389531        1.44531250
   1180.32143411        1.49414063
   1181.58400996        1.38183594
   1182.86881817        1.43066406
   1184.64274392        1.45019531
   1185.81010832        1.51855469
   1187.01392518        1.48925781
   1189.04169565        1.43066406
   1190.30870702        1.38671875
   1191.51120716        1.45507813
   1192.74406110        1.47460938
   1193.96101149        1.35742188
   1195.16316237        1.40136719
   1196.41762671        1.38183594
   1197.68077585        1.46972656
   1198.93399342        1.46484375
   1200.15366278        1.48437500
   1201.38059011        1.50390625
   1202.53590941        1.50878906
   1203.71563510        1.51367188
   1204.93739579        1.48437500
   1206.10113712        1.39648438
   1207.34134875        1.37207031
   1208.54236488        1.40136719
   1209.75947833        1.43066406
   1210.97619525        1.49414063
   1212.18460688        1.44042969
   1213.44711089        1.55273438
   1214.62758616        1.50878906
   1215.78235959        1.37695313
   1216.95442653        1.53808594
   1218.15445205        1.41601563
   1219.35651786        1.50390625
   1220.54118334        1.42578125
   1221.76056062        1.36718750
   1222.90923918        1.52832031
   1224.07968930        1.47949219
   1225.26676702        1.48437500
   1226.44970698        1.31835938
   1227.67073700        1.52343750
   1228.87233917        1.56250000
   1230.12479677        1.47460938
   1231.29576252        1.44531250
   1232.49783872        1.52343750
   1233.72967229        1.45019531
   1234.95100431        1.54785156
   1236.15314526        1.52832031
   1237.35409475        1.46972656
   1238.57124081        1.60156250
   1239.80377243        1.58203125
   1241.00373178        1.52832031
   1242.18889587        1.57226563
   1243.39051506        1.39648438
   1244.57066563        1.55761719
   1245.75582689        1.58203125
   1247.03178536        1.58203125
   1248.40143156        1.55273438
   1249.58672893        1.46972656
   1250.78042564        1.43554688
   1251.93524633        1.42578125
   1253.52648874        1.57714844
   1255.43621377        1.49902344
   1257.02533650        1.51367188
   1258.37314120        1.50390625
   1259.58366117        1.48925781
   1260.73463145        1.54785156
   1261.90065032        1.58691406
   1263.02531004        1.51855469
   1264.24956614        1.45507813
   1265.44149007        1.52343750
   1266.62755355        1.46484375
   1267.85878500        1.60156250
   1269.03005842        1.58691406
   1270.71933853        1.37695313
   1272.09218009        1.55273438
   1273.27196344        1.55761719
   1274.40677685        1.48437500
   1275.57700626        1.77246094
   1276.74179349        1.53320313
   1277.89609666        1.67480469
   1279.07891516        1.60644531
   1280.22468524        1.52343750
   1281.49418398        1.58691406
   1282.71215664        1.47460938
   1283.94810717        1.65039063
   1285.26929174        1.51367188
   1286.49980292        1.44042969
   1287.65266934        1.59667969
   1288.83979384        1.58203125
   1290.02549530        1.49414063
   1291.24296983        1.50878906
   1292.77103947        1.72363281
   1294.21492429        1.56738281
   1295.37525049        1.59667969
   1296.58939023        1.66992188
   1297.72925449        1.60156250
   1299.12591499        1.63085938
   1300.27488704        1.54785156
   1301.41310519        1.58691406
   1302.57468666        1.58203125
   1303.74495009        1.46972656
   1304.91478156        1.60644531
   1306.07884899        1.57226563
   1307.24838507        1.58203125
   1308.40329792        1.63085938
   1309.54288948        1.56250000
   1310.72781396        1.52832031
   1311.92858811        1.64062500
   1313.11406176        1.69921875
   1314.33057120        1.62597656
   1315.58620999        1.58691406
   1316.81948315        1.59667969
   1317.99090308        1.60644531
   1319.22951349        1.75781250
   1320.44039029        1.69433594
   1321.62716364        1.64062500
   1322.95947785        1.56738281
   1324.40997835        1.58203125
   1325.56493185        1.61621094
   1326.71296907        1.67968750
   1327.86655340        1.63574219
   1329.03049417        1.65527344
   1330.16815935        1.54296875
   1331.33294421        1.48925781
   1332.48959771        1.65039063
   1333.69078161        1.59667969
   1334.87611821        1.69921875
   1336.00834452        1.72851563
   1337.14052073        1.61621094
   1338.27874596        1.73339844
   1339.42849642        1.71386719
   1340.68376846        1.55273438
   1341.88405344        1.63574219
   1343.10221232        1.65039063
   1344.30478761        1.50390625
   1345.50697913        1.69921875
   1346.73895306        1.73828125
   1347.94122918        1.68457031
   1349.12749353        1.71875000
   1350.32948702        1.61621094
   1351.50991266        1.83105469
   1352.72682808        1.70410156
   1353.93338233        1.73828125
   1355.14998960        1.84082031
   1356.38350426        1.61132813
   1357.59918096        1.67480469
   1358.83822901        1.69921875
   1360.04018186        1.62109375
   1361.24285876        1.68457031
   1362.44240174        1.73828125
   1363.64535040        1.68945313
   1364.94673611        1.64062500
   1366.15114184        1.63085938
   1367.34993714        1.82128906
   1368.53447974        1.78222656
   1369.78953343        1.70410156
   1371.02097567        1.74804688
   1372.27522118        1.71875000
   1373.49358612        1.66015625
   1374.65867157        1.73339844
   1375.85947029        1.64062500
   1377.02915619        1.71875000
   1378.22983534        1.70898438
   1379.44639346        1.66992188
   1380.66600185        1.81640625
   1381.88780413        1.78710938
   1383.14966444        1.75781250
   1384.38816521        1.80664063
   1385.58992665        1.63085938
   1386.79113135        1.74804688
   1388.00707932        1.73828125
   1389.38937369        1.74804688
   1390.94175709        1.67480469
   1392.18584608        1.63574219
   1393.53030181        1.75292969
   1394.73161332        1.71386719
   1395.90054540        1.69921875
   1397.11511381        1.66015625
   1398.35325916        1.81152344
   1399.55905344        1.64550781
   1400.73607861        1.78222656
   1401.92213500        1.73828125
   1403.10721213        1.69921875
   1404.32371968        1.81640625
   1405.52472257        1.75292969
   1406.72618769        1.92871094
   1407.96504764        1.81640625
   1409.18131841        1.74804688
   1410.41483307        1.67480469
   1411.61621169        1.66992188
   1412.83213935        1.83593750
   1414.07240864        1.74316406
   1415.22112265        1.81152344
   1416.40661238        1.73339844
   1417.57694198        1.82128906
   1418.77664187        1.79199219
   1419.97928332        1.80664063
   1421.16203518        1.81152344
   1422.40123258        1.79199219
   1423.61947889        1.79687500
   1424.82168459        1.57226563
   1426.02166569        1.82617188
   1427.20768191        1.85546875
   1428.45563264        1.79199219
   1429.64108078        1.79199219
   1430.82639705        1.84570313
   1432.11275545        1.72851563
   1433.31494366        1.73828125
   1434.51529293        1.80664063
   1435.74778201        1.72363281
   1436.94937709        1.87011719
   1438.12820387        1.70410156
   1439.36882905        1.79199219
   1440.63565845        1.84570313
   1441.83916243        1.74804688
   1443.02128523        1.86523438
   1444.22271915        1.87988281
   1445.43938645        1.63574219
   1446.64060769        1.81640625
   1447.82580109        1.76757813
   1449.01232915        1.66992188
   1450.23016475        1.95312500
   1451.44759202        1.83593750
   1452.65230684        1.87011719
   1453.85355691        1.80175781
   1455.05708216        1.79687500
   1456.24137002        1.88476563
   1457.42695569        1.73339844
   1458.64396610        1.80175781
   1459.89269051        1.76757813
   1461.15069995        1.77246094
   1462.36898123        1.78222656
   1463.56978089        1.85546875
   1464.75514207        1.80175781
   1465.95739078        1.78222656
   1467.25983704        1.81152344
   1468.42344415        1.92871094
   1469.66210938        1.85546875
   1470.84265081        1.80664063
   1472.08284591        1.82128906
   1473.24662835        1.79199219
   1474.41730013        1.76757813
   1475.65345908        1.85058594
   1476.89629799        1.88964844
   1478.09826172        1.69921875
   1479.29938560        1.81640625
   1480.50009689        1.73339844
   1481.77470887        1.71386719
   1482.97671560        1.80175781
   1484.17768068        1.75781250
   1485.41200210        1.88964844
   1486.61330416        1.87500000
   1487.86775148        1.81640625
   1489.06919438        1.75781250
   1490.37147806        1.80664063
   1491.57129469        1.87500000
   1492.77099883        1.85058594
   1493.99513725        1.81640625
   1495.20411838        1.82617188
   1496.42158251        1.82617188
   1497.61434722        1.85058594
   1498.79171881        1.82128906
   1500.00830907        1.85546875
   1501.22534596        1.84570313
   1502.39647853        1.78710938
   1503.56728737        1.94335938
   1504.74732121        1.87011719
   1505.94912849        1.81640625
   1507.17223236        1.91894531
   1508.39102407        1.82617188
   1509.57654451        1.78222656
   1510.77650954        1.97265625
   1511.97902386        1.83593750
   1513.22747557        1.86523438
   1514.39755043        1.87500000
   1515.63046439        1.67480469
   1516.84834064        1.92382813
   1518.08827107        1.96289063
   1519.30983940        1.84570313
   1520.55996843        1.77246094
   1521.74684103        1.85546875
   1522.97982400        1.84570313
   1524.16964336        1.85546875
   1525.38734096        1.89941406
   1526.58933304        1.96289063
   1527.77526183        1.89941406
   1528.96139526        1.87011719
   1530.19361826        1.74804688
   1531.39349916        1.78710938
   1532.59410364        1.83593750
   1533.82448296        1.92871094
   1535.03328308        1.79199219
   1536.27356325        1.87011719
   1537.51372998        1.91894531
   1538.67909570        1.83105469
   1539.87994641        2.07519531
   1541.09825652        1.85058594
   1542.38369189        1.82617188
   1543.65429372        1.74316406
   1544.87127484        1.83105469
   1546.12595941        1.90917969
   1547.28874889        1.93847656
   1548.52761404        1.83593750
   1549.72825491        2.04589844
   1550.89242774        1.82128906
   1552.09451009        1.93847656
   1553.27923086        2.01660156
   1554.49844037        1.86035156
   1555.69993289        1.77734375
   1556.90098304        1.84082031
   1558.14048576        1.94824219
   1559.34199057        1.76269531
   1560.54313335        1.95800781
   1561.74471804        1.88964844
   1562.90813657        1.86523438
   1564.10925289        1.93359375
   1565.27738435        1.92382813
   1566.51634497        1.92871094
   1567.70237962        1.87988281
   1568.95035446        1.96289063
   1570.15118816        1.85546875
   1571.35206439        1.89453125
   1572.58164877        1.90917969
   1573.74516513        1.85546875
   1574.96843205        2.09472656
   1576.17043169        1.94824219
   1577.34034397        1.90917969
   1578.57285432        1.98242188
   1579.75685483        1.91894531
   1581.02852288        1.85058594
   1582.27751905        1.83593750
   1583.44719502        1.93359375
   1584.66492854        1.95312500
   1585.88583474        2.08496094
   1587.15238293        1.94824219
   1588.30845417        1.96777344
   1589.50950054        1.98730469
   1590.71140188        1.89453125
   1591.92555343        1.88964844
   1593.17910326        1.92382813
   1594.36433919        2.01660156
   1595.61303240        2.03613281
   1596.79896072        1.84570313
   1597.99980103        1.86035156
   1599.17075070        1.97753906
   1600.37124506        2.05078125
   1601.60490671        1.94824219
   1602.77591735        2.08007813
   1603.99289941        1.95800781
   1605.19531637        1.85546875
   1606.39666191        1.89941406
   1607.64455357        1.96289063
   1608.88360966        1.95800781
   1610.13210674        2.04589844
   1611.38673460        1.85546875
   1612.57348479        1.91406250
   1613.82289166        1.76269531
   1615.07437189        1.85058594
   1616.29643222        1.92871094
   1617.46124166        1.88964844
   1618.68330151        2.02148438
   1619.90292077        1.87500000
   1621.08289601        1.90917969
   1622.25295953        1.99707031
   1623.46942643        1.92382813
   1624.67106736        2.08984375
   1625.88889729        1.95800781
   1627.05987580        1.97265625
   1628.26135414        2.08007813
   1629.57890712        1.94824219
   1630.83244229        2.01171875
   1632.09438248        1.90917969
   1633.29540002        2.00683594
   1634.45893623        2.01171875
   1635.66380655        1.99218750
   1636.90272322        2.03125000
   1638.10389578        1.90429688
   1639.32077008        2.05566406
   1640.52579825        2.01660156
   1641.72468051        2.00683594
   1642.92691362        1.96289063
   1644.15948589        2.08496094
   1645.53277218        1.87011719
   1646.75737140        1.88476563
   1648.00603390        1.89453125
   1649.20727877        2.06054688
   1650.39189841        1.93847656
   1651.59319385        1.98242188
   1652.79480216        1.93847656
   1653.99733775        2.02636719
   1655.16064758        1.94824219
   1656.40067442        2.04589844
   1657.58149612        2.05078125
   1658.86661578        1.79687500
   1660.05227565        2.01660156
   1661.27128240        1.88964844
   1662.48025172        1.98242188
   1663.71119109        1.91406250
   1664.95015974        2.04101563
   1666.12817976        1.86523438
   1667.31451973        2.05078125
   1668.48524349        2.00195313
   1669.70184084        1.97753906
   1670.85694321        2.01660156
   1672.05950857        1.93847656
   1673.26122417        2.00195313
   1674.42533698        2.02636719
   1675.60972314        2.02148438
   1676.79487495        1.96777344
   1677.96376543        1.99218750
   1679.16443749        2.07031250
   1680.31323563        2.00195313
   1681.53068558        2.05078125
   1682.71765601        1.97265625
   1683.95061818        2.02636719
   1685.10553623        1.94335938
   1686.32252774        2.00683594
   1687.54032412        2.08007813
   1688.74145226        2.08984375
   1689.98229909        1.86523438
   1691.18343715        1.93847656
   1692.38495472        1.97753906
   1693.60209747        2.04589844
   1694.80372564        2.02636719
   1696.05073397        1.92871094
   1697.19931896        1.87988281
   1698.36768059        2.03125000
   1699.56876619        1.95312500
   1700.77145774        2.03125000
   1701.97343280        2.08007813
   1703.19310878        1.98730469
   1704.37824168        2.12402344
   1705.61242367        1.98242188
   1706.84575685        2.07519531
   1708.06818345        2.04589844
   1709.26921186        2.17285156
   1710.51744097        2.02636719
   1711.74963798        2.09472656
   1712.95085922        2.08496094
   1714.23599684        2.08007813
   1715.51054975        2.04589844
   1716.80830671        2.02636719
   1718.04055618        2.00195313
   1719.24284742        2.12402344
   1720.48091338        2.01171875
   1721.68301605        1.94824219
   1722.89913322        2.01660156
   1724.11561667        2.05078125
   1725.28620763        1.96289063
   1726.50268919        2.09472656
   1727.73082264        2.03613281
   1728.95260743        2.08496094
   1730.15451869        2.10449219
   1731.35634582        2.00683594
   1732.61111122        2.09472656
   1733.81331030        2.06054688
   1735.04618835        2.08496094
   1736.24658298        2.07031250
   1737.46241706        2.02636719
   1738.68238700        2.04101563
   1739.90303987        2.02148438
   1741.10452483        2.07031250
   1742.32155935        2.03125000
   1743.56979129        2.03613281
   1744.78654744        2.07031250
   1746.00999064        2.02148438
   1747.22711212        2.04589844
   1748.41392139        2.04101563
   1749.63054096        2.09960938
   1750.81729635        2.13867188
   1752.01912207        2.03125000
   1753.23537204        2.08007813
   1754.45300064        2.06542969
   1755.67066516        2.11425781
   1756.85479800        2.09960938
   1758.07176541        2.17773438
   1759.23620858        2.05078125
   1760.50615914        2.15820313
   1761.72363650        2.05078125
   1762.90897452        2.10937500
   1764.14162854        1.99707031
   1765.34265128        2.13378906
   1766.54364803        1.97753906
   1767.79882082        2.12890625
   1769.01564928        2.17773438
   1770.21631520        2.08496094
   1771.47053897        2.10449219
   1772.71845331        2.10449219
   1773.91879691        2.04589844
   1775.12031306        2.26074219
   1776.33689812        1.98242188
   1777.53852487        2.19238281
   1778.73986568        2.06054688
   1779.94174055        2.06542969
   1781.14334745        2.18750000
   1782.34546855        2.11425781
   1783.60199870        2.08984375
   1784.83288419        2.06054688
   1786.03385164        2.06542969
   1787.26675426        2.06054688
   1788.48399248        2.15332031
   1789.66993497        2.16308594
   1790.88610413        2.04589844
   1792.08756546        2.05078125
   1793.32790801        2.09472656
   1794.52970395        2.06054688
   1795.77763295        2.14843750
   1796.93265828        2.15820313
   1798.15016778        2.05078125
   1799.35101187        2.03613281
   1800.58855417        2.09960938
   1801.84067622        2.01171875
   1803.08872620        2.02148438
   1804.34299488        2.07031250
   1805.56021277        2.19726563
   1806.74568170        2.13378906
   1807.91635868        2.16308594
   1809.21801993        2.02148438
   1810.42127153        2.10449219
   1811.63746621        2.18261719
   1812.90257529        2.20703125
   1814.12512572        2.18750000
   1815.36310566        2.08984375
   1816.54879246        2.04589844
   1817.75078502        2.08496094
   1818.98503271        2.06054688
   1820.15479233        2.04101563
   1821.35684538        2.08984375
   1822.53604836        2.16308594
   1823.72331229        2.07519531
   1824.94084305        2.06054688
   1826.11170577        2.23632813
   1827.26629346        2.04101563
   1828.53112558        2.03613281
   1829.74692846        2.13378906
   1830.94862043        2.23632813
   1832.17209577        2.03125000
   1833.42077717        2.13867188
   1834.65267596        2.18750000
   1835.85855578        2.14843750
   1837.05834924        2.13378906
   1838.26253474        2.11914063
   1839.45826323        2.12890625
   1840.65943815        2.08984375
   1841.86013054        2.26074219
   1843.06183905        2.06542969
   1844.24469299        2.10937500
   1845.46464592        2.20703125
   1846.68197440        2.20703125
   1847.88448211        2.07519531
   1849.08464185        2.05078125
   1850.31760450        2.21679688
   1851.57248804        2.16308594
   1852.77343280        2.10937500
   1854.02176778        2.22167969
   1855.23966198        2.14355469
   1856.44104722        2.12402344
   1857.67878424        1.95312500
   1858.89719549        2.04101563
   1860.09793892        2.10937500
   1861.29824990        2.16796875
   1862.53005605        2.04101563
   1863.73164121        2.10449219
   1864.94917245        2.23632813
   1866.18856646        2.08007813
   1867.39056137        2.15332031
   1868.55530559        2.19726563
   1869.75675464        2.06542969
   1870.94186580        2.12890625
   1872.15913993        2.08007813
   1873.39921640        2.22167969
   1874.64751735        2.12402344
   1875.84807834        2.22167969
   1877.04920506        2.15820313
   1878.23586451        2.23144531
   1879.40706136        2.22167969
   1880.65518508        2.13867188
   1881.85642097        2.21679688
   1883.08737594        2.11425781
   1884.31163157        2.16796875
   1885.51557177        2.19238281
   1886.69402518        2.18750000
   1887.91892073        2.20214844
   1889.15041827        2.06054688
   1890.38406431        2.19726563
   1891.57042885        2.13867188
   1892.82455480        2.20703125
   1894.04072395        2.18750000
   1895.28868698        2.18750000
   1896.53137087        2.01660156
   1897.74859822        2.09472656
   1899.03464469        2.17773438
   1900.23698272        2.16796875
   1901.49089362        2.02148438
   1902.69204728        2.13378906
   1903.89404456        2.12890625
   1905.15797210        2.26562500
   1906.39855805        2.16796875
   1907.60146984        2.09472656
   1908.81822504        2.16796875
   1910.02061034        2.17285156
   1911.24914834        2.17773438
   1912.51107057        2.14843750
   1913.69739068        2.21679688
   1914.88831361        2.13378906
   1916.12052243        2.20214844
   1917.38989498        2.05566406
   1918.56073785        2.06054688
   1919.76248133        2.10449219
   1920.99483619        2.07519531
   1922.18035427        2.20214844
   1923.44362487        2.04589844
   1924.66730438        2.18750000
   1925.86858565        2.08984375
   1927.11642532        2.08007813
   1928.31665312        2.11425781
   1929.53446509        2.32910156
   1930.75341749        2.19726563
   1931.95384474        2.15332031
   1933.17813628        2.19238281
   1934.39487825        2.09472656
   1935.58814630        2.17285156
   1936.77871099        2.20703125
   1937.99601537        2.22656250
   1939.21373188        2.21191406
   1940.41631094        2.13378906
   1941.58511494        2.22167969
   1942.80133892        2.16796875
   1943.98765336        2.08984375
   1945.20395580        2.21679688
   1946.42141946        2.15332031
   1947.60652211        2.09960938
   1948.79178876        2.12402344
   1950.04460177        2.11914063
   1951.27736592        2.24609375
   1952.46265289        2.22167969
   1953.64874426        2.15820313
   1954.85205021        2.20214844
   1956.06894720        2.16308594
   1957.25518508        2.17773438
   1958.45723576        1.97265625
   1959.73619487        2.17773438
   1960.92278721        2.18261719
   1962.14106046        2.22167969
   1963.38080184        2.13378906
   1964.56683980        2.15332031
   1965.76803647        2.18750000
   1967.03210390        2.17285156
   1968.21767539        2.19726563
   1969.45068907        2.26562500
   1970.67396072        2.11425781
   1971.83819167        2.29003906
   1973.05627068        2.14355469
   1974.24177836        2.10937500
   1975.41013904        2.24609375
   1976.62841796        2.11425781
   1977.82915619        2.17773438
   1979.01385097        2.27050781
   1980.29362960        2.28027344
   1981.51675426        2.21679688
   1982.71825718        2.25097656
   1983.91990803        2.18750000
   1985.06849301        2.15332031
   1986.28479687        2.25585938
   1987.52550192        2.27050781
   1988.72752803        2.26562500
   1989.93584986        2.20703125
   1991.15752217        2.22167969
   1992.37623589        2.22656250
   1993.55904257        2.15820313
   1994.71437747        2.23144531
   1996.01503866        2.14355469
   1997.21682610        2.21679688
   1998.41728170        2.27539063
   1999.66645698        2.31933594
   2000.92716128        2.17285156
   2002.15141360        2.29980469
   2003.36804545        2.16796875
   2004.65379558        2.26074219
   2005.85404229        2.29003906
   2007.07094542        2.24121094
   2008.27185663        2.29980469
   2009.50441660        2.26562500
   2010.72788863        2.25097656
   2011.97560589        2.32910156
   2013.26136832        2.24609375
   2014.51005823        2.25585938
   2015.76450082        2.25097656
   2016.96762340        2.24609375
   2018.21647636        2.09960938
   2019.41804072        2.19726563
   2020.65120612        2.30468750
   2021.85348507        2.21679688
   2023.04012231        2.24609375
   2024.24029529        2.24121094
   2025.42662580        2.32910156
   2026.62804318        2.25097656
   2027.83055088        2.24121094
   2029.04594211        2.19238281
   2030.23188602        2.22656250
   2031.55015124        2.29003906
   2032.80555419        2.17285156
   2034.03708339        2.29492188
   2035.27038065        2.27050781
   2036.45580704        2.37304688
   2037.68887461        2.27050781
   2038.97523489        2.25585938
   2040.14656691        2.21679688
   2041.37844679        2.30468750
   2042.61148789        2.24121094
   2043.84550636        2.29492188
   2045.07771046        2.20214844
   2046.27790281        2.35351563
   2047.47953665        2.23632813
   2048.66518942        2.20703125
   2049.91739749        2.10937500
   2051.13429022        2.19238281
   2052.33614903        2.21191406
   2053.55737565        2.25585938
   2054.77616784        2.20214844
   2056.04350247        2.26074219
   2057.24499783        2.25097656
   2058.43161380        2.29492188
   2059.61721317        2.21191406
   2060.81763711        2.25585938
   2061.98134251        2.13867188
   2063.15086489        2.17285156
   2064.32030503        2.23632813
   2065.56861164        2.20703125
   2066.75449269        2.22656250
   2068.00977986        2.28515625
   2069.18820065        2.23632813
   2070.39949194        2.26074219
   2071.63279156        2.39257813
   2072.85666531        2.19726563
   2074.05730004        2.36816406
   2075.27433834        2.29003906
   2076.44717044        2.23144531
   2077.67924882        2.39257813
   2078.88040862        2.35351563
   2080.16688612        2.27539063
   2081.34486927        2.26562500
   2082.53019028        2.28515625
   2083.70185029        2.20703125
   2084.85330737        2.34375000
   2086.07549530        2.28027344
   2087.29074475        2.29003906
   2088.49633628        2.23144531
   2089.67877951        2.31933594
   2090.85256631        2.41210938
   2092.08476426        2.23144531
   2093.30206628        2.26562500
   2094.60282625        2.29980469
   2095.83961094        2.34863281
   2097.01025247        2.30957031
   2098.21644328        2.31445313
   2099.46504244        2.30468750
   2100.68788400        2.42675781
   2101.91751659        2.25097656
   2103.08160198        2.27050781
   2104.32227300        2.18261719
   2105.53964733        2.24609375
   2106.78837930        2.29492188
   2107.98988837        2.23632813
   2109.22960234        2.23632813
   2110.47808997        2.38281250
   2111.73302314        2.31445313
   2112.93369804        2.35839844
   2114.13384077        2.33886719
   2115.31734219        2.35839844
   2116.49779335        2.31933594
   2117.71400127        2.36816406
   2118.87650150        2.25097656
   2120.07695947        2.28027344
   2121.27915335        2.39257813
   2122.48057168        2.33398438
   2123.68163128        2.31445313
   2124.88181088        2.28027344
   2126.14557395        2.33886719
   2127.39990595        2.31445313
   2128.60137957        2.31933594
   2129.83428881        2.23632813
   2131.02061034        2.37304688
   2132.20601310        2.30468750
   2133.42316956        2.34375000
   2134.59316738        2.28515625
   2135.75717148        2.42187500
   2136.94997542        2.37792969
   2138.18719918        2.37304688
   2139.42205276        2.22656250
   2140.60634488        2.34863281
   2141.79327939        2.32421875
   2143.04021400        2.37792969
   2144.25723387        2.24609375
   2145.49625546        2.43164063
   2146.69728387        2.26074219
   2147.89862421        2.23632813
   2149.14635613        2.22167969
   2150.40099249        2.26562500
   2151.62022894        2.38281250
   2152.84412821        2.29980469
   2154.06139668        2.36816406
   2155.28217621        2.33886719
   2156.56868584        2.47558594
   2157.77058103        2.29003906
   2158.98788495        2.31933594
   2160.22226024        2.38769531
   2161.40268068        2.30468750
   2162.57860323        2.33886719
   2163.80116169        2.21679688
   2165.00296142        2.22656250
   2166.18306331        2.42187500
   2167.38498497        2.27539063
   2168.57863962        2.40722656
   2169.79864690        2.36328125
   2170.98154101        2.29003906
   2172.18238463        2.32910156
   2173.40005482        2.24121094
   2174.58834622        2.22167969
   2175.80797682        2.30468750
   2177.00925242        2.36328125
   2178.29117483        2.31933594
   2179.45918814        2.33398438
   2180.62863489        2.37792969
   2181.81446207        2.33398438
   2183.01549710        2.37304688
   2184.19579040        2.29980469
   2185.41881156        2.37304688
   2186.62069304        2.31933594
   2187.82143080        2.29980469
   2189.03800263        2.18750000
   2190.27057064        2.17285156
   2191.48677099        2.46582031
   2192.72468382        2.32910156
   2193.90375777        2.36328125
   2195.10587935        2.27539063
   2196.27409021        2.43164063
   2197.44523744        2.28027344
   2198.64569399        2.35351563
   2199.83256423        2.35839844
   2201.03405061        2.26562500
   2202.23463760        2.29980469
   2203.43614903        2.27050781
   2204.69212621        2.38769531
   2205.92516400        2.15332031
   2207.11159470        2.35351563
   2208.34348120        2.34375000
   2209.56058614        2.21191406
   2210.76306643        2.38769531
   2211.98638297        2.29980469
   2213.18963599        2.31933594
   2214.44312957        2.34863281
   2215.62925024        2.28515625
   2216.77704501        2.34375000
   2217.97843640        2.38281250
   2219.19944279        2.43164063
   2220.38605261        2.36328125
   2221.55860682        2.27539063
   2222.77581148        2.31445313
   2223.97782341        2.31445313
   2225.20067726        2.30957031
   2226.36477636        2.36328125
   2227.58871250        2.34375000
   2228.80672675        2.34863281
   2230.05344868        2.33886719
   2231.26999546        2.30468750
   2232.51919769        2.38281250
   2233.70586895        2.26074219
   2234.87696561        2.31933594
   2236.07854273        2.31933594
   2237.28003053        2.28515625
   2238.46340861        2.34375000
   2239.64918710        2.42675781
   2240.93529217        2.24121094
   2242.15379086        2.31933594
   2243.34030616        2.32910156
   2244.54188754        2.33398438
   2245.79114269        2.37792969
   2247.00901752        2.36328125
   2248.17965953        2.32421875
   2249.36531845        2.38769531
   2250.56688470        2.31445313
   2251.79360881        2.31445313
   2253.05375636        2.39257813
   2254.27101395        2.29003906
   2255.47296208        2.35351563
   2256.67601943        2.44140625
   2257.89296463        2.32910156
   2259.12692686        2.38281250
   2260.34362724        2.31933594
   2261.51396251        2.29980469
   2262.70015124        2.35839844
   2263.91838290        2.30468750
   2265.12106169        2.42187500
   2266.32015426        2.29003906
   2267.49106329        2.32910156
   2268.72861268        2.30468750
   2270.01284099        2.38281250
   2271.38699879        2.30957031
   2272.70079211        2.30957031
   2273.88546704        2.29492188
   2275.11647258        2.44140625
   2276.30452105        2.29492188
   2277.48945072        2.35351563
   2278.77661115        2.33886719
   2279.99427803        2.37792969
   2281.22050305        2.47558594
   2282.42225882        2.32421875
   2283.62407509        2.35351563
   2284.80948258        2.25585938
   2286.00998355        2.36816406
   2287.21132248        2.34375000
   2288.41402726        2.30957031
   2289.63144318        2.33886719
   2290.86348517        2.51464844
   2292.08126595        2.39257813
   2293.27612057        2.34375000
   2294.46715835        2.29003906
   2295.66870333        2.41699219
   2296.85494404        2.40234375
   2298.02594287        2.21191406
   2299.24391601        2.28515625
   2300.47772605        2.33886719
   2301.69446660        2.40234375
   2302.93332609        2.37304688
   2304.18220788        2.38281250
   2305.43632626        2.34375000
   2306.97931310        2.49511719
   2308.79357194        2.35839844
   2310.02982447        2.37792969
   2311.22949080        2.32910156
   2312.43073142        2.21679688
   2313.63295083        2.37304688
   2314.86558926        2.33398438
   2316.11888623        2.38769531
   2317.36755109        2.52441406
   2318.60081196        2.39746094
   2319.80153081        2.27050781
   2321.04063652        2.36816406
   2322.25799762        2.50000000
   2323.52660453        2.25097656
   2324.74373736        2.34375000
   2325.94787890        2.42187500
   2327.16843772        2.34863281
   2328.35426773        2.40234375
   2329.63377885        2.54394531
   2330.93356712        2.44140625
   2332.23392158        2.38769531
   2333.54495151        2.35351563
   2335.38851069        2.38281250
   2336.53976927        2.45605469
   2337.77388935        2.26562500
   2339.00631936        2.43652344
   2340.22392385        2.47070313
   2341.40977371        2.41210938
   2342.62776906        2.32421875
   2343.81476691        2.33398438
   2345.03293429        2.29980469
   2346.21907244        2.33886719
   2347.40738652        2.35351563
   2348.57658610        2.40234375
   2349.77847231        2.41210938
   2350.94317494        2.39257813
   2352.19683489        2.42675781
   2353.40225438        2.47558594
   2354.60316511        2.42187500
   2355.76672590        2.29980469
   2356.93863546        2.36328125
   2358.13995406        2.35839844
   2359.37261612        2.29980469
   2360.54727537        2.37792969
   2361.81271575        2.37304688
   2363.01410855        2.41699219
   2364.16118494        2.52441406
   2365.41654347        2.43652344
   2366.63314886        2.35839844
   2367.81827278        2.39746094
   2369.03602898        2.25097656
   2370.23749078        2.28515625
   2371.42151351        2.38281250
   2372.62366155        2.39257813
   2373.82575241        2.31933594
   2374.97296680        2.40234375
   2376.24277795        2.41210938
   2377.44911621        2.39746094
   2378.62854935        2.37792969
   2379.85136161        2.36816406
   2381.06836730        2.35839844
   2382.30210267        2.42187500
   2383.47285101        2.34863281
   2384.67414409        2.41210938
   2385.86033565        2.41699219
   2387.04087094        2.30957031
   2388.22630820        2.36328125
   2389.42743067        2.44140625
   2390.61405231        2.54394531
   2391.83176692        2.45605469
   2393.11653024        2.45605469
   2394.33281850        2.49023438
   2395.53375097        2.41699219
   2396.71949969        2.40234375
   2397.87305187        2.45605469
   2399.07495463        2.37792969
   2400.32109619        2.36328125
   2401.49706600        2.32910156
   2402.67717309        2.44140625
   2403.88359548        2.32910156
   2405.12358688        2.32421875
   2406.32594996        2.57324219
   2407.57271962        2.33398438
   2408.77876912        2.40722656
   2409.98009528        2.38281250
   2411.19872866        2.46582031
   2412.41547678        2.42187500
   2413.60507874        2.38281250
   2414.83818600        2.45605469
   2416.05583729        2.42675781
   2417.27398435        2.50000000
   2418.49544114        2.42675781
   2419.71580146        2.40234375
   2420.91730486        2.62695313
   2422.13354254        2.39746094
   2423.37040333        2.41699219
   2424.56681097        2.37792969
   2425.78453126        2.43164063
   2426.95401913        2.45605469
   2428.12432652        2.34375000
   2429.32588663        2.47558594
   2430.55749145        2.50000000
   2431.72740231        2.49511719
   2432.93000359        2.38281250
   2434.13017184        2.46093750
   2435.33131699        2.34375000
   2436.52704359        2.36328125
   2437.79632257        2.35351563
   2438.96765885        2.35839844
   2440.16928181        2.39746094
   2441.43827627        2.39746094
   2442.59350436        2.31933594
   2443.79300433        2.40234375
   2444.95779298        2.47070313
   2446.11661436        2.45605469
   2447.29440375        2.45117188
   2448.53276982        2.43652344
   2449.69978307        2.36816406
   2450.95518508        2.26074219
   2452.14130385        2.52441406
   2453.44657637        2.41699219
   2454.74486360        2.36328125
   2456.02588616        2.50976563
   2457.25904872        2.36328125
   2458.47534028        2.39746094
   2459.69269382        2.42187500
   2460.89425156        2.46093750
   2462.09681031        2.31933594
   2463.26657655        2.51464844
   2464.48211713        2.42675781
   2465.66755629        2.50000000
   2466.85325255        2.41210938
   2468.05567282        2.42675781
   2469.30468363        2.44628906
   2470.52524198        2.47558594
   2471.74487116        2.36816406
   2472.99395429        2.36816406
   2474.21077897        2.30468750
   2475.41416763        2.32910156
   2476.61566582        2.36328125
   2477.81575184        2.34375000
   2479.01701845        2.35839844
   2480.21935932        2.44140625
   2481.44353980        2.39257813
   2482.63125130        2.37792969
   2483.79569494        2.32421875
   2484.96473146        2.43164063
   2486.13527847        2.41699219
   2487.31349084        2.34375000
   2488.49978874        2.46093750
   2489.64114600        2.43164063
   2490.86930733        2.37792969
   2492.09264278        2.53417969
   2493.29329310        2.42675781
   2494.45781188        2.50976563
   2495.66019765        2.45605469
   2496.91404664        2.43164063
   2498.14614156        2.56347656
   2499.36399040        2.44628906
   2500.60242027        2.46093750
   2501.82485302        2.49023438
   2503.01134422        2.45117188
   2504.18096111        2.38769531
   2505.36736063        2.41699219
   2506.56874634        2.43164063
   2507.81741781        2.48046875
   2509.03394002        2.36816406
   2510.21911781        2.38281250
   2511.42147239        2.47070313
   2512.63931414        2.36816406
   2513.93985718        2.56835938
   2515.12604874        2.50976563
   2516.32693915        2.36816406
   2517.54314753        2.42675781
   2518.78177354        2.50000000
   2519.96137966        2.53906250
   2521.18478553        2.42187500
   2522.38676626        2.37792969
   2523.58776254        2.48046875
   2524.87169972        2.45605469
   2526.05440762        2.40722656
   2527.24155245        2.35351563
   2528.42588143        2.44628906
   2529.66028083        2.38281250
   2530.86218642        2.38281250
   2532.07963590        2.59765625
   2533.30302664        2.33398438
   2534.52128760        2.47070313
   2535.75442369        2.41210938
   2536.97233444        2.51464844
   2538.21217224        2.44628906
   2539.46112587        2.48535156
   2540.71459062        2.48046875
   2541.90710768        2.36816406
   2543.12382129        2.41210938
   2544.29980008        2.27050781
   2545.49508951        2.49511719
   2546.68054568        2.34863281
   2547.86521447        2.49023438
   2549.11290858        2.48535156
   2550.29850417        2.39257813
   2551.51688990        2.41210938
   2552.70129639        2.54394531
   2553.90186022        2.29492188
   2555.10359519        2.42675781
   2556.32168223        2.37792969
   2557.52262983        2.50976563
   2558.75594032        2.50976563
   2559.95751980        2.36816406
   2561.13095497        2.48535156
   2562.33293523        2.29003906
   2563.51243643        2.44628906
   2564.73585080        2.45117188
   2565.96587330        2.40234375
   2567.16713755        2.33886719
   2568.38488194        2.43652344
   2569.58522837        2.44628906
   2570.78693404        2.56835938
   2571.97556383        2.45117188
   2573.21280602        2.45605469
   2574.43044313        2.41699219
   2575.63051071        2.48535156
   2576.86437652        2.41210938
   2578.06754495        2.48046875
   2579.29880428        2.51464844
   2580.50038991        2.42675781
   2581.68390268        2.42675781
   2582.88647182        2.39746094
   2584.08868650        2.37304688
   2585.30609297        2.37792969
   2586.50820037        2.34375000
   2587.71017213        2.37304688
   2588.91129554        2.41699219
   2590.09812608        2.42187500
   2591.30067679        2.47558594
   2592.46529718        2.46093750
   2593.63520190        2.44140625
   2594.88448211        2.44628906
   2596.06888718        2.61230469
   2597.28548973        2.46093750
   2598.48520616        2.49511719
   2599.65382536        2.47070313
   2600.88602047        2.56835938
   2602.04111481        2.45605469
   2603.33558378        2.48535156
   2604.60713037        2.44628906
   2605.77679594        2.42675781
   2606.99328128        2.59277344
   2608.19553614        2.35351563
   2609.42892650        2.54882813
   2610.66194208        2.40722656
   2611.86136596        2.50000000
   2613.03244513        2.56347656
   2614.21758370        2.47070313
   2615.38782351        2.45117188
   2616.58952067        2.47558594
   2617.75453098        2.48046875
   2618.95636615        2.42187500
   2620.17478023        2.43164063
   2621.41315150        2.38281250
   2622.61589126        2.52929688
   2623.80015407        2.39257813
   2625.00165794        2.44628906
   2626.21872601        2.49511719
   2627.41014566        2.46582031
   2628.59514292        2.50488281
   2629.84311823        2.54394531
   2630.99893567        2.50000000
   2632.18261527        2.32910156
   2633.38028905        2.44628906
   2634.64983080        2.50488281
   2635.86550797        2.37792969
   2637.10579995        2.56347656
   2638.30915742        2.42187500
   2639.51267038        2.48046875
   2640.69098956        2.44628906
   2641.86218831        2.49023438
   2643.07997145        2.48535156
   2644.33519623        2.46582031
   2645.53584041        2.55859375
   2646.76811303        2.49511719
   2647.98540182        2.42187500
   2649.18752150        2.37792969
   2650.37360200        2.45117188
   2651.60575742        2.35839844
   2652.79130196        2.47558594
   2653.99250714        2.45117188
   2655.19512827        2.43652344
   2656.43219133        2.45117188
   2657.61099873        2.53906250
   2658.78163885        2.38281250
   2659.99982324        2.58789063
   2661.20069097        2.39746094
   2662.38641936        2.56835938
   2663.58733009        2.35351563
   2664.80428143        2.40722656
   2665.96321058        2.50976563
   2667.16575420        2.50976563
   2668.38685228        2.50488281
   2669.58841569        2.47558594
   2670.75675984        2.37792969
   2672.03799412        2.46093750
   2673.23969034        2.43652344
   2674.49435034        2.49511719
   2675.69598938        2.47558594
   2676.91086640        2.41699219
   2678.07533887        2.39746094
   2679.27602747        2.46582031
   2680.50134034        2.48046875
   2681.68138883        2.39257813
   2682.92543008        2.41699219
   2684.12652797        2.50976563
   2685.32784468        2.36816406
   2686.50753398        2.47558594
   2687.73078294        2.41699219
   2688.90933040        2.58789063
   2690.09710759        2.36328125
   2691.29783683        2.41210938
   2692.50001371        2.57812500
   2693.67113022        2.38769531
   2694.88898614        2.50000000
   2696.14329971        2.53906250
   2697.34571053        2.42675781
   2698.64756933        2.36816406
   2699.82763909        2.43652344
