      0.34239276       3.20150389
      1.65026845       3.18203021
      2.88252264       3.16417552
      4.19896166       3.14788230
      5.41733038       3.13309302
      6.70369775       3.11975014
      7.89304592       3.10779614
      9.06204936       3.09717348
     10.29690153       3.08782464
     11.58434079       3.07969207
     12.80042252       3.07271826
     14.01541864       3.06684566
     15.27010227       3.06201676
     16.47318752       3.05817401
     17.67456756       3.05525988
     18.90706940       3.05321686
     20.14068095       3.05198739
     21.38037176       3.05151396
     22.61213112       3.05173903
     23.81517619       3.05260507
     25.01792398       3.05400135
     26.26824678       3.05589762
     27.46979649       3.05823546
     28.67218179       3.06095657
     29.88033348       3.06400316
     31.12456661       3.06731985
     32.36992930       3.07085258
     33.58336153       3.07454928
     34.85404418       3.07836086
     36.07090998       3.08223974
     37.31201722       3.08614164
     38.51694378       3.09002526
     39.71631803       3.09385265
     40.96348139       3.09758885
     42.22354718       3.10120123
     43.45432964       3.10466160
     44.68729039       3.10794515
     45.92428210       3.11103045
     47.24573038       3.11389934
     48.42960518       3.11653733
     49.71650803       3.11893042
     50.96552546       3.12106868
     52.16824016       3.12294424
     53.36725098       3.12455310
     54.62311662       3.12589377
     55.84373594       3.12696699
     57.07165198       3.12777629
     58.24343347       3.12832815
     59.38810613       3.12863158
     60.62857724       3.12869760
     61.85006853       3.12853983
     63.01074730       3.12817240
     64.28222158       3.12760971
     65.61653827       3.12686738
     66.83836371       3.12596209
     68.01837722       3.12491162
     69.21937397       3.12373335
     70.46002845       3.12244312
     71.74563869       3.12105661
     72.94704237       3.11958817
     74.21770705       3.11805020
     75.41799062       3.11645287
     76.63357894       3.11480646
     77.85396242       3.11312108
     79.08366448       3.11140361
     80.30394399       3.10966021
     81.51501503       3.10789687
     82.75659206       3.10611757
     83.96055353       3.10432622
     85.19287861       3.10252490
     86.34962380       3.10071404
     87.53374199       3.09889210
     88.76356835       3.09705667
     89.99988232       3.09520615
     91.25318733       3.09333610
     92.43732490       3.09144152
     93.61722829       3.08951672
     94.87268985       3.08755527
     96.10950905       3.08554947
     97.26068728       3.08349196
     98.48106603       3.08137582
     99.62765847       3.07919735
    100.92415071       3.07695405
    102.26962540       3.07464590
    103.47843734       3.07227531
    104.70407868       3.06984750
    105.90876987       3.06736939
    107.18105469       3.06484917
    108.49825037       3.06229681
    109.80964894       3.05972209
    111.16810594       3.05713525
    112.46494650       3.05454784
    113.64997968       3.05197188
    114.85504802       3.04941854
    116.08622275       3.04689811
    117.28615092       3.04442091
    118.48507713       3.04199713
    119.67259816       3.03963430
    120.88969081       3.03733921
    122.07699113       3.03511754
    123.31344736       3.03297545
    124.51537138       3.03091771
    125.75121132       3.02894775
    127.00012288       3.02706976
    128.32874501       3.02528733
    129.57062121       3.02360073
    130.77291671       3.02200829
    131.97163213       3.02050589
    133.23546468       3.01908740
    134.39156332       3.01774507
    135.61872932       3.01646956
    136.86548197       3.01524988
    138.15408577       3.01407174
    139.36596404       3.01292017
    140.51776944       3.01177837
    141.74321417       3.01062859
    142.92461009       3.00945433
    144.13322920       3.00824077
    145.35211118       3.00697444
    146.58062934       3.00564577
    147.78497835       3.00424642
    148.98399909       3.00277012
    150.22062121       3.00121264
    151.43940535       2.99957168
    152.70189377       2.99784551
    153.91083993       2.99603287
    155.14059020       2.99413293
    156.39935346       2.99214524
    157.72018971       2.99007090
    158.97274467       2.98791306
    160.15585430       2.98567581
    161.38830368       2.98336364
    162.54321370       2.98098324
    163.74018659       2.97854242
    164.94094183       2.97604853
    166.12472257       2.97350996
    167.37890429       2.97093873
    168.59720164       2.96834892
    169.76506749       2.96575579
    171.05132238       2.96317470
    172.28641464       2.96062056
    173.53120687       2.95810775
    174.80280923       2.95564927
    175.97484026       2.95325550
    177.17327542       2.95093574
    178.42245354       2.94869705
    179.63836465       2.94654488
    180.85586375       2.94448305
    182.04101745       2.94251272
    183.24262482       2.94063361
    184.52678555       2.93884222
    185.71385665       2.93713376
    186.93068227       2.93550268
    188.14674462       2.93394310
    189.36779071       2.93244886
    190.58104051       2.93101305
    191.78524633       2.92963046
    192.95305736       2.92829620
    194.15470395       2.92700458
    195.38043178       2.92574983
    196.66798306       2.92452594
    197.86941178       2.92332569
    199.05453381       2.92214047
    200.28021627       2.92096056
    201.44200853       2.91977712
    202.64639204       2.91858312
    203.88069408       2.91737311
    205.06489688       2.91614284
    206.35691296       2.91488840
    207.60224068       2.91360803
    208.82406233       2.91230211
    210.06190899       2.91097189
    211.25781802       2.90961978
    212.49326947       2.90825158
    213.66299459       2.90687478
    214.80641341       2.90549579
    216.11816313       2.90411998
    217.32192374       2.90275279
    218.57442152       2.90139876
    219.78199614       2.90006202
    220.99630319       2.89874516
    222.19103730       2.89744799
    223.44670255       2.89616931
    224.79347695       2.89490698
    226.04575921       2.89365810
    227.26921281       2.89241894
    228.54694028       2.89118383
    229.73555022       2.88994601
    230.96522629       2.88869637
    232.16649196       2.88742565
    233.45497476       2.88612463
    234.64225618       2.88478312
    235.85231015       2.88339113
    237.03660226       2.88194000
    238.24280536       2.88042178
    239.43351986       2.87882696
    240.58836040       2.87714667
    241.84691381       2.87537161
    243.14037611       2.87349322
    244.36020474       2.87150292
    245.56816360       2.86939343
    246.86793249       2.86715965
    248.15718755       2.86480077
    249.47841276       2.86231868
    250.72486058       2.85971829
    251.87859425       2.85700691
    253.14169660       2.85419385
    254.33975414       2.85129221
    255.52368707       2.84831610
    256.74481634       2.84528222
    257.99572377       2.84220983
    259.25774666       2.83912092
    260.50799431       2.83603750
    261.72392952       2.83298150
    262.90677496       2.82997593
    264.23209398       2.82704453
    265.43197157       2.82421045
    266.64650642       2.82149568
    267.90086631       2.81891987
    269.14132654       2.81650167
    270.46696977       2.81425892
    271.73498261       2.81220741
    273.08010757       2.81036012
    274.38578984       2.80872738
    275.63441452       2.80731490
    276.83776159       2.80612401
    278.15559389       2.80515163
    279.39510038       2.80439125
    280.58943229       2.80383221
    281.86842165       2.80345952
    283.20099675       2.80325485
    284.40992542       2.80319572
    285.65800943       2.80325500
    286.96096092       2.80340157
    288.70769278       2.80360209
    290.01263777       2.80382075
    291.31326588       2.80402067
    292.58314602       2.80416278
    293.86203565       2.80420871
    295.13387621       2.80412115
    296.41882196       2.80386480
    298.23702289       2.80340513
    299.61859274       2.80270986
    300.96094060       2.80174825
    302.21212829       2.80049287
    303.79244664       2.79892073
    305.09228028       2.79701276
    306.36613419       2.79475614
    307.64888841       2.79214305
    308.92764287       2.78917094
    310.43204671       2.78584133
    311.71366902       2.78216157
    313.31570363       2.77814487
    314.77871382       2.77380992
    316.04190833       2.76917907
    317.98859009       2.76427811
    319.81686816       2.75913656
    321.14195087       2.75378772
    322.39254636       2.74826760
    323.61695559       2.74261453
    324.87937974       2.73686839
    326.16966794       2.73106870
    327.40927935       2.72525297
    328.68021721       2.71945712
    329.92919258       2.71371585
    331.16006295       2.70806294
    332.47067792       2.70252949
    333.76287171       2.69714449
    334.97768872       2.69193396
    336.21298703       2.68692022
    337.46755723       2.68212221
    338.68029378       2.67755548
    339.95867346       2.67323324
    341.21311275       2.66916510
    342.46504102       2.66535591
    343.69501011       2.66180654
    344.95560192       2.65851538
    346.16586905       2.65547743
    347.43788117       2.65268429
    348.68680644       2.65012439
    349.91601556       2.64778503
    351.15326625       2.64565224
    352.40054682       2.64371186
    353.66919249       2.64194820
    354.92352827       2.64034584
    356.13902868       2.63888985
    357.37572499       2.63756611
    358.67116330       2.63636146
    359.94180625       2.63526284
    361.13450621       2.63425879
    362.42364028       2.63333892
    363.62251593       2.63249321
    364.88222914       2.63171170
    366.10164045       2.63098571
    367.40636473       2.63030744
    368.63808770       2.62967005
    369.84446471       2.62906880
    371.12197903       2.62849849
    372.36945904       2.62795427
    373.60285602       2.62743080
    374.85352903       2.62692424
    376.06473288       2.62643273
    377.29329121       2.62595601
    378.58542356       2.62549486
    379.86055542       2.62504947
    381.11262501       2.62462063
    382.38898803       2.62420914
    383.62148090       2.62381491
    384.86720892       2.62343672
    386.08798561       2.62307225
    387.30254882       2.62271783
    388.53489328       2.62236660
    389.77444184       2.62200893
    391.04818043       2.62163496
    392.26021183       2.62123356
    393.50859548       2.62079291
    394.72144923       2.62030059
    395.93205428       2.61974439
    397.17024879       2.61911230
    398.41888765       2.61839130
    399.63256943       2.61756781
    400.87082160       2.61662795
    402.13715570       2.61556026
    403.39405874       2.61435412
    404.65677023       2.61299934
    405.86465064       2.61148548
    407.09354548       2.60980208
    408.37174225       2.60794019
    409.57161370       2.60589187
    410.80485850       2.60364954
    412.05874152       2.60120745
    413.29563302       2.59856143
    414.61529813       2.59570959
    415.82344840       2.59265337
    417.07588946       2.58939751
    418.28623551       2.58594881
    419.53794922       2.58231932
    420.73148997       2.57852411
    421.99141397       2.57458193
    423.22201212       2.57051276
    424.43946443       2.56633670
    425.65392792       2.56207487
    426.92378065       2.55774919
    428.15586423       2.55338249
    429.40589306       2.54899720
    430.61653449       2.54461307
    431.91021419       2.54024862
    433.12542157       2.53592190
    434.34502382       2.53164970
    435.58143515       2.52744684
    436.81958476       2.52332804
    438.10760251       2.51930840
    439.39304261       2.51540133
    440.63739673       2.51161987
    441.84869841       2.50797527
    443.06148647       2.50447696
    444.27718680       2.50113312
    445.49309885       2.49795015
    446.73066951       2.49493338
    447.94693130       2.49208650
    449.18024085       2.48941121
    450.37292238       2.48690571
    451.63492353       2.48456531
    452.86257207       2.48238376
    454.08988175       2.48035360
    455.30074295       2.47846610
    456.54124761       2.47671096
    457.75508252       2.47507726
    458.99254022       2.47355494
    460.21058661       2.47213368
    461.53723604       2.47080453
    462.77798127       2.46955933
    463.99423219       2.46839106
    465.22893359       2.46729344
    466.44782644       2.46626095
    467.63735325       2.46528697
    468.85430223       2.46436387
    470.10546959       2.46348324
    471.39334934       2.46263631
    472.60761716       2.46181579
    473.84288618       2.46101506
    475.05546392       2.46022667
    476.32910515       2.45944260
    477.54139743       2.45865448
    478.74859113       2.45785619
    479.96892877       2.45704359
    481.18289837       2.45621266
    482.41972891       2.45536055
    483.71407736       2.45448689
    484.92834329       2.45359213
    486.13945072       2.45267673
    487.39458854       2.45174207
    488.64735760       2.45078916
    489.87196486       2.44981930
    491.08048897       2.44883362
    492.31800669       2.44783180
    493.53420279       2.44681218
    494.79298259       2.44577114
    496.01073029       2.44470316
    497.27923512       2.44360239
    498.52288315       2.44246257
    499.75789648       2.44127720
    501.03693168       2.44003871
    502.29345804       2.43873884
    503.49979630       2.43736988
    504.71994726       2.43592532
    505.92650103       2.43439881
    507.13298958       2.43278417
    508.38978250       2.43107644
    509.62008242       2.42927097
    510.85460423       2.42736376
    512.10783126       2.42535077
    513.32389833       2.42322846
    514.56947180       2.42099386
    515.80486890       2.41864417
    517.06140377       2.41617848
    518.27291009       2.41359640
    519.51495926       2.41089963
    520.72354245       2.40809103
    521.91583880       2.40517327
    523.18815387       2.40215104
    524.42102104       2.39903043
    525.71521731       2.39581971
    526.96929315       2.39252802
    528.18629317       2.38916481
    529.45808552       2.38574162
    530.66698679       2.38227078
    531.89746488       2.37876444
    533.10943154       2.37523506
    534.34871212       2.37169534
    535.59432813       2.36815801
    536.86039615       2.36463507
    538.06794762       2.36113804
    539.34151842       2.35767744
    540.61502212       2.35426211
    541.89899522       2.35090042
    543.19148959       2.34759999
    544.40153222       2.34436906
    545.61256924       2.34121494
    546.82228293       2.33814405
    548.07169783       2.33516341
    549.32163781       2.33228128
    550.50930346       2.32950649
    551.70201240       2.32684779
    552.91296293       2.32431230
    554.17123986       2.32190737
    555.40375399       2.31963877
    556.68299147       2.31751082
    557.91129223       2.31552691
    559.10359472       2.31368940
    560.32778560       2.31199964
    561.58588625       2.31045767
    562.84100611       2.30906200
    564.05163005       2.30781070
    565.29992627       2.30669944
    566.55192780       2.30572317
    567.80507968       2.30487528
    569.03555542       2.30414713
    570.31051477       2.30352980
    571.57179471       2.30301334
    572.86865229       2.30258790
    574.16232537       2.30224317
    575.43476190       2.30196838
    576.69053302       2.30175319
    577.92070959       2.30158616
    579.17683990       2.30145587
    580.40948022       2.30135020
    581.66946424       2.30125678
    582.91721648       2.30116350
    584.17482891       2.30105707
    585.41827750       2.30092457
    586.65015076       2.30075117
    587.86985510       2.30052168
    589.12500992       2.30022303
    590.36994678       2.29984199
    591.60401677       2.29936664
    592.81286037       2.29878511
    594.00546817       2.29808588
    595.23065958       2.29726007
    596.41891459       2.29629884
    597.64966161       2.29519230
    598.92212602       2.29392963
    600.17340350       2.29249912
    601.40247698       2.29088988
    602.68261055       2.28908982
    603.93171730       2.28708854
    605.19044889       2.28487651
    606.39573180       2.28244542
    607.64595866       2.27978835
    608.86286368       2.27689979
    610.14137049       2.27377582
    611.42053566       2.27041387
    612.74689349       2.26681244
    613.96512562       2.26297386
    615.19936528       2.25890326
    616.43132928       2.25460868
    617.70307768       2.25010196
    618.91276112       2.24539842
    620.16171191       2.24051687
    621.37919684       2.23547780
    622.60298977       2.23030303
    623.81384152       2.22501670
    625.03417680       2.21964381
    626.26527686       2.21421143
    627.48021816       2.20874756
    628.69360030       2.20328286
    629.95032752       2.19784924
    631.19179963       2.19247813
    632.44255912       2.18720130
    633.73608191       2.18204910
    635.05250250       2.17705245
    636.28940299       2.17224173
    637.56666352       2.16764387
    638.82131926       2.16328371
    640.03518111       2.15918315
    641.31207961       2.15536122
    642.62720050       2.15183452
    643.83684566       2.14861433
    645.04872772       2.14570734
    646.28391638       2.14311617
    647.54086007       2.14083984
    648.76948220       2.13887458
    650.01608929       2.13721282
    651.24879057       2.13584506
    652.58816426       2.13475834
    653.83549114       2.13393741
    655.07414315       2.13336470
    656.34986861       2.13301910
    657.64626822       2.13287755
    658.90460470       2.13291481
    660.13750071       2.13310542
    661.35698102       2.13342400
    662.59087047       2.13384301
    663.83223765       2.13433426
    665.04054909       2.13486981
    666.25099580       2.13542151
    667.51991370       2.13596086
    668.82929987       2.13645886
    670.12284392       2.13688781
    671.33581772       2.13722310
    672.55170047       2.13744294
    673.83740713       2.13753001
    675.08722328       2.13747078
    676.35673809       2.13725618
    677.57171910       2.13687926
    678.82949364       2.13633558
    680.02407509       2.13562383
    681.28073993       2.13474546
    682.47643486       2.13370583
    683.72634459       2.13251213
    684.96567197       2.13117288
    686.17860181       2.12969965
    687.43561780       2.12810637
    688.70386080       2.12640832
    689.91822268       2.12462208
    691.13584230       2.12276423
    692.38949893       2.12085173
    693.67159858       2.11890146
    694.88562915       2.11692975
    696.10557026       2.11495338
    697.34383188       2.11298746
    698.56116840       2.11104620
    699.79507534       2.10914139
    700.99589911       2.10728174
    702.22893453       2.10547239
    703.48289270       2.10371412
    704.73089400       2.10200576
    705.95805575       2.10034288
    707.18752954       2.09871828
    708.43542923       2.09712113
    709.65818147       2.09553692
    710.88707913       2.09395057
    712.16066837       2.09234595
    713.39071119       2.09070510
    714.64831890       2.08900946
    715.88545192       2.08724168
    717.09804289       2.08538666
    718.30675275       2.08343201
    719.55649564       2.08136784
    720.77217328       2.07918745
    722.01416243       2.07688610
    723.20619128       2.07446181
    724.44521145       2.07191436
    725.67596414       2.06924690
    726.95465433       2.06646618
    728.18596234       2.06358205
    729.41152050       2.06060804
    730.60364387       2.05755994
    731.89622474       2.05445672
    733.15197979       2.05132095
    734.37237367       2.04817721
    735.63812125       2.04505107
    736.89385220       2.04196959
    738.16971804       2.03895968
    739.36216657       2.03604813
    740.53365172       2.03326150
    741.75040740       2.03062563
    742.99131520       2.02816598
    744.20081999       2.02590465
    745.43697421       2.02386080
    746.67079182       2.02204929
    747.91612710       2.02048026
    749.12705305       2.01916100
    750.36283816       2.01809533
    751.54725741       2.01728496
    752.77912783       2.01672670
    753.98521324       2.01641378
    755.26030210       2.01633547
    756.59081328       2.01647732
    757.95511040       2.01682328
    759.14941774       2.01735339
    760.36380466       2.01804420
    761.63565325       2.01887068
    762.86547772       2.01980614
    764.05119194       2.02082139
    765.30031145       2.02188503
    766.57828988       2.02296449
    767.88189973       2.02402664
    769.09503327       2.02503642
    770.32725155       2.02595890
    771.53707535       2.02675954
    772.80968344       2.02740574
    774.02161890       2.02786752
    775.27070202       2.02811738
    776.52454582       2.02813159
    777.75436840       2.02788880
    778.95772634       2.02737065
    780.20137484       2.02656278
    781.41836163       2.02545429
    782.68021249       2.02403803
    783.88671475       2.02231081
    785.13082642       2.02027296
    786.35085496       2.01792936
    787.60358858       2.01528887
    788.83398444       2.01236358
    790.06966274       2.00916930
    791.30633070       2.00572425
    792.61575515       2.00204948
    793.83341730       1.99816901
    795.08904427       1.99410999
    796.29832363       1.98990336
    797.49738690       1.98558167
    798.73125177       1.98117808
    799.95072499       1.97672421
    801.22009755       1.97225226
    802.42033527       1.96779274
    803.64861996       1.96337452
    804.89765157       1.95902553
    806.12614468       1.95476937
    807.31723964       1.95062622
    808.53630924       1.94661331
    809.79409182       1.94274356
    811.00949203       1.93902652
    812.24685521       1.93546874
    813.47550286       1.93207444
    814.68885287       1.92884471
    815.95992684       1.92577793
    817.17494518       1.92287218
    818.39997542       1.92012532
    819.65412453       1.91753464
    820.87051723       1.91509730
    822.12872186       1.91280859
    823.38493676       1.91066223
    824.59575685       1.90864996
    825.80719086       1.90676429
    827.05818147       1.90499831
    828.25435091       1.90334451
    829.51221761       1.90179561
    830.67990340       1.90034460
    831.91282209       1.89898574
    833.16735212       1.89771387
    834.37982778       1.89652455
    835.56849727       1.89541473
    836.84307900       1.89438312
    838.06556988       1.89343000
    839.28194983       1.89255716
    840.49149337       1.89176849
    841.68162183       1.89106903
    842.89433285       1.89046414
    844.17560826       1.88995779
    845.40959932       1.88955253
    846.60281254       1.88924980
    847.92119638       1.88905087
    849.20050239       1.88895414
    850.45379417       1.88895726
    851.74535938       1.88905684
    853.02258540       1.88924627
    854.25439486       1.88951804
    855.46619515       1.88986356
    856.72083672       1.89027313
    857.90988052       1.89073674
    859.14144942       1.89124311
    860.31604581       1.89178065
    861.55563312       1.89233767
    862.78429542       1.89290283
    864.01113910       1.89346434
    865.24028348       1.89400969
    866.44887990       1.89452470
    867.67871997       1.89499390
    868.86598626       1.89539876
    870.09630697       1.89571927
    871.33844736       1.89593627
    872.57276358       1.89603154
    873.78879946       1.89598618
    874.99725126       1.89578258
    876.23757964       1.89540509
    877.50561421       1.89483928
    878.75522856       1.89407268
    879.98888359       1.89309507
    881.24305395       1.89190034
    882.51599854       1.89048603
    883.73957266       1.88885304
    885.01191183       1.88700633
    886.25615583       1.88495350
    887.46996238       1.88270471
    888.67858905       1.88027129
    889.94903492       1.87766581
    891.18788825       1.87490254
    892.40818666       1.87199818
    893.63994745       1.86897173
    894.85263295       1.86584417
    896.11009509       1.86263846
    897.32200928       1.85938042
    898.57676002       1.85609604
    899.82979989       1.85281129
    901.02461624       1.84955278
    902.25611330       1.84634697
    903.47360956       1.84322007
    904.70202847       1.84019735
    905.95262822       1.83730316
    907.20355030       1.83456017
    908.44196268       1.83198837
    909.63798845       1.82960445
    910.86393226       1.82742141
    912.13392678       1.82544903
    913.37056544       1.82369257
    914.58214596       1.82215310
    915.78989404       1.82082728
    917.04159877       1.81970966
    918.23087699       1.81879443
    919.44150613       1.81807203
    920.68030276       1.81753064
    921.90862194       1.81715710
    923.14397036       1.81693506
    924.33689860       1.81684665
    925.56806577       1.81687290
    926.76547016       1.81699450
    927.97249797       1.81719137
    929.90673715       1.81744192
    931.14343063       1.81772411
    932.34335265       1.81801575
    933.51669518       1.81829331
    934.74904626       1.81853376
    935.97836739       1.81871477
    937.23189264       1.81881676
    938.48344755       1.81882326
    939.73409456       1.81872019
    940.94374208       1.81849628
    942.18983402       1.81814354
    943.38047195       1.81765834
    944.60008224       1.81703849
    945.83654839       1.81628419
    947.07147712       1.81539809
    948.27202204       1.81438522
    949.51756669       1.81325373
    950.72949411       1.81201390
    951.93817230       1.81067823
    953.12980037       1.80926042
    954.36188773       1.80777396
    955.56857100       1.80623440
    956.77799403       1.80465783
    957.99641662       1.80306042
    959.20217356       1.80145844
    960.41405420       1.79986770
    961.63293429       1.79830401
    962.86656616       1.79678233
    964.08233123       1.79531727
    965.29388718       1.79392188
    966.50728019       1.79260470
    967.67350889       1.79137286
    968.86805443       1.79022986
    970.10829111       1.78917570
    971.32254428       1.78820860
    972.58169603       1.78732306
    973.81056015       1.78651187
    975.04037375       1.78576649
    976.34672051       1.78507674
    977.64121406       1.78443192
    978.89585563       1.78381996
    980.14226941       1.78322908
    981.42275838       1.78264923
    982.65060211       1.78207125
    983.89287720       1.78148661
    985.13322778       1.78088700
    986.37266858       1.78026481
    988.23575581       1.77961497
    989.44368017       1.77893504
    990.66050532       1.77822428
    991.94478184       1.77748056
    993.21676749       1.77670428
    994.45041779       1.77589602
    995.66740363       1.77505905
    996.93810566       1.77419850
    998.15092302       1.77331949
    999.39426574       1.77242900
   1000.63585222       1.77153363
   1001.86570883       1.77064166
   1003.08325000       1.76976293
   1004.35494121       1.76890466
   1005.60570779       1.76807380
   1006.81195767       1.76727717
   1008.01923928       1.76652005
   1009.27366486       1.76580631
   1010.52519850       1.76513683
   1011.73209398       1.76451063
   1013.00561469       1.76392344
   1014.24361306       1.76336875
   1015.47620423       1.76283922
   1016.74109874       1.76232489
   1017.96063435       1.76181549
   1019.18956982       1.76130055
   1020.42915714       1.76076958
   1021.67286236       1.76021285
   1022.94637787       1.75962081
   1024.18839206       1.75898328
   1025.44904012       1.75829143
   1026.67059947       1.75753793
   1027.88191863       1.75671851
   1029.10688839       1.75582942
   1030.32964866       1.75486690
   1031.54408568       1.75382764
   1032.78242622       1.75271130
   1033.98856693       1.75151988
   1035.24541137       1.75025816
   1036.44778107       1.74893264
   1037.68929476       1.74754997
   1038.90306539       1.74611855
   1040.11762435       1.74465111
   1041.38978439       1.74316266
   1042.67404484       1.74167231
   1043.91415014       1.74020022
   1045.18990964       1.73876902
   1046.42277398       1.73740457
   1047.65022449       1.73613327
   1048.87429580       1.73498282
   1050.12631435       1.73398001
   1051.39764637       1.73315032
   1052.66672921       1.73252069
   1053.94028631       1.73211745
   1055.15061440       1.73196423
   1056.38361202       1.73208282
   1057.63306473       1.73249136
   1058.87045154       1.73320563
   1060.10307815       1.73423749
   1061.31360474       1.73559633
   1062.56873547       1.73728718
   1063.80720126       1.73931061
   1065.07924835       1.74166323
   1066.30036628       1.74433655
   1067.53459175       1.74731700
   1068.80918152       1.75058584
   1070.08978676       1.75412023
   1071.43284260       1.75789296
   1072.73545097       1.76187330
   1073.99769599       1.76602672
   1075.25184746       1.77031364
   1076.88034340       1.77468930
   1078.81904787       1.77910632
   1080.03402225       1.78351581
   1081.36252339       1.78786892
   1082.58899843       1.79211521
   1083.94945366       1.79620452
   1085.12609363       1.80008834
   1086.35880674       1.80372061
   1087.93122625       1.80706148
   1089.53136520       1.81007597
   1091.07148468       1.81273389
   1092.42722697       1.81501027
   1093.95090270       1.81688546
   1095.24764779       1.81834750
   1096.82827571       1.81939063
   1098.08167665       1.82001546
   1099.37127389       1.82022949
   1100.75218113       1.82004739
   1101.98042091       1.81949056
   1103.19136104       1.81858678
   1104.40985642       1.81736808
   1105.61834272       1.81586932
   1106.89991587       1.81412978
   1108.15616103       1.81219150
   1109.36438314       1.81009879
   1110.61409532       1.80789727
   1111.78538622       1.80563384
   1112.98578889       1.80335477
   1114.14717092       1.80110623
   1115.37071479       1.79893312
   1116.59073813       1.79687809
   1117.85155255       1.79498162
   1119.07236044       1.79328148
   1120.25396384       1.79181172
   1121.45428332       1.79060049
   1122.62725391       1.78967070
   1123.84293391       1.78904007
   1125.08358414       1.78872041
   1126.30795981       1.78871925
   1127.54564153       1.78903968
   1128.73306898       1.78968004
   1129.96878509       1.79063332
   1131.18212895       1.79188713
   1132.41719426       1.79342572
   1133.63634327       1.79523240
   1134.87212129       1.79728831
   1136.14232991       1.79957305
   1137.37512335       1.80206100
   1138.60602161       1.80472435
   1139.84446188       1.80753418
   1141.05589873       1.81046265
   1142.27977532       1.81348354
   1143.51359954       1.81657082
   1144.75030200       1.81969915
   1145.96998696       1.82284322
   1147.20412122       1.82597758
   1148.45487126       1.82907700
   1149.70656795       1.83211647
   1150.93954667       1.83507141
   1152.16115564       1.83791761
   1153.39052640       1.84063356
   1154.61037441       1.84319908
   1155.83606065       1.84559571
   1157.07942416       1.84780850
   1158.29742235       1.84982577
   1159.50137579       1.85163873
   1160.70237206       1.85324151
   1161.96907055       1.85463033
   1163.22387281       1.85580332
   1164.44664679       1.85676176
   1165.75304979       1.85750897
   1167.10997599       1.85804982
   1168.33425289       1.85839033
   1169.52870248       1.85854019
   1170.75110734       1.85851171
   1171.95151143       1.85831877
   1173.15688555       1.85797609
   1174.38222111       1.85749869
   1175.59442927       1.85690195
   1176.84198159       1.85620148
   1178.03459932       1.85541395
   1179.27613428       1.85455783
   1180.54485746       1.85365287
   1181.79847203       1.85271666
   1183.10771310       1.85176549
   1184.82763531       1.85081385
   1186.02433739       1.84987862
   1187.41917406       1.84897844
   1189.31059701       1.84813139
   1190.52027100       1.84735374
   1191.75425024       1.84665815
   1192.95600318       1.84605472
   1194.20415714       1.84555149
   1195.42464837       1.84515436
   1196.69206099       1.84486858
   1197.87053897       1.84469635
   1199.13388425       1.84463768
   1200.38510785       1.84469067
   1201.57648496       1.84485322
   1202.73441547       1.84512218
   1203.96304185       1.84549395
   1205.13088502       1.84596484
   1206.33239220       1.84653113
   1207.56432501       1.84718751
   1208.75378849       1.84792765
   1209.98585080       1.84874468
   1211.21621973       1.84963330
   1212.43472550       1.85058963
   1213.64021117       1.85160906
   1214.82163733       1.85268646
   1215.99351901       1.85381635
   1217.16402962       1.85499496
   1218.36355512       1.85621778
   1219.54990264       1.85747917
   1220.76933427       1.85877300
   1221.95192544       1.86009314
   1223.10349642       1.86143378
   1224.29662079       1.86278973
   1225.45944193       1.86415669
   1226.69657258       1.86553128
   1227.88234541       1.86691045
   1229.11875532       1.86829130
   1230.33297919       1.86967239
   1231.53622275       1.87105406
   1232.72485585       1.87243839
   1233.98851873       1.87382773
   1235.16217177       1.87522189
   1236.37930932       1.87662069
   1237.56526032       1.87802325
   1238.77834187       1.87942956
   1240.00085922       1.88084025
   1241.19703764       1.88225534
   1242.39687459       1.88367399
   1243.60015833       1.88509242
   1244.76582651       1.88650595
   1246.01812201       1.88790972
   1247.21669660       1.88929905
   1248.55934930       1.89066820
   1249.75832703       1.89201049
   1250.93077207       1.89331915
   1252.21149593       1.89458764
   1253.84460886       1.89580760
   1255.66447530       1.89697161
   1257.20146984       1.89807368
   1258.58676910       1.89910878
   1259.73162561       1.90007035
   1260.91819385       1.90094973
   1262.05139044       1.90173829
   1263.21755393       1.90242896
   1264.41782379       1.90301668
   1265.60624610       1.90349577
   1266.78257510       1.90386085
   1268.02251120       1.90410830
   1269.42345265       1.90423629
   1270.93829990       1.90424592
   1272.26427066       1.90414227
   1273.41934892       1.90393332
   1274.56927850       1.90363022
   1275.73687544       1.90324672
   1276.89287720       1.90279869
   1278.06955073       1.90230488
   1279.23469667       1.90178582
   1280.49924901       1.90126248
   1281.72141048       1.90075671
   1282.95649753       1.90028909
   1284.15806095       1.89988140
   1285.50823251       1.89955546
   1286.65571393       1.89933354
   1287.83230949       1.89923686
   1289.03424863       1.89928383
   1290.23434930       1.89948951
   1291.46898784       1.89986509
   1293.17211846       1.90041939
   1294.36581517       1.90115944
   1295.58941481       1.90208867
   1296.76331030       1.90320686
   1298.06070996       1.90451090
   1299.28911233       1.90599514
   1300.43631869       1.90765127
   1301.58696996       1.90946744
   1302.73716373       1.91143026
   1303.90703868       1.91352443
   1305.08842515       1.91573087
   1306.22979989       1.91802756
   1307.39599505       1.92039015
   1308.57280139       1.92279539
   1309.73845350       1.92522062
   1310.93516504       1.92764258
   1312.13625773       1.93003761
   1313.33779326       1.93238390
   1314.56637947       1.93466295
   1315.85808931       1.93685905
   1317.01208339       1.93895925
   1318.18744447       1.94095408
   1319.44859208       1.94283568
   1320.66788523       1.94459921
   1321.84568407       1.94624216
   1323.38836702       1.94776480
   1324.56163677       1.94917093
   1325.72271915       1.95046578
   1326.85988714       1.95165664
   1328.04069418       1.95275357
   1329.18239078       1.95376858
   1330.32528357       1.95471726
   1331.48050126       1.95561639
   1332.66378245       1.95648333
   1333.86139337       1.95733515
   1335.03204671       1.95818698
   1336.16818203       1.95905256
   1337.29168384       1.95994456
   1338.43639148       1.96087591
   1339.65244626       1.96185940
   1340.87560873       1.96290474
   1342.07073747       1.96402082
   1343.27374095       1.96521397
   1344.53042138       1.96648912
   1345.72964204       1.96784848
   1346.93383557       1.96929190
   1348.15154687       1.97081730
   1349.33773560       1.97241978
   1350.53730977       1.97409004
   1351.71922841       1.97581726
   1352.97203055       1.97758884
   1354.14118192       1.97939323
   1355.40610573       1.98121648
   1356.60662136       1.98304205
   1357.83031883       1.98485218
   1359.02737254       1.98662722
   1360.26349462       1.98834696
   1361.45229077       1.98998880
   1362.66722924       1.99152938
   1363.91697497       1.99294698
   1365.19222262       1.99422002
   1366.35983893       1.99532885
   1367.54549549       1.99625616
   1368.78352600       1.99698698
   1370.01509537       1.99750963
   1371.26069862       1.99781484
   1372.48878150       1.99789671
   1373.68869123       1.99775381
   1374.86870475       1.99738816
   1376.05462503       1.99680510
   1377.23631822       1.99601251
   1378.45339906       1.99502289
   1379.65803543       1.99385236
   1380.88030701       1.99251916
   1382.12524671       1.99104479
   1383.41382309       1.98945378
   1384.59686844       1.98777399
   1385.78460593       1.98603388
   1387.03125461       1.98426131
   1388.23933115       1.98248620
   1389.62483837       1.98073801
   1391.17230183       1.97904753
   1392.43241961       1.97744405
   1393.74799232       1.97595709
   1394.92458268       1.97461420
   1396.10622342       1.97344046
   1397.34270375       1.97245790
   1398.56477116       1.97168765
   1399.74815065       1.97114736
   1400.93162136       1.97085076
   1402.13301369       1.97080405
   1403.35158090       1.97100817
   1404.52331134       1.97145992
   1405.73569390       1.97214989
   1406.93520143       1.97306605
   1408.19835529       1.97419155
   1409.38411866       1.97550846
   1410.63854897       1.97699801
   1411.84005851       1.97863887
   1413.09383897       1.98040945
   1414.25929448       1.98228792
   1415.41739749       1.98425188
   1416.61546071       1.98628001
   1417.76943919       1.98835191
   1418.98604458       1.99044849
   1420.18765951       1.99255383
   1421.42458788       1.99465331
   1422.61113154       1.99673468
   1423.81244116       1.99878848
   1425.01673015       2.00080813
   1426.24511125       2.00278707
   1427.45043292       2.00471976
   1428.65173403       2.00660256
   1429.85227990       2.00843384
   1431.09994707       2.01021463
   1432.32282833       2.01194555
   1433.50938428       2.01363047
   1434.72943267       2.01527668
   1435.96109137       2.01689274
   1437.13468580       2.01848800
   1438.33668592       2.02007194
   1439.62583133       2.02165478
   1440.84260355       2.02324606
   1442.04984073       2.02485454
   1443.23027440       2.02648780
   1444.43489659       2.02815299
   1445.65502770       2.02985339
   1446.83599779       2.03158953
   1448.05582925       2.03335874
   1449.25779203       2.03515767
   1450.45751508       2.03697949
   1451.66158194       2.03881381
   1452.85700654       2.04065089
   1454.06570174       2.04247959
   1455.26480330       2.04429039
   1456.45045702       2.04607275
   1457.66830397       2.04781545
   1458.90157240       2.04950830
   1460.09410647       2.05114088
   1461.37868310       2.05270365
   1462.57695569       2.05418841
   1463.74158317       2.05558799
   1464.96492807       2.05689516
   1466.21577925       2.05810361
   1467.45252755       2.05920633
   1468.68401185       2.06019717
   1469.85595450       2.06107054
   1471.09050324       2.06182173
   1472.27830737       2.06244609
   1473.43924230       2.06294207
   1474.64393775       2.06330980
   1475.88823941       2.06355137
   1477.12416441       2.06367186
   1478.30922453       2.06367622
   1479.50777313       2.06357430
   1480.74495387       2.06337694
   1482.00174821       2.06309525
   1483.19903114       2.06274058
   1484.40169291       2.06232692
   1485.60960357       2.06186935
   1486.89085440       2.06138394
   1488.07750345       2.06088625
   1489.35881005       2.06039125
   1490.57773267       2.05991270
   1491.78536165       2.05946170
   1492.99570392       2.05904902
   1494.21086829       2.05868383
   1495.43192147       2.05837430
   1496.65201287       2.05812587
   1497.83065580       2.05794553
   1499.00175766       2.05784132
   1500.23225939       2.05782035
   1501.43520379       2.05788852
   1502.60479753       2.05804821
   1503.77822230       2.05830189
   1504.96199028       2.05865082
   1506.16907575       2.05909423
   1507.37950876       2.05963026
   1508.58364132       2.06025540
   1509.78795631       2.06096381
   1511.01656379       2.06174680
   1512.21798731       2.06259441
   1513.42244362       2.06349609
   1514.62250742       2.06444097
   1515.86978846       2.06541797
   1517.09568690       2.06641611
   1518.29904484       2.06742375
   1519.55254315       2.06843063
   1520.75234701       2.06942570
   1521.98803902       2.07039959
   1523.19308420       2.07134491
   1524.40810727       2.07225406
   1525.58276556       2.07312337
   1526.78486304       2.07394858
   1527.98352270       2.07472662
   1529.18644110       2.07545683
   1530.38800830       2.07614097
   1531.58715192       2.07678110
   1532.82376174       2.07737943
   1533.99435176       2.07793850
   1535.20743662       2.07846104
   1536.50187912       2.07895102
   1537.70355408       2.07941446
   1538.88731970       2.07985964
   1540.11099212       2.08029551
   1541.37672883       2.08073209
   1542.66520266       2.08117997
   1543.86442946       2.08165114
   1545.11629913       2.08215467
   1546.31442473       2.08269839
   1547.55098919       2.08328783
   1548.73954997       2.08392734
   1549.90550409       2.08462277
   1551.10137106       2.08537694
   1552.30295574       2.08619140
   1553.50489347       2.08706633
   1554.72681201       2.08800018
   1555.91109373       2.08898825
   1557.14692043       2.09002424
   1558.33452795       2.09110086
   1559.53407944       2.09221034
   1560.72963401       2.09334368
   1561.93257368       2.09449170
   1563.13617077       2.09564463
   1564.31995009       2.09679253
   1565.52492438       2.09792697
   1566.74029340       2.09903947
   1567.97411195       2.10012379
   1569.17461907       2.10117369
   1570.34274723       2.10218369
   1571.55968391       2.10315002
   1572.77498393       2.10406899
   1573.99467078       2.10493975
   1575.17552413       2.10576327
   1576.37638713       2.10654166
   1577.57964204       2.10727851
   1578.78181608       2.10797884
   1580.02106925       2.10865060
   1581.27289166       2.10930341
   1582.46937681       2.10995011
   1583.67117700       2.11060419
   1584.89289941       2.11127838
   1586.13078341       2.11198426
   1587.34467503       2.11273202
   1588.53130423       2.11353012
   1589.72026580       2.11438442
   1590.91955120       2.11529806
   1592.14892480       2.11627403
   1593.37455101       2.11731385
   1594.60633023       2.11841873
   1595.80760440       2.11958848
   1597.00999111       2.12081839
   1598.19580269       2.12210194
   1599.38140301       2.12342934
   1600.64369671       2.12478784
   1601.81407027       2.12616202
   1603.01521967       2.12753735
   1604.20275299       2.12889904
   1605.41994442       2.13023199
   1606.65220948       2.13152136
   1607.85250581       2.13275232
   1609.17101962       2.13391029
   1610.35619222       2.13498124
   1611.58107454       2.13595192
   1612.79827117       2.13680958
   1614.03475244       2.13754354
   1615.28102822       2.13814401
   1616.48560741       2.13860476
   1617.68865767       2.13892242
   1618.88762075       2.13909775
   1620.11048264       2.13913471
   1621.29636038       2.13903884
   1622.46447057       2.13881829
   1623.67728510       2.13848347
   1624.87873651       2.13804736
   1626.10180729       2.13752607
   1627.28553321       2.13693669
   1628.57278957       2.13629657
   1629.81091933       2.13562150
   1631.05749995       2.13492743
   1632.30492136       2.13423001
   1633.48859293       2.13354459
   1634.67489083       2.13288632
   1635.87769202       2.13226947
   1637.14482721       2.13170875
   1638.31583360       2.13121911
   1639.51394975       2.13081416
   1640.73241961       2.13050575
   1641.91889663       2.13030282
   1643.15367837       2.13021187
   1644.42347439       2.13023846
   1645.76324177       2.13038661
   1647.00054540       2.13066025
   1648.23260771       2.13106357
   1649.41783986       2.13160061
   1650.63170123       2.13227193
   1651.80340709       2.13307485
   1653.03454118       2.13400497
   1654.18560315       2.13505478
   1655.38770819       2.13621569
   1656.59340747       2.13747674
   1657.86129412       2.13882604
   1659.07661115       2.14025151
   1660.26378292       2.14174098
   1661.49715627       2.14328234
   1662.72140622       2.14486393
   1663.97280706       2.14647367
   1665.15763559       2.14809895
   1666.34116916       2.14972471
   1667.52692449       2.15133555
   1668.72396686       2.15291666
   1669.89704378       2.15445439
   1671.05102463       2.15593714
   1672.26960366       2.15735347
   1673.44927642       2.15869182
   1674.63275469       2.15994074
   1675.80313345       2.16109082
   1677.00272842       2.16213500
   1678.18706921       2.16306790
   1679.35454563       2.16388648
   1680.53682392       2.16459008
   1681.74139980       2.16518049
   1682.96412037       2.16566338
   1684.16357308       2.16604700
   1685.34623986       2.16634110
   1686.53532525       2.16655811
   1687.74965357       2.16671269
   1688.97070533       2.16682145
   1690.21097605       2.16690234
   1691.42200692       2.16697443
   1692.61335851       2.16705767
   1693.82611916       2.16717091
   1695.03405155       2.16733003
   1696.24024330       2.16754777
   1697.39129582       2.16783532
   1698.56115328       2.16820277
   1699.76370352       2.16865816
   1700.96573388       2.16920837
   1702.19910770       2.16985701
   1703.40274401       2.17060616
   1704.63448022       2.17145616
   1705.85890977       2.17240470
   1707.07577226       2.17344709
   1708.28012600       2.17457548
   1709.51239201       2.17577987
   1710.74210210       2.17704826
   1711.96419504       2.17836664
   1713.16123788       2.17972181
   1714.46420260       2.18110011
   1715.77043122       2.18248881
   1717.03438806       2.18387447
   1718.26532554       2.18524209
   1719.45028168       2.18657669
   1720.67427123       2.18786388
   1721.89247547       2.18909080
   1723.09890967       2.19024526
   1724.32612388       2.19131696
   1725.49552385       2.19229738
   1726.72742594       2.19318065
   1727.94470622       2.19396333
   1729.16281783       2.19464521
   1730.34785668       2.19522718
   1731.65171985       2.19571166
   1732.80668516       2.19610324
   1734.03938078       2.19640736
   1735.24051648       2.19662992
   1736.44068473       2.19677782
   1737.67120442       2.19685972
   1738.89675785       2.19688398
   1740.09821824       2.19685856
   1741.30030531       2.19679127
   1742.54505076       2.19669018
   1743.78118844       2.19656513
   1745.03435261       2.19642605
   1746.22108626       2.19628371
   1747.45330879       2.19614868
   1748.65706751       2.19603162
   1749.83519245       2.19594377
   1751.02532800       2.19589735
   1752.22984337       2.19590371
   1753.46274269       2.19597486
   1754.69233889       2.19612263
   1755.86080307       2.19635909
   1757.06594041       2.19669548
   1758.26649479       2.19714074
   1759.48458277       2.19770319
   1760.73183167       2.19838862
   1761.91689368       2.19920100
   1763.13647749       2.20014005
   1764.35069995       2.20120235
   1765.55818241       2.20238124
   1766.79122256       2.20366837
   1768.00704530       2.20505253
   1769.25845747       2.20651988
   1770.45591385       2.20805523
   1771.72666219       2.20964127
   1772.94123154       2.21125993
   1774.14613494       2.21289212
   1775.33212753       2.21451892
   1776.54827495       2.21611928
   1777.74860720       2.21767262
   1778.95891497       2.21915950
   1780.15213339       2.22056145
   1781.35378471       2.22186062
   1782.62424145       2.22304110
   1783.82534406       2.22408959
   1785.05657835       2.22499381
   1786.25949014       2.22574553
   1787.46691448       2.22633885
   1788.69467975       2.22677121
   1789.86404617       2.22704438
   1791.08237235       2.22716205
   1792.31283627       2.22713222
   1793.53976738       2.22696524
   1794.77018356       2.22667542
   1795.97388179       2.22627958
   1797.14164461       2.22579842
   1798.34687884       2.22525355
   1799.52812541       2.22466968
   1800.84769978       2.22407058
   1802.09590761       2.22347936
   1803.36640027       2.22291768
   1804.55293920       2.22240535
   1805.78345984       2.22196159
   1806.92627606       2.22160351
   1808.18725731       2.22134538
   1809.44365465       2.22119809
   1810.63080184       2.22117070
   1811.91524992       2.22126893
   1813.09895930       2.22149747
   1814.33456434       2.22185801
   1815.55750279       2.22235054
   1816.75591102       2.22297457
   1817.97723831       2.22372791
   1819.19521712       2.22460793
   1820.36277010       2.22561083
   1821.55571772       2.22673109
   1822.73121869       2.22796067
   1823.93107171       2.22929252
   1825.13278967       2.23071861
   1826.30518649       2.23222887
   1827.53913313       2.23381181
   1828.74174622       2.23545664
   1829.95792011       2.23715332
   1831.16331597       2.23889137
   1832.41269165       2.24066119
   1833.64713027       2.24245126
   1834.84612832       2.24425104
   1836.02573208       2.24604981
   1837.26727177       2.24783702
   1838.46110460       2.24960416
   1839.69750931       2.25134346
   1840.89877072       2.25304993
   1842.06968117       2.25471938
   1843.25029633       2.25634968
   1844.45054634       2.25793819
   1845.69118334       2.25948304
   1846.87783286       2.26098088
   1848.10953835       2.26242988
   1849.30797493       2.26382894
   1850.54160208       2.26517733
   1851.77072944       2.26647464
   1852.99949572       2.26772041
   1854.24761045       2.26891425
   1855.43195361       2.27005744
   1856.66533121       2.27115239
   1857.90295858       2.27220065
   1859.09382810       2.27320610
   1860.29262104       2.27417276
   1861.52269221       2.27510458
   1862.72449099       2.27600582
   1863.95788561       2.27687901
   1865.17652466       2.27772601
   1866.39900136       2.27854675
   1867.58005558       2.27933995
   1868.78115441       2.28010324
   1869.96554294       2.28083389
   1871.15200153       2.28152628
   1872.36661295       2.28217358
   1873.62582708       2.28276919
   1874.83993327       2.28330660
   1876.04294809       2.28377812
   1877.24390230       2.28417376
   1878.43405155       2.28448254
   1879.61443040       2.28469252
   1880.88012269       2.28479337
   1882.08035097       2.28477522
   1883.31947228       2.28463193
   1884.52313127       2.28435976
   1885.72566544       2.28395738
   1886.95713226       2.28342621
   1888.14604798       2.28276866
   1889.39060675       2.28198912
   1890.59446991       2.28109320
   1891.79394342       2.28008911
   1893.04964128       2.27898812
   1894.29815160       2.27780466
   1895.51154697       2.27655484
   1896.75654716       2.27525627
   1898.02869775       2.27392826
   1899.24470575       2.27259277
   1900.46259901       2.27127424
   1901.71658364       2.26999790
   1902.91756527       2.26878834
   1904.15099911       2.26766990
   1905.37298807       2.26666877
   1906.59240978       2.26580894
   1907.79636463       2.26511266
   1909.02885986       2.26460175
   1910.25843621       2.26429574
   1911.42100781       2.26421234
   1912.72521410       2.26436613
   1913.89716430       2.26476947
   1915.09638685       2.26543090
   1916.38202119       2.26635601
   1917.59776263       2.26754607
   1918.76792115       2.26899988
   1919.97138968       2.27071260
   1921.17180889       2.27267430
   1922.42277209       2.27487036
   1923.65817721       2.27728247
   1924.85662845       2.27989136
   1926.10772964       2.28267581
   1927.31148127       2.28561345
   1928.54477522       2.28868103
   1929.76051572       2.29185629
   1930.94622001       2.29511463
   1932.16211364       2.29843099
   1933.40449884       2.30177999
   1934.58413521       2.30513630
   1935.78553084       2.30847577
   1937.00383812       2.31177581
   1938.20481171       2.31501641
   1939.40808600       2.31817882
   1940.60993157       2.32124453
   1941.79318818       2.32419593
   1943.00144810       2.32701628
   1944.19589296       2.32969075
   1945.42760884       2.33220684
   1946.62918644       2.33455245
   1947.82267473       2.33671567
   1949.06791642       2.33868786
   1950.28377649       2.34046342
   1951.48586451       2.34203959
   1952.65905911       2.34341413
   1953.83590752       2.34458783
   1955.09460508       2.34556432
   1956.26133193       2.34634786
   1957.47859708       2.34694338
   1958.72745004       2.34735694
   1959.95097737       2.34759673
   1961.13046014       2.34767126
   1962.35584107       2.34759030
   1963.60643420       2.34736309
   1964.77944118       2.34699967
   1966.04172921       2.34650941
   1967.24019557       2.34590126
   1968.46363877       2.34518613
   1969.66106584       2.34437699
   1970.86878084       2.34348847
   1972.06746555       2.34253364
   1973.26272378       2.34152747
   1974.43959582       2.34048642
   1975.60375210       2.33942729
   1976.85205305       2.33836547
   1978.05452719       2.33731775
   1979.28664811       2.33630170
   1980.54214086       2.33533519
   1981.74335359       2.33443575
   1982.92501512       2.33362035
   1984.10849056       2.33290436
   1985.29338620       2.33229960
   1986.49410127       2.33181618
   1987.75005530       2.33146225
   1988.95994338       2.33124430
   1990.15123117       2.33116766
   1991.38461444       2.33123594
   1992.58664338       2.33145091
   1993.72229711       2.33181461
   1994.95472569       2.33233043
   1996.24431868       2.33300040
   1997.42640414       2.33382600
   1998.65989990       2.33480741
   1999.88716704       2.33594431
   2001.12142087       2.33723476
   2002.36220012       2.33867405
   2003.59537261       2.34025483
   2004.86438078       2.34196869
   2006.07669575       2.34380544
   2007.29469724       2.34575113
   2008.48245742       2.34778944
   2009.73083398       2.34990133
   2010.94597047       2.35206773
   2012.20023442       2.35426776
   2013.48665236       2.35648016
   2014.75463259       2.35868513
   2015.96107388       2.36086149
   2017.20645831       2.36298688
   2018.44061005       2.36503855
   2019.64458996       2.36699747
   2020.84742566       2.36884463
   2022.04824801       2.37056197
   2023.25049861       2.37213396
   2024.44993383       2.37354891
   2025.62152532       2.37479774
   2026.82300225       2.37587341
   2028.05553670       2.37677023
   2029.27593058       2.37748506
   2030.54040683       2.37801633
   2031.79856844       2.37836505
   2033.03152825       2.37853701
   2034.26367185       2.37854074
   2035.46475036       2.37838908
   2036.67884757       2.37809812
   2037.98346362       2.37768767
   2039.17028754       2.37718087
   2040.37150878       2.37660375
   2041.62447161       2.37598451
   2042.84164272       2.37535138
   2044.08934722       2.37473368
   2045.28825359       2.37415927
   2046.51778551       2.37365365
   2047.68742745       2.37324004
   2048.91162731       2.37293835
   2050.14261442       2.37276491
   2051.34423408       2.37273412
   2052.54905713       2.37285559
   2053.78834906       2.37313462
   2055.05069191       2.37357386
   2056.27156975       2.37417333
   2057.45626642       2.37493031
   2058.64296321       2.37583607
   2059.81125206       2.37687962
   2061.01259098       2.37804729
   2062.19265128       2.37932010
   2063.34665482       2.38067641
   2064.56141133       2.38209372
   2065.77602841       2.38354981
   2066.99731979       2.38501984
   2068.20354651       2.38647909
   2069.39476577       2.38790304
   2070.62289213       2.38926708
   2071.86326729       2.39054676
   2073.06649763       2.39171760
   2074.28227688       2.39275600
   2075.48232603       2.39364237
   2076.67074125       2.39435952
   2077.90250250       2.39489456
   2079.13965726       2.39523868
   2080.37483364       2.39538607
   2081.57740751       2.39533554
   2082.74193622       2.39508843
   2083.90948683       2.39465023
   2085.05847685       2.39402964
   2086.31625376       2.39323831
   2087.48496512       2.39229178
   2088.70777407       2.39120851
   2089.87465830       2.39001078
   2091.07937879       2.38872176
   2092.30919523       2.38736676
   2093.59482863       2.38597445
   2094.85015927       2.38457483
   2096.03566176       2.38319949
   2097.22667495       2.38188133
   2098.44369577       2.38065154
   2099.71039709       2.37954175
   2100.90068907       2.37858243
   2102.10784260       2.37780105
   2103.35919003       2.37722043
   2104.53157032       2.37685823
   2105.76588701       2.37672996
   2107.01790602       2.37684541
   2108.21495453       2.37720795
   2109.48603418       2.37781713
   2110.74106944       2.37866953
   2111.93065486       2.37975679
   2113.14345142       2.38106370
   2114.34296085       2.38257081
   2115.50925242       2.38425408
   2116.70619459       2.38608626
   2117.90323033       2.38803773
   2119.08511447       2.39007539
   2120.26417188       2.39216511
   2121.46909938       2.39427300
   2122.66951717       2.39636312
   2123.90678488       2.39839976
   2125.15409995       2.40034674
   2126.40849623       2.40216790
   2127.62563851       2.40382781
   2128.82943267       2.40529206
   2130.03022856       2.40653104
   2131.23282795       2.40751846
   2132.43092803       2.40823174
   2133.63218755       2.40865486
   2134.78457994       2.40877837
   2135.92369227       2.40859897
   2137.19905618       2.40811772
   2138.42758285       2.40734306
   2139.63046865       2.40628967
   2140.83136189       2.40497649
   2142.03117048       2.40342699
   2143.26487797       2.40166644
   2144.48568822       2.39972216
   2145.70629336       2.39762460
   2146.90731894       2.39540430
   2148.15473704       2.39309182
   2149.37051865       2.39071799
   2150.60959034       2.38831500
   2151.87151965       2.38591651
   2153.05332911       2.38355456
   2154.27674301       2.38126087
   2155.55287540       2.37906785
   2156.75587699       2.37700762
   2158.01114950       2.37510946
   2159.21420024       2.37340052
   2160.44968949       2.37190703
   2161.60341371       2.37065278
   2162.82414598       2.36966027
   2164.00952559       2.36894820
   2165.22717356       2.36853033
   2166.40220996       2.36841773
   2167.58960338       2.36861628
   2168.80460565       2.36912570
   2169.99070978       2.36994095
   2171.22457417       2.37105087
   2172.37647409       2.37243976
   2173.62728510       2.37408956
   2174.79932038       2.37598034
   2176.01892026       2.37809196
   2177.30215041       2.38040132
   2178.50113806       2.38288494
   2179.65280025       2.38552161
   2180.83945781       2.38829014
   2182.05258143       2.39116816
   2183.20912434       2.39413220
   2184.42754929       2.39716074
   2185.61092737       2.40023133
   2186.82905930       2.40332053
   2188.02005927       2.40640422
   2189.26930686       2.40945740
   2190.49735476       2.41245861
   2191.71595176       2.41538815
   2192.93531911       2.41822775
   2194.11861731       2.42096182
   2195.30197743       2.42357818
   2196.46739135       2.42606788
   2197.65547999       2.42842404
   2198.85685200       2.43064168
   2200.03945734       2.43271995
   2201.27430478       2.43466143
   2202.46011825       2.43647050
   2203.64081990       2.43815261
   2204.91826001       2.43971469
   2206.12172713       2.44116464
   2207.35263815       2.44251058
   2208.57377970       2.44376081
   2209.77189302       2.44492063
   2210.97769722       2.44599435
   2212.19117010       2.44698531
   2213.45150339       2.44789392
   2214.65224446       2.44871996
   2215.81848309       2.44946302
   2217.00631699       2.45012195
   2218.19144658       2.45069742
   2219.42507656       2.45119096
   2220.59554323       2.45160335
   2221.76671220       2.45193555
   2223.00914135       2.45218708
   2224.19190408       2.45235914
   2225.39156805       2.45245448
   2226.57595374       2.45247443
   2227.79633864       2.45241856
   2229.04685568       2.45228568
   2230.25207620       2.45207587
   2231.52825916       2.45178709
   2232.71474233       2.45141623
   2233.91407972       2.45096040
   2235.10002599       2.45041864
   2236.31694945       2.44979169
   2237.48593635       2.44907785
   2238.64308184       2.44827535
   2239.92090100       2.44738275
   2241.14742802       2.44639920
   2242.36467144       2.44532504
   2243.55552489       2.44416184
   2244.78386298       2.44291297
   2246.01932624       2.44158453
   2247.21849018       2.44018292
   2248.39075420       2.43871480
   2249.55897593       2.43718816
   2250.79514528       2.43561207
   2252.06276774       2.43399641
   2253.28509604       2.43235135
   2254.46490964       2.43068794
   2255.66633930       2.42901692
   2256.93114685       2.42735157
   2258.12428162       2.42570584
   2259.35501919       2.42409461
   2260.55517326       2.42253475
   2261.70895750       2.42104252
   2262.92483647       2.41963410
   2264.11145764       2.41832584
   2265.34424164       2.41713226
   2266.51463221       2.41606733
   2267.74738454       2.41514485
   2268.95104259       2.41437857
   2270.28392867       2.41378305
   2271.59545815       2.41337068
   2272.89593833       2.41314920
   2274.11663658       2.41312396
   2275.31009320       2.41329960
   2276.49933456       2.41367966
   2277.78356287       2.41426314
   2279.00834405       2.41504640
   2280.22720806       2.41602410
   2281.42955272       2.41718916
   2282.61571828       2.41852974
   2283.81457928       2.42003128
   2285.01842307       2.42167900
   2286.22105460       2.42345731
   2287.40830624       2.42535052
   2288.63715239       2.42734393
   2289.88752103       2.42942257
   2291.10680379       2.43157239
   2292.28834669       2.43378079
   2293.47548254       2.43603420
   2294.69355256       2.43832003
   2295.87694056       2.44062684
   2297.06650472       2.44294305
   2298.26479006       2.44525713
   2299.46996663       2.44755857
   2300.70493270       2.44983879
   2301.92498677       2.45208829
   2303.16401686       2.45429845
   2304.40882895       2.45646063
   2305.62816937       2.45856651
   2307.28114874       2.46060702
   2309.04113560       2.46257282
   2310.23812645       2.46445683
   2311.42769155       2.46625314
   2312.63863971       2.46795714
   2313.87566544       2.46956653
   2315.10418975       2.47107980
   2316.34297172       2.47249657
   2317.59367781       2.47381606
   2318.80101660       2.47503632
   2320.01484961       2.47615576
   2321.23827533       2.47717616
   2322.50050712       2.47810088
   2323.71572112       2.47893213
   2324.96626415       2.47967131
   2326.17493336       2.48032094
   2327.37749022       2.48088437
   2328.59608390       2.48136622
   2329.87974932       2.48177047
   2331.16920808       2.48210404
   2332.47705683       2.48237507
   2334.12961699       2.48259376
   2335.56699246       2.48277298
   2336.78319186       2.48292676
   2337.99930998       2.48306939
   2339.23290262       2.48321639
   2340.43484460       2.48338236
   2341.60545541       2.48357988
   2342.83793268       2.48382136
   2344.03065249       2.48411728
   2345.24452143       2.48447596
   2346.41506607       2.48490462
   2347.61651039       2.48540941
   2348.78707110       2.48599419
   2349.96851759       2.48665887
   2351.17692260       2.48740274
   2352.40967919       2.48822470
   2353.64425771       2.48912171
   2354.77543150       2.49008893
   2355.98293854       2.49112229
   2357.16099590       2.49221725
   2358.38103342       2.49336681
   2359.58651578       2.49456355
   2360.79957843       2.49579861
   2361.99807314       2.49706176
   2363.20475169       2.49834203
   2364.38619487       2.49962797
   2365.65691816       2.50090796
   2366.82894777       2.50217139
   2368.02713859       2.50340916
   2369.22995160       2.50461082
   2370.43142475       2.50576424
   2371.63099420       2.50685879
   2372.83357090       2.50788408
   2374.01467475       2.50883091
   2375.25031996       2.50969231
   2376.45645263       2.51046249
   2377.65835964       2.51113922
   2378.84404267       2.51172154
   2380.06426168       2.51221121
   2381.29776358       2.51261018
   2382.49746961       2.51291954
   2383.66712290       2.51314152
   2384.86918162       2.51327919
   2386.05193206       2.51333513
   2387.24810055       2.51331270
   2388.43432236       2.51321701
   2389.63717602       2.51305345
   2390.82547876       2.51282888
   2392.09558340       2.51255131
   2393.34212006       2.51222874
   2394.56232679       2.51186901
   2395.74531212       2.51148015
   2396.91398709       2.51107156
   2398.08238274       2.51065278
   2399.28449770       2.51023183
   2400.48995123       2.50981676
   2401.71097085       2.50941628
   2402.89303269       2.50903795
   2404.10724899       2.50868891
   2405.36412084       2.50837726
   2406.56754589       2.50810974
   2407.80096839       2.50789307
   2409.00523754       2.50773318
   2410.20638458       2.50763511
   2411.44341314       2.50760267
   2412.62768446       2.50763926
   2413.84611037       2.50774639
   2415.04891534       2.50792266
   2416.26543991       2.50816549
   2417.48237329       2.50847223
   2418.69995652       2.50883911
   2419.90568889       2.50926255
   2421.11033471       2.50973802
   2422.35818336       2.51025982
   2423.56016929       2.51082090
   2424.79296179       2.51141202
   2425.98100790       2.51202235
   2427.16423899       2.51263865
   2428.33318336       2.51324760
   2429.53640755       2.51383730
   2430.75540343       2.51439541
   2431.92264448       2.51490954
   2433.11728312       2.51536750
   2434.34023763       2.51575773
   2435.50602492       2.51606786
   2436.78850975       2.51628532
   2438.00493459       2.51639649
   2439.20866590       2.51638733
   2440.41622351       2.51624465
   2441.63201505       2.51595614
   2442.78226790       2.51551071
   2443.98288135       2.51489919
   2445.15197317       2.51411413
   2446.32713056       2.51315109
   2447.50271046       2.51200793
   2448.72669906       2.51068461
   2449.91608078       2.50918280
   2451.15005435       2.50750648
   2452.41336938       2.50566169
   2453.68236526       2.50365689
   2455.02497164       2.50150210
   2456.23520048       2.49920919
   2457.48233832       2.49679200
   2458.70049483       2.49426693
   2459.88663724       2.49165110
   2461.10494357       2.48896365
   2462.28934013       2.48622519
   2463.47816889       2.48345737
   2464.70923824       2.48068343
   2465.85192449       2.47792634
   2467.06167221       2.47520957
   2468.28490841       2.47255781
   2469.53554549       2.46999554
   2470.71689368       2.46754789
   2472.01685256       2.46524010
   2473.21793249       2.46309779
   2474.41824489       2.46114732
   2475.62215721       2.45941449
   2476.82708897       2.45792185
   2478.02589088       2.45668927
   2479.21356079       2.45573346
   2480.44449780       2.45506958
   2481.65631369       2.45470894
   2482.82180747       2.45465937
   2484.00486606       2.45492527
   2485.16565023       2.45550915
   2486.32874927       2.45641112
   2487.52636492       2.45762735
   2488.64859349       2.45915231
   2489.84929202       2.46097773
   2491.08422831       2.46309171
   2492.30295858       2.46547998
   2493.48173290       2.46812385
   2494.68559559       2.47100101
   2495.91939997       2.47408608
   2497.13854330       2.47735336
   2498.35483487       2.48077512
   2499.62595043       2.48432055
   2500.82939675       2.48795723
   2502.03425242       2.49165209
   2503.20379275       2.49537162
   2504.37633372       2.49908294
   2505.57451510       2.50275179
   2506.82879558       2.50634488
   2508.04380920       2.50982977
   2509.24332996       2.51317696
   2510.42675341       2.51636003
   2511.66515209       2.51935333
   2512.93114071       2.52213656
   2514.15049388       2.52469239
   2515.33411772       2.52700682
   2516.54920931       2.52906964
   2517.77365210       2.53087321
   2518.96989007       2.53241373
   2520.20629667       2.53369034
   2521.39456160       2.53470432
   2522.62587434       2.53545884
   2523.88146445       2.53595999
   2525.07947284       2.53621724
   2526.26637144       2.53624241
   2527.46639932       2.53604741
   2528.64409418       2.53564611
   2529.85567518       2.53505405
   2531.10703726       2.53428940
   2532.34080666       2.53337044
   2533.49771868       2.53231673
   2534.74350294       2.53115056
   2535.98172581       2.52989331
   2537.20370957       2.52856666
   2538.43798325       2.52719175
   2539.69995274       2.52578692
   2540.90319961       2.52437071
   2542.13191769       2.52296286
   2543.33501238       2.52158277
   2544.51923739       2.52024681
   2545.70560901       2.51897035
   2546.87361098       2.51776882
   2548.10646161       2.51665733
   2549.30610762       2.51564900
   2550.50895703       2.51475604
   2551.71355795       2.51398792
   2552.92594901       2.51335385
   2554.08873896       2.51286285
   2555.31253710       2.51252387
   2556.53244938       2.51234376
   2557.73360257       2.51232739
   2558.96367043       2.51248128
   2560.17146388       2.51280947
   2561.37396355       2.51331525
   2562.54399115       2.51399979
   2563.75914182       2.51486236
   2564.97530956       2.51590198
   2566.17343800       2.51711579
   2567.37486200       2.51849931
   2568.58270743       2.52004566
   2569.81036874       2.52174613
   2571.00015880       2.52359107
   2572.23721194       2.52556881
   2573.43943277       2.52766695
   2574.64325387       2.52987260
   2575.85475830       2.53217210
   2577.05913851       2.53455202
   2578.27662013       2.53699730
   2579.51031013       2.53949322
   2580.72369085       2.54202411
   2581.92302494       2.54457163
   2583.10177515       2.54711740
   2584.27983959       2.54964073
   2585.50279316       2.55212107
   2586.71972276       2.55454001
   2587.93330009       2.55687982
   2589.13694680       2.55912148
   2590.30933371       2.56124645
   2591.50971794       2.56323740
   2592.67433645       2.56507801
   2593.87439883       2.56675245
   2595.09338006       2.56824599
   2596.26534681       2.56954682
   2597.49692894       2.57064587
   2598.69447795       2.57153847
   2599.87745855       2.57222404
   2601.08040059       2.57270473
   2602.31221289       2.57298503
   2603.63364227       2.57307352
   2604.81699151       2.57298257
   2606.00058179       2.57272592
   2607.21635112       2.57231936
   2608.42313411       2.57178030
   2609.65220334       2.57112863
   2610.89255865       2.57038707
   2612.07463278       2.56957933
   2613.25925005       2.56872986
   2614.42633467       2.56786310
   2615.57740562       2.56700592
   2616.78297210       2.56618485
   2617.96378528       2.56542576
   2619.16502874       2.56475288
   2620.42203339       2.56418837
   2621.60730382       2.56375278
   2622.82675955       2.56346388
   2624.00915364       2.56333553
   2625.21132200       2.56337860
   2626.41199170       2.56360033
   2627.61833422       2.56400398
   2628.85233425       2.56459030
   2630.03851447       2.56535528
   2631.22549767       2.56629304
   2632.42582330       2.56739306
   2633.64358612       2.56864071
   2634.87937454       2.57001737
   2636.12812919       2.57150193
   2637.33157551       2.57307069
   2638.50141549       2.57469878
   2639.70282247       2.57635995
   2640.90031287       2.57802856
   2642.08475859       2.57967884
   2643.34099051       2.58128551
   2644.53308694       2.58282343
   2645.75966832       2.58426754
   2646.97576895       2.58559265
   2648.21500983       2.58677469
   2649.39895410       2.58779145
   2650.59750269       2.58862168
   2651.83829423       2.58924584
   2653.02011693       2.58964666
   2654.20465338       2.58981040
   2655.40447473       2.58972901
   2656.62016986       2.58939390
   2657.82133533       2.58879984
   2659.02705825       2.58794531
   2660.20927794       2.58683293
   2661.41158620       2.58546972
   2662.58178016       2.58386512
   2663.78183120       2.58203258
   2665.00212347       2.57998878
   2666.15650793       2.57775426
   2667.37914532       2.57535291
   2668.61316284       2.57281142
   2669.77679405       2.57015961
   2671.03455867       2.56743046
   2672.26555145       2.56465970
   2673.49052593       2.56188510
   2674.70168724       2.55914680
   2675.92080600       2.55648607
   2677.10609345       2.55394628
   2678.28681778       2.55152661
   2679.48580591       2.54935182
   2680.70937010       2.54746496
   2681.90798438       2.54590906
   2683.13411252       2.54472717
   2684.33534558       2.54396232
   2685.52004225       2.54365757
   2686.70436178       2.54385596
   2687.92287228       2.54460052
   2689.12268796       2.54593429
   2690.30768333       2.54790033
   2691.52590979       2.55054167
   2692.70793334       2.55390136
   2693.88165208       2.55802243
   2695.15158988       2.56294793
   2696.35107048       2.56872090
   2697.58522884       2.57538438
   2698.85606981       2.58298142
   2700.05790073       2.59155506
