      0.53526571        2.79296875
      1.81337836        2.63671875
      3.06648534        2.77343750
      4.36958381        2.69531250
      5.57400089        2.62207031
      6.85946415        2.60253906
      8.04269429        2.58789063
      9.22439789        2.66601563
     10.47869775        2.63183594
     11.75041023        2.80761719
     12.95547999        2.62695313
     14.19015398        2.71484375
     15.43323015        2.69531250
     16.63230665        2.54882813
     17.83779279        2.71972656
     19.05627162        2.59277344
     20.30854916        2.59765625
     21.54483808        2.64648438
     22.76349888        2.60742188
     23.96741639        2.69042969
     25.17172949        2.72460938
     26.41830539        2.54394531
     27.62123183        2.70019531
     28.85340378        2.54882813
     30.05402953        2.72460938
     31.28094552        2.79785156
     32.53962559        2.80273438
     33.76907528        2.73925781
     35.00385750        2.74902344
     36.24306341        2.73437500
     37.47701949        2.66113281
     38.67810320        2.62207031
     39.89740108        2.85644531
     41.13472976        2.65136719
     42.38483893        2.73437500
     43.60764457        2.73925781
     44.84275668        2.71972656
     46.08707866        2.75878906
     47.41176626        2.77343750
     48.59259693        2.74902344
     49.89621765        2.86621094
     51.11995435        2.65136719
     52.31904976        2.77343750
     53.51819149        2.74414063
     54.77252727        2.62207031
     56.00338393        2.65136719
     57.22226308        2.71972656
     58.40690304        2.74414063
     59.55958466        2.65136719
     60.80718424        2.71484375
     62.01156209        2.59765625
     63.17817693        2.78320313
     64.48404730        2.62207031
     65.78391355        2.74414063
     66.99435270        2.64648438
     68.17757056        2.71484375
     69.37452408        2.68066406
     70.64898624        2.61718750
     71.92640603        2.63671875
     73.13104713        2.74414063
     74.37972569        2.68554688
     75.58133448        2.72949219
     76.80172836        2.79296875
     78.03502420        2.70019531
     79.25543793        2.56835938
     80.45483440        2.69531250
     81.68888548        2.81738281
     82.91125773        2.73437500
     84.11490964        2.66113281
     85.34625546        2.64648438
     86.51557839        2.54882813
     87.69695304        2.70996094
     88.91463694        2.65136719
     90.16644611        2.74414063
     91.41877328        2.80273438
     92.60269250        2.77343750
     93.78807541        2.67578125
     95.02782814        2.61718750
     96.26269212        2.81738281
     97.40969337        2.59765625
     98.63094883        2.72460938
     99.80917538        2.74902344
    101.10232622        2.65625000
    102.43771480        2.62207031
    103.64161956        2.72460938
    104.87581668        2.64160156
    106.09325529        2.78320313
    107.38264505        2.67578125
    108.70271565        2.56835938
    110.07910184        2.70019531
    111.37827429        2.84667969
    112.61994253        2.61230469
    113.80283523        2.66113281
    115.03683101        2.65136719
    116.25286217        2.69531250
    117.45637513        2.58789063
    118.65757132        2.83203125
    119.84104344        2.69042969
    121.06017213        2.76367188
    122.24674698        2.71972656
    123.46313071        2.80273438
    124.66620177        2.69531250
    125.91714369        2.60253906
    127.20903407        2.70507813
    128.50213481        2.67578125
    129.72036741        2.61718750
    130.92717167        2.70507813
    132.15488827        2.67578125
    133.38918322        2.65136719
    134.55791680        2.70507813
    135.80334660        2.70507813
    137.03985718        2.75390625
    138.31844575        2.67578125
    139.53209681        2.70019531
    140.67232121        2.67578125
    141.90856334        2.65136719
    143.09422935        2.72949219
    144.31057054        2.50488281
    145.54251092        2.70996094
    146.73624544        2.76367188
    147.93438522        2.71972656
    149.13982362        2.70019531
    150.38958967        2.79296875
    151.62847137        2.82226563
    152.88761886        2.68066406
    154.07901535        2.55859375
    155.32973184        2.68554688
    156.60281443        2.65625000
    157.88408842        2.76855469
    159.13532384        2.70507813
    160.31936783        2.50976563
    161.53783201        2.68066406
    162.69354406        2.64648438
    163.89473269        2.90039063
    165.09494300        2.76367188
    166.29282757        2.82714844
    167.53225183        2.55859375
    168.74931849        2.74414063
    169.92861410        2.67578125
    171.20717716        2.75878906
    172.45067395        2.54882813
    173.69946453        2.63183594
    174.95628816        2.46093750
    176.13552517        2.59277344
    177.32541354        2.61718750
    178.57750912        2.57812500
    179.79223916        2.59765625
    181.01266423        2.73437500
    182.19307475        2.58300781
    183.39715485        2.87597656
    184.67630159        2.63671875
    185.89081233        2.65136719
    187.12199085        2.73925781
    188.29789449        2.70996094
    189.53563198        2.56835938
    190.73548358        2.72460938
    191.93523215        2.66113281
    193.10357960        2.58300781
    194.33980141        2.62695313
    195.55245997        2.75878906
    196.83000454        2.72460938
    198.04900420        2.65136719
    199.20537271        2.55859375
    200.44012657        2.71484375
    201.59849330        2.72460938
    202.80118201        2.62695313
    204.03129053        2.58789063
    205.23578700        2.63671875
    206.53888595        2.62695313
    207.75725939        2.63183594
    208.97785697        2.60742188
    210.24214653        2.64160156
    211.41235373        2.61230469
    212.66313685        2.61718750
    213.81284099        2.86621094
    214.98874227        2.61718750
    216.27087122        2.87597656
    217.49135632        2.69531250
    218.72499149        2.70507813
    219.94408000        2.70996094
    221.14526533        2.77832031
    222.37847893        2.66601563
    223.69740723        2.54882813
    224.94947918        2.80273438
    226.21237121        2.76855469
    227.44711704        2.80273438
    228.69607823        2.53417969
    229.89459232        2.63671875
    231.11855824        2.72949219
    232.32271726        2.47070313
    233.61948835        2.66113281
    234.81882243        2.63183594
    236.01365295        2.62207031
    237.21671645        2.61230469
    238.41696363        2.69531250
    239.58876496        2.70507813
    240.74984687        2.70996094
    242.04524784        2.75390625
    243.31155311        2.64160156
    244.52879228        2.55859375
    245.74567839        2.76367188
    247.04973392        2.68554688
    248.39103541        2.65136719
    249.64529841        2.64160156
    250.89559758        2.71972656
    252.07806397        2.49511719
    253.29499215        2.62695313
    254.48843318        2.61230469
    255.67678980        2.58789063
    256.92548821        2.68066406
    258.18018838        2.76855469
    259.41168592        2.48046875
    260.68731072        2.70996094
    261.88827485        2.58789063
    263.09084589        2.51464844
    264.40010445        2.68554688
    265.60183423        2.61718750
    266.84986578        2.72949219
    268.05635149        2.61230469
    269.34659432        2.65136719
    270.62176258        2.47558594
    271.90588786        2.45117188
    273.28684708        2.52441406
    274.57646464        2.61718750
    275.78665236        2.64160156
    276.99074995        2.49023438
    278.30813373        2.57324219
    279.54456585        2.54882813
    280.75863518        2.63671875
    282.04817334        2.71484375
    283.36709312        2.70019531
    284.58621755        2.63183594
    285.83125035        2.61718750
    287.39660425        2.59277344
    288.89357667        2.56347656
    290.18049086        2.59765625
    291.46717158        2.51464844
    292.76658884        2.54394531
    294.03350993        2.66601563
    295.31798117        2.60742188
    296.60576356        2.57324219
    298.44950470        2.54882813
    299.83575864        2.62207031
    301.12496786        2.67578125
    302.49946689        2.60742188
    304.00462833        2.52929688
    305.25811861        2.64160156
    306.53375144        2.55371094
    307.82580723        2.72460938
    309.15589542        2.61230469
    310.61722404        2.56347656
    311.90248927        2.64648438
    313.61278806        2.66601563
    314.94804100        2.49511719
    316.41812910        2.71484375
    318.34365276        2.48535156
    319.98248341        2.50488281
    321.30909740        2.44140625
    322.55452767        2.60742188
    323.78722423        2.53417969
    325.04490047        2.59765625
    326.33574636        2.56347656
    327.57420128        2.55859375
    328.84718321        2.64648438
    330.09373736        2.54394531
    331.33693735        2.60253906
    332.64962805        2.50976563
    333.92617682        2.44140625
    335.13952304        2.60742188
    336.37664092        2.56835938
    337.62964251        2.53906250
    338.84386260        2.45117188
    340.12097567        2.51953125
    341.37546553        2.59765625
    342.62708188        2.52929688
    343.86067074        2.67089844
    345.11735495        2.60742188
    346.32714946        2.61718750
    347.59905004        2.70019531
    348.85026230        2.67089844
    350.08027535        2.35351563
    351.31349888        2.54394531
    352.56328478        2.53417969
    353.83057168        2.50976563
    355.08434599        2.62207031
    356.30050381        2.52929688
    357.53708244        2.62207031
    358.83536732        2.42675781
    360.10541193        2.58789063
    361.31033754        2.62695313
    362.58436064        2.49023438
    363.78977116        2.51953125
    365.04311256        2.59277344
    366.27067556        2.51464844
    367.57097709        2.65136719
    368.79897300        2.52929688
    370.03607010        2.52441406
    371.29640386        2.46582031
    372.53285631        2.48046875
    373.76793911        2.43652344
    375.01725996        2.63183594
    376.22713764        2.62207031
    377.45405080        2.57812500
    378.75271093        2.57324219
    380.02281131        2.49023438
    381.29455593        2.50488281
    382.55311596        2.50000000
    383.78250988        2.43164063
    385.02903378        2.59765625
    386.25192639        2.60253906
    387.46668006        2.42675781
    388.70100100        2.55371094
    389.93629365        2.52441406
    391.20889323        2.61230469
    392.42110847        2.51464844
    393.67327448        2.43164063
    394.88612209        2.56835938
    396.09635613        2.51464844
    397.33176881        2.39257813
    398.58199898        2.53417969
    399.79874757        2.45117188
    401.03416025        2.38769531
    402.29935960        2.44628906
    403.55925194        2.58300781
    404.81884937        2.42675781
    406.02544426        2.55371094
    407.25414816        2.51464844
    408.54191448        2.51464844
    409.73297682        2.37792969
    410.96672070        2.31933594
    412.22061223        2.42675781
    413.46835407        2.48535156
    414.77619572        2.37792969
    415.98679604        2.49511719
    417.23921064        2.68554688
    418.44638685        2.37792969
    419.69935724        2.44140625
    420.89480689        2.43652344
    422.15461510        2.31933594
    423.38556487        2.53906250
    424.59771065        2.52441406
    425.81451169        2.47558594
    427.08342392        2.36328125
    428.31883377        2.43652344
    429.56826427        2.52929688
    430.77781160        2.41210938
    432.07138590        2.48046875
    433.28972673        2.38281250
    434.51058189        2.35839844
    435.74735571        2.48046875
    436.98320273        2.42675781
    438.27931263        2.45117188
    439.56212120        2.36816406
    440.80145519        2.34863281
    442.01039946        2.42187500
    443.22916281        2.43652344
    444.44265696        2.48535156
    445.65472617        2.30957031
    446.89251375        2.48046875
    448.10792389        2.49023438
    449.34180199        2.46093750
    450.53700635        2.33886719
    451.79628382        2.37304688
    453.02314214        2.52929688
    454.25278040        2.34375000
    455.46624194        2.31933594
    456.70106622        2.47070313
    457.91913672        2.46582031
    459.15770743        2.37792969
    460.39204681        2.42675781
    461.69826172        2.32421875
    462.94354548        2.44628906
    464.15831994        2.43164063
    465.41096801        2.34863281
    466.60553009        2.22656250
    467.80192213        2.54882813
    469.01568993        2.38769531
    470.27126964        2.29003906
    471.55886251        2.46582031
    472.77242755        2.40722656
    474.00385750        2.47070313
    475.21800953        2.43652344
    476.48994461        2.30468750
    477.70640679        2.31445313
    478.91363452        2.36816406
    480.12985519        2.33398438
    481.34865304        2.36816406
    482.58272586        2.41699219
    483.87631435        2.41699219
    485.08910052        2.46093750
    486.30510804        2.29980469
    487.55858224        2.39746094
    488.81111263        2.29980469
    490.03454449        2.57324219
    491.24395712        2.36328125
    492.48045541        2.52441406
    493.69555929        2.28027344
    494.95751886        2.48046875
    496.17155463        2.34863281
    497.44676683        2.37304688
    498.68765147        2.22167969
    499.92409636        2.55371094
    501.20042157        2.52441406
    502.45546156        2.29003906
    503.66098172        2.43652344
    504.88330529        2.40234375
    506.08835614        2.20214844
    507.29543878        2.21679688
    508.55366987        2.37304688
    509.78228728        2.37304688
    511.01990708        2.43652344
    512.27272955        2.35351563
    513.49570061        2.23144531
    514.73103531        2.28027344
    515.96980264        2.48046875
    517.22617540        2.40234375
    518.43468155        2.32910156
    519.67636397        2.38769531
    520.88605119        2.38281250
    522.08108966        2.44140625
    523.34983978        2.36816406
    524.58455773        2.40722656
    525.87685171        2.27050781
    527.12926347        2.31445313
    528.34922774        2.24121094
    529.61935885        2.30957031
    530.82900259        2.26074219
    532.06079031        2.43164063
    533.27411621        2.18750000
    534.53775876        2.17285156
    535.75555466        2.25585938
    537.01949780        2.39746094
    538.22966473        2.29492188
    539.50327051        2.29980469
    540.77664234        2.26562500
    542.06126151        2.36328125
    543.35265847        2.32910156
    544.56496351        2.35839844
    545.77312702        2.31933594
    546.98213509        2.23632813
    548.23349292        2.19726563
    549.48090676        2.34863281
    550.67017978        2.54882813
    551.86771509        2.23632813
    553.07527884        2.38769531
    554.33320746        2.29980469
    555.56494650        2.29492188
    556.84625735        2.21679688
    558.07388510        2.40234375
    559.26628164        2.43164063
    560.48759240        2.35351563
    561.75268777        2.23632813
    563.00151993        2.39257813
    564.21020143        2.12402344
    565.46295064        2.29980469
    566.71640594        2.51464844
    567.96893822        2.36328125
    569.19718368        2.38281250
    570.47459355        2.34375000
    571.74016816        2.27050781
    573.03040721        2.46582031
    574.32090005        2.28515625
    575.59826691        2.38281250
    576.85206392        2.33886719
    578.08500482        2.26562500
    579.34052026        2.29003906
    580.57278863        2.30468750
    581.83089542        2.21679688
    583.07980462        2.35351563
    584.33851825        2.24609375
    585.58391544        2.21191406
    586.81306832        2.26074219
    588.03114591        2.27539063
    589.29012468        2.19726563
    590.54889408        2.14355469
    591.76444742        2.30957031
    592.97778513        2.30468750
    594.16721459        2.21679688
    595.39151890        2.51464844
    596.60119856        2.28515625
    597.81244778        2.27050781
    599.08281991        2.18261719
    600.33417727        2.01171875
    601.56604817        2.26074219
    602.84518498        2.22656250
    604.09678337        2.22167969
    605.35293495        2.26562500
    606.55791538        2.41210938
    607.81049209        2.43164063
    609.02655255        2.18750000
    610.30396194        2.01171875
    611.58266253        2.22656250
    612.91299365        2.11425781
    614.12544095        2.28515625
    615.36148742        2.09960938
    616.59026410        2.30468750
    617.86351683        2.22656250
    619.07543906        2.25585938
    620.32845719        2.18750000
    621.53936565        2.20214844
    622.76492192        2.24121094
    623.97752141        2.27050781
    625.19680228        2.16308594
    626.42732338        2.19238281
    627.64121831        2.21679688
    628.85515908        2.08007813
    630.11756385        2.09472656
    631.35575742        2.26074219
    632.60382678        2.29003906
    633.91939288        2.29003906
    635.21283863        2.18750000
    636.45294251        2.26562500
    637.73073000        2.10937500
    638.98618258        2.25585938
    640.19639204        2.06542969
    641.47498535        2.16796875
    642.78608569        2.27539063
    644.00141549        2.28027344
    645.21060032        2.13867188
    646.44454222        2.18261719
    647.70185833        2.23632813
    648.93507619        2.22656250
    650.18113362        2.14355469
    651.41355701        2.18750000
    652.74946972        2.08007813
    654.00094571        2.23632813
    655.23790952        2.08984375
    656.51416479        2.18750000
    657.80847874        2.14843750
    659.06942312        2.08007813
    660.30109742        2.20214844
    661.51831720        2.10449219
    662.75714927        2.12402344
    663.99114317        2.22656250
    665.20135263        2.25585938
    666.41237074        2.23632813
    667.68119695        2.29003906
    668.99125045        2.23632813
    670.28535739        2.08007813
    671.49961954        2.09472656
    672.71741309        2.27539063
    673.99888699        2.14843750
    675.24897962        2.14843750
    676.52022705        2.15332031
    677.73569815        2.16796875
    678.99108362        2.08496094
    680.18863310        2.20703125
    681.44183413        2.04101563
    682.64061809        2.28027344
    683.88966198        2.18261719
    685.12735599        2.12890625
    686.34026410        2.08007813
    687.59504981        2.12402344
    688.86426877        2.11914063
    690.08628325        2.02636719
    691.29884871        2.13867188
    692.55104401        2.06542969
    693.83704322        2.24609375
    695.04958126        2.22167969
    696.26709596        2.07031250
    697.50605375        2.20703125
    698.72450044        2.12890625
    699.96093540        2.13867188
    701.15769184        2.25097656
    702.39061005        2.20214844
    703.64418493        2.09472656
    704.89303552        2.00683594
    706.11895949        2.01660156
    707.34874095        2.09472656
    708.59478042        2.01171875
    709.82271584        2.14355469
    711.04873528        2.08984375
    712.32504584        2.10449219
    713.55262397        2.27539063
    714.81096896        2.17285156
    716.04767520        2.07031250
    717.25687185        2.14355469
    718.46872223        2.08007813
    719.71931584        2.08984375
    720.93371363        2.09960938
    722.17500945        2.20703125
    723.37006352        2.11425781
    724.60702686        2.04589844
    725.84212763        2.13867188
    727.11846938        2.00683594
    728.34830520        2.15820313
    729.57189964        2.08007813
    730.76517099        2.09960938
    732.06190190        2.11914063
    733.31755865        2.01660156
    734.53367771        2.03125000
    735.80069664        2.10449219
    737.08881506        2.30957031
    738.33350048        2.02636719
    739.52472494        2.24609375
    740.69818893        2.07031250
    741.91529624        1.99218750
    743.15262680        2.08984375
    744.36537705        1.98730469
    745.60052555        2.03125000
    746.83277218        2.07519531
    748.08042186        2.17773438
    749.28961992        2.01171875
    750.52256650        1.97265625
    751.72997287        2.07031250
    752.95235788        2.09472656
    754.18111991        1.98242188
    755.46146048        2.22656250
    756.79656124        2.11914063
    758.11765648        2.16308594
    759.31103607        2.09960938
    760.52819489        2.03613281
    761.79931376        2.10937500
    763.02599675        2.00683594
    764.23504263        2.01171875
    765.48417065        2.04589844
    766.75423417        1.99218750
    768.04565524        2.21679688
    769.26005066        1.99707031
    770.49028678        2.04101563
    771.70028830        2.02148438
    772.97329764        1.98242188
    774.18227451        1.96289063
    775.43430960        1.95312500
    776.68942379        2.06054688
    777.91216562        2.07031250
    779.12215816        2.05078125
    780.36413880        2.03125000
    781.58549067        2.04589844
    782.84188045        2.07031250
    784.04784298        2.04589844
    785.29468684        2.24121094
    786.51525086        1.94824219
    787.76575987        2.03613281
    788.99275668        1.98242188
    790.23248719        1.79199219
    791.46668667        2.00195313
    792.78011324        2.04101563
    793.99614439        2.10449219
    795.25165321        1.96777344
    796.46321956        1.98242188
    797.66056912        2.07031250
    798.89627342        1.94824219
    800.13302030        2.04101563
    801.38336673        1.85546875
    802.58571989        1.98242188
    803.81099873        2.00683594
    805.06077424        2.07519531
    806.28725211        2.05078125
    807.48246309        1.98730469
    808.70450451        2.00683594
    809.95687374        1.98730469
    811.17359113        2.05078125
    812.40799336        2.05566406
    813.63683999        2.04589844
    814.85261782        1.84570313
    816.12090005        2.06542969
    817.33752765        1.88476563
    818.56408917        1.92871094
    819.81966132        1.95312500
    821.03647419        1.94824219
    822.29285640        2.11914063
    823.54571006        1.92382813
    824.75613929        2.09472656
    825.97118929        1.84570313
    827.21920430        2.02148438
    828.42207734        1.92871094
    829.68095497        1.99218750
    830.84196079        1.84082031
    832.07649394        1.94335938
    833.32951065        1.88476563
    834.54015445        1.88964844
    835.73116292        2.05078125
    837.00546108        2.02636719
    838.22705777        1.87011719
    839.43976691        1.99218750
    840.65734588        2.09960938
    841.84527383        1.65527344
    843.05659631        2.03613281
    844.33759523        2.00195313
    845.57506049        1.93359375
    846.76832382        1.96777344
    848.08714483        2.06542969
    849.36093588        1.98730469
    850.61673772        1.99707031
    851.91043018        2.01660156
    853.18894030        1.88964844
    854.41652551        2.04589844
    855.62981502        1.95800781
    856.88187232        1.91894531
    858.07559502        2.05078125
    859.30822967        1.94824219
    860.48116765        1.92871094
    861.71950111        1.90429688
    862.95006664        2.03613281
    864.17119827        1.81152344
    865.40099202        1.96289063
    866.61076337        2.10937500
    867.84096830        1.95312500
    869.02813959        1.92382813
    870.26122937        1.93359375
    871.49906516        1.91406250
    872.73728378        1.85058594
    873.95058557        1.93847656
    875.16068208        1.89941406
    876.39816577        1.99707031
    877.66614033        1.96289063
    878.91940611        1.93847656
    880.15139375        1.96289063
    881.40872876        1.95800781
    882.68653421        1.84570313
    883.90571630        1.89453125
    885.17691457        1.85546875
    886.41926811        1.98730469
    887.63008205        2.08984375
    888.84223964        1.90917969
    890.11341333        1.77246094
    891.35059644        2.02148438
    892.56962210        1.93847656
    893.80125149        1.82617188
    895.01765507        1.94824219
    896.27139488        1.93847656
    897.48375475        1.96289063
    898.74124100        1.89941406
    899.99465234        1.77246094
    901.18842042        1.84570313
    902.41841976        1.76757813
    903.63673082        1.72851563
    904.86358489        1.86523438
    906.11326540        1.97265625
    907.36779212        1.83105469
    908.60388538        2.04589844
    909.79832788        1.87011719
    911.02545844        1.76757813
    912.29624790        2.07519531
    913.53089069        1.87011719
    914.74326947        1.94824219
    915.95272085        1.82617188
    917.20278277        1.86035156
    918.39587217        1.89453125
    919.61196145        1.82128906
    920.83948381        1.93847656
    922.06918823        1.98730469
    923.30479280        1.80175781
    924.49804148        1.92871094
    925.73033537        1.90917969
    926.92416725        1.86523438
    928.14512165        1.68945313
    930.06711628        1.75292969
    931.30532922        1.80175781
    932.50781566        1.87011719
    933.70013989        1.84570313
    934.91341428        1.77734375
    936.13908492        1.81152344
    937.39246366        1.84082031
    938.64732263        1.93359375
    939.89479649        2.02636719
    941.11484489        1.88964844
    942.35135405        1.81640625
    943.54449591        1.99218750
    944.76334055        1.78710938
    946.00038471        1.70898438
    947.23351891        1.85546875
    948.43400098        1.86035156
    949.68156843        1.81640625
    950.89031750        1.80175781
    952.10195947        1.73828125
    953.29305915        1.78710938
    954.52271112        1.87500000
    955.72843261        1.80664063
    956.93965820        1.91894531
    958.17043830        1.81152344
    959.36534350        1.83105469
    960.58167571        1.92382813
    961.79376855        1.86035156
    963.02793022        1.93847656
    964.24386638        1.73828125
    965.45691958        1.94824219
    966.67153856        1.72851563
    967.86228094        1.79687500
    969.04293296        1.77246094
    970.27121859        1.78222656
    971.48708197        1.65039063
    972.74660236        1.85058594
    974.00338015        1.94335938
    975.29381298        1.80175781
    976.55231960        1.62109375
    977.84310263        1.87500000
    979.06267889        1.72851563
    980.35388349        1.56738281
    981.58435403        1.86523438
    982.81124449        1.82617188
    984.06147182        1.77734375
    985.31724153        1.76757813
    986.53573407        1.89941406
    988.39911432        1.81640625
    989.61002609        1.66015625
    990.84940592        1.69921875
    992.10530796        1.90917969
    993.38141624        1.85058594
    994.61493232        1.85058594
    995.82742925        1.90429688
    997.10074248        1.73339844
    998.31381364        1.91406250
    999.56153704        1.75781250
   1000.79836995        1.81640625
   1002.02724068        1.72363281
   1003.24509755        1.67968750
   1004.51656663        1.65039063
   1005.76418417        1.66503906
   1006.97191807        1.83593750
   1008.18317627        1.83105469
   1009.43516882        1.82128906
   1010.68813449        1.82617188
   1011.89691618        1.74804688
   1013.16849396        1.89453125
   1014.40514774        1.72363281
   1015.65540484        1.75292969
   1016.90966737        1.68945313
   1018.12349472        1.81640625
   1019.35099344        1.63085938
   1020.60101329        1.78222656
   1021.83712167        1.66992188
   1023.10993298        1.87500000
   1024.34989744        1.81640625
   1025.61199170        1.71386719
   1026.83102255        1.77734375
   1028.04425062        1.80664063
   1029.26455848        1.79687500
   1030.49059824        1.78222656
   1031.70745553        1.87988281
   1032.94273305        1.80664063
   1034.15121793        1.67480469
   1035.40408293        1.78710938
   1036.61579863        1.72851563
   1037.85409995        1.80175781
   1039.06613702        1.76757813
   1040.29737745        1.83593750
   1041.55352430        1.88476563
   1042.84227083        1.66503906
   1044.08021911        1.79687500
   1045.35500737        1.68457031
   1046.58244938        1.73828125
   1047.81561383        1.77246094
   1049.03730174        1.87988281
   1050.28806832        1.80175781
   1051.56246574        1.74316406
   1052.82730117        1.68945313
   1054.10884786        1.64550781
   1055.31200730        1.78222656
   1056.54242159        1.65527344
   1057.81667061        1.72363281
   1059.03423871        1.73339844
   1060.26358064        1.70898438
   1061.47978902        1.80175781
   1062.73055041        1.65039063
   1063.98779420        1.79199219
   1065.24109401        1.75781250
   1066.46231639        1.50878906
   1067.69738123        1.64550781
   1068.97052101        1.80664063
   1070.25107142        1.81640625
   1071.59816010        1.77734375
   1072.89764637        1.71386719
   1074.16326540        1.68945313
   1075.44348498        1.64550781
   1077.33460026        1.59667969
   1078.97347628        1.64062500
   1080.21331786        1.79199219
   1081.53697327        1.72363281
   1082.80381071        1.67968750
   1084.10941783        1.67480469
   1085.27636823        1.66503906
   1086.56361845        1.78710938
   1088.23647655        1.62109375
   1089.84637030        1.78222656
   1091.26594372        1.58203125
   1092.66662949        1.52343750
   1094.11554861        1.59667969
   1095.53761225        1.67968750
   1096.99927831        1.69921875
   1098.25418124        1.83593750
   1099.65848583        1.64550781
   1100.91132957        1.66503906
   1102.14568974        1.82128906
   1103.35304507        1.74316406
   1104.57027289        1.85546875
   1105.82242235        1.66503906
   1107.06348564        1.66015625
   1108.32498157        1.62597656
   1109.54221317        1.67968750
   1110.78617360        1.78710938
   1111.94670397        1.69921875
   1113.14717139        1.78222656
   1114.30112719        1.61621094
   1115.52723075        1.60156250
   1116.76628590        1.60156250
   1118.00356211        1.63085938
   1119.22578785        1.51855469
   1120.41996096        1.78710938
   1121.60456926        1.54785156
   1122.78866098        1.64062500
   1124.01271244        1.72363281
   1125.24492599        1.64062500
   1126.46143070        1.66992188
   1127.69599694        1.76757813
   1128.89441462        1.55761719
   1130.12357364        1.71875000
   1131.35411933        1.60644531
   1132.57690795        1.66992188
   1133.78929760        1.89453125
   1135.02110186        1.63574219
   1136.30475736        1.83105469
   1137.52886553        1.69921875
   1138.75980443        1.68945313
   1140.01047933        1.58203125
   1141.22427642        1.63574219
   1142.43240496        1.85058594
   1143.67747746        1.78222656
   1144.90061676        1.74804688
   1146.13657769        1.55273438
   1147.36327533        1.60156250
   1148.61710494        1.74316406
   1149.87276027        1.64550781
   1151.11053793        1.70410156
   1152.32172713        1.70898438
   1153.54498979        1.61621094
   1154.77993601        1.75292969
   1155.99476152        1.68457031
   1157.24635045        1.75781250
   1158.45579381        1.52832031
   1159.66652787        1.54296875
   1160.88390315        1.81152344
   1162.13544861        1.72363281
   1163.38659234        1.58691406
   1164.64642135        1.72851563
   1165.95721922        1.75781250
   1167.26356410        1.54296875
   1168.48363896        1.65527344
   1169.69986719        1.62597656
   1170.91695654        1.62109375
   1172.12061884        1.66015625
   1173.31959185        1.67968750
   1174.53929618        1.64550781
   1175.76147182        1.73828125
   1177.00730145        1.63574219
   1178.19760100        1.61132813
   1179.44968571        1.69433594
   1180.73051496        1.77734375
   1181.98242008        1.58691406
   1183.54058973        1.65527344
   1184.98144838        1.59667969
   1186.18467966        1.55273438
   1187.76709738        1.61132813
   1189.46494036        1.46972656
   1190.68098285        1.78222656
   1191.90733076        1.75781250
   1193.13914589        1.57226563
   1194.35433768        1.72363281
   1195.58657249        1.57714844
   1196.85953126        1.75292969
   1198.05597151        1.64062500
   1199.32012969        1.64062500
   1200.55914466        1.60644531
   1201.72818685        1.58691406
   1202.90697488        1.63085938
   1204.11550891        1.68457031
   1205.28055986        1.59667969
   1206.48621755        1.70898438
   1207.71919343        1.62109375
   1208.91439826        1.67968750
   1210.13459317        1.82128906
   1211.36854737        1.68945313
   1212.60364340        1.45996094
   1213.79392357        1.73339844
   1214.97570562        1.69433594
   1216.14351665        1.77246094
   1217.32507940        1.61132813
   1218.51477541        1.63574219
   1219.70404891        1.65527344
   1220.93032592        1.46972656
   1222.10470490        1.63085938
   1223.25382489        1.60156250
   1224.45563879        1.59667969
   1225.60866921        1.46484375
   1226.86094107        1.66503906
   1228.04164745        1.65039063
   1229.28200465        1.64062500
   1230.48597558        1.53808594
   1231.68534510        1.64062500
   1232.89140358        1.59179688
   1234.13825784        1.55273438
   1235.32372157        1.74316406
   1236.53007401        1.57714844
   1237.72554020        1.62109375
   1238.93299809        1.77246094
   1240.16518659        1.63574219
   1241.35786718        1.68457031
   1242.56267983        1.52832031
   1243.76269165        1.71875000
   1244.91969393        1.51855469
   1246.18502042        1.56738281
   1247.44610847        1.83593750
   1248.72521079        1.62109375
   1249.92932680        1.62109375
   1251.10081810        1.64550781
   1252.49299960        1.63085938
   1254.24002590        1.55761719
   1256.02757623        1.68457031
   1257.41548245        1.70410156
   1258.75536325        1.61621094
   1259.89352468        1.67480469
   1261.09460744        1.71875000
   1262.21681144        1.59667969
   1263.39568548        1.59179688
   1264.59647759        1.60156250
   1265.78633051        1.62597656
   1266.95277615        1.74316406
   1268.18696523        1.66503906
   1269.65248785        1.70410156
   1271.16105876        1.62109375
   1272.41759079        1.60156250
   1273.56782568        1.77734375
   1274.72069635        1.88476563
   1275.90334234        1.53320313
   1277.05371807        1.69921875
   1278.22194264        1.66503906
   1279.38834055        1.63574219
   1280.65820557        1.75781250
   1281.88764438        1.53808594
   1283.10589967        1.69921875
   1284.34096499        1.70410156
   1285.66402159        1.68945313
   1286.82159574        1.73339844
   1287.98516126        1.57714844
   1289.18897669        1.57226563
   1290.38419003        1.74316406
   1291.65478761        1.60644531
   1293.35781046        1.66015625
   1294.52485916        1.80664063
   1295.76081961        1.72363281
   1296.91268314        1.57226563
   1298.28435214        1.66992188
   1299.44264230        1.54785156
   1300.59040447        1.76269531
   1301.73636548        1.75781250
   1302.92328346        1.75292969
   1304.07187411        1.83593750
   1305.24264514        1.51855469
   1306.39132512        1.50878906
   1307.57455196        1.58691406
   1308.73779279        1.69433594
   1309.89165926        1.66992188
   1311.10729295        1.71875000
   1312.30582925        1.58691406
   1313.50637843        1.85546875
   1314.74017099        1.67968750
   1316.01148978        1.52832031
   1317.16656096        1.66992188
   1318.36158478        1.52832031
   1319.60279647        1.69433594
   1320.82045248        1.59667969
   1322.01995718        1.69433594
   1323.58539709        1.69433594
   1324.73597368        1.64062500
   1325.88898803        1.56250000
   1327.01354188        1.60644531
   1328.19499735        1.55273438
   1329.34131472        1.71875000
   1330.49638070        1.77246094
   1331.64280488        1.66992188
   1332.81823733        1.67480469
   1334.03342250        1.57226563
   1335.20069144        1.55273438
   1336.32036080        1.69433594
   1337.44961718        1.53808594
   1338.60708263        1.88476563
   1339.82149649        1.60644531
   1341.02923512        1.79199219
   1342.24075609        1.64550781
   1343.44265648        1.72851563
   1344.68071252        1.69921875
   1345.89213519        1.72363281
   1347.09339235        1.57714844
   1348.31812863        1.79199219
   1349.49879577        1.68945313
   1350.70027081        1.69433594
   1351.88244702        1.67480469
   1353.12215910        1.66503906
   1354.30620262        1.56250000
   1355.57622171        1.75781250
   1356.77956359        1.65527344
   1358.00829348        1.60156250
   1359.18149092        1.67968750
   1360.41411753        1.64550781
   1361.61363593        1.71875000
   1362.82036836        1.68457031
   1364.06969299        1.67968750
   1365.34117152        1.55273438
   1366.51279988        1.54785156
   1367.69853772        1.69433594
   1368.94561554        1.70898438
   1370.18150793        1.65527344
   1371.42975405        1.63574219
   1372.65183470        1.64550781
   1373.85023205        1.60644531
   1375.02010936        1.76757813
   1376.20531363        1.68457031
   1377.40901989        1.67480469
   1378.60548235        1.65527344
   1379.82489555        1.69433594
   1381.05759684        1.81152344
   1382.28219984        1.64062500
   1383.57905505        1.65527344
   1384.75862856        1.57226563
   1385.96251867        1.73339844
   1387.18490274        1.49414063
   1388.43866476        1.59179688
   1389.99252132        1.44042969
   1391.33564663        1.74316406
   1392.66739276        1.59667969
   1393.90860588        1.83105469
   1395.07742641        1.74316406
   1396.27928049        1.78222656
   1397.49644970        1.70898438
   1398.72560542        1.53320313
   1399.89762321        1.65039063
   1401.09677581        1.77246094
   1402.30091120        1.86035156
   1403.50083606        1.85546875
   1404.68418578        1.66503906
   1405.88567688        1.61132813
   1407.10565202        1.75292969
   1408.35352430        1.65527344
   1409.55384143        1.72363281
   1410.79246129        1.47949219
   1411.99419154        1.56738281
   1413.24271840        1.67480469
   1414.41204227        1.83593750
   1415.56622540        1.71386719
   1416.76956160        1.80664063
   1417.91928181        1.60644531
   1419.14662552        1.55273438
   1420.34044180        1.54785156
   1421.57325368        1.73339844
   1422.77109855        1.69433594
   1423.97536581        1.75292969
   1425.17876770        1.81640625
   1426.39866297        1.62597656
   1427.60557120        1.53808594
   1428.80582216        1.66503906
   1430.00272794        1.72851563
   1431.26619421        1.65527344
   1432.48572036        1.60644531
   1433.68712592        1.77246094
   1434.90330075        1.72851563
   1436.11841409        1.45996094
   1437.30396856        1.67968750
   1438.50771736        1.50390625
   1439.79516608        1.65039063
   1441.00168204        1.78222656
   1442.19838649        1.72363281
   1443.38266773        1.84082031
   1444.59940025        1.60156250
   1445.80418738        1.85058594
   1447.00230968        1.62109375
   1448.20511986        1.69921875
   1449.41098786        1.56738281
   1450.60682080        1.82128906
   1451.81468089        1.81152344
   1453.02648354        1.72363281
   1454.21934987        1.83593750
   1455.41395826        1.75781250
   1456.60471671        1.69433594
   1457.81746838        1.89941406
   1459.05554096        1.73828125
   1460.27595610        1.80175781
   1461.54377706        1.66015625
   1462.72643675        1.69433594
   1463.91074021        1.71386719
   1465.12714615        1.88964844
   1466.38250846        1.43554688
   1467.60264807        1.85058594
   1468.83245080        1.68945313
   1470.00697535        1.95800781
   1471.25722536        1.70410156
   1472.43914683        1.77734375
   1473.60833507        1.63574219
   1474.81001569        1.74804688
   1476.05876846        1.80664063
   1477.27686495        1.71386719
   1478.45962436        1.70410156
   1479.66356457        1.65527344
   1480.91652598        1.58203125
   1482.15209795        1.60644531
   1483.35208188        1.69433594
   1484.55984602        1.61132813
   1485.77306653        1.63085938
   1487.04000085        1.73339844
   1488.23979290        1.79687500
   1489.51205976        1.61132813
   1490.74791103        1.77734375
   1491.93831266        1.53320313
   1493.16325690        1.67968750
   1494.38215872        1.64550781
   1495.59777445        1.75781250
   1496.80065694        1.79199219
   1497.98403454        1.75781250
   1499.15729909        1.68457031
   1500.38546373        1.73339844
   1501.58782729        1.83593750
   1502.75792767        1.70410156
   1503.93891525        1.60644531
   1505.11586810        1.65039063
   1506.34192724        1.49902344
   1507.54517742        1.75292969
   1508.74516702        1.68945313
   1509.94929249        1.63574219
   1511.16738520        1.73339844
   1512.37179424        1.65039063
   1513.57189018        1.67968750
   1514.77982542        1.52343750
   1516.02730826        1.78222656
   1517.25822400        1.82617188
   1518.45281632        1.64550781
   1519.72445838        1.67480469
   1520.90689311        1.87011719
   1522.14196552        1.80175781
   1523.36336607        1.74316406
   1524.57811454        1.72363281
   1525.73670340        1.77734375
   1526.94030285        1.65527344
   1528.13394380        1.57714844
   1529.34131898        1.72363281
   1530.54230438        1.57714844
   1531.74160208        1.74804688
   1532.98916810        1.68945313
   1534.18137654        1.64062500
   1535.37601660        1.77734375
   1536.65107237        1.77734375
   1537.85753304        1.64550781
   1539.05643562        1.76269531
   1540.25992448        1.60156250
   1541.54559191        1.54785156
   1542.81656994        1.61132813
   1544.01932104        1.63085938
   1545.29944231        1.62597656
   1546.46584542        1.80175781
   1547.70102180        1.68457031
   1548.90248502        1.80664063
   1550.07098040        1.82617188
   1551.27176541        1.55761719
   1552.47262888        2.02636719
   1553.66415912        1.70410156
   1554.87573728        1.75781250
   1556.06424372        1.61621094
   1557.31132578        1.55273438
   1558.50424504        1.83105469
   1559.68748511        1.84570313
   1560.89925563        1.65039063
   1562.08688914        1.61132813
   1563.28394427        1.62109375
   1564.47234059        1.78222656
   1565.69076176        1.52343750
   1566.89005567        1.65527344
   1568.12577556        1.76757813
   1569.32768352        1.74804688
   1570.49828062        1.69433594
   1571.71820661        1.80175781
   1572.93940630        1.59179688
   1574.15760960        1.79199219
   1575.34173724        1.60156250
   1576.53309167        1.57714844
   1577.74935157        1.66992188
   1578.93446037        1.76757813
   1580.18673743        1.73339844
   1581.43931461        1.53808594
   1582.63885145        1.78222656
   1583.83946963        1.81640625
   1585.04599079        1.66015625
   1586.29842524        1.66992188
   1587.49909447        1.60156250
   1588.68113267        1.70410156
   1589.88234919        1.59667969
   1591.08602520        1.64550781
   1592.31940942        1.84570313
   1593.53432945        1.73828125
   1594.75650226        1.62597656
   1595.95652778        1.77734375
   1597.19262482        1.76269531
   1598.36057385        1.83105469
   1599.54266499        1.63085938
   1600.81316095        1.79687500
   1601.96755534        1.59179688
   1603.16650519        1.66015625
   1604.35239758        1.84082031
   1605.57334962        1.66015625
   1606.82166947        1.75781250
   1608.02241621        1.83593750
   1609.32464034        1.74804688
   1610.52587481        1.87011719
   1611.73405108        1.79199219
   1612.96304233        1.67480469
   1614.21616821        1.81640625
   1615.44905524        1.66015625
   1616.63597747        1.64550781
   1617.84217489        1.74316406
   1619.05672392        1.67968750
   1620.27373906        1.83105469
   1621.44943144        1.76269531
   1622.63306284        1.65527344
   1623.84587595        1.80175781
   1625.05178176        1.74316406
   1626.25541477        1.67480469
   1627.45420156        1.73828125
   1628.74046827        1.71386719
   1629.98748937        1.83105469
   1631.24681409        1.71386719
   1632.47007912        1.58203125
   1633.65066025        1.78710938
   1634.82518479        1.80664063
   1636.04025370        1.80664063
   1637.29577481        1.66015625
   1638.47640320        1.76757813
   1639.67609978        1.99218750
   1640.89870409        1.68945313
   1642.08133732        1.81152344
   1643.30624846        1.82617188
   1644.62841324        1.88476563
   1645.92138590        1.63085938
   1647.15448891        1.76757813
   1648.39781273        1.79687500
   1649.58606490        1.73339844
   1650.78096820        1.75781250
   1651.96466671        1.78222656
   1653.18831219        1.90917969
   1654.33731733        1.79199219
   1655.54077736        1.69433594
   1656.74781509        1.79199219
   1658.02730117        1.89453125
   1659.22812400        1.80175781
   1660.43165775        1.72363281
   1661.65007751        1.83105469
   1662.87478969        1.88964844
   1664.12243369        1.80175781
   1665.31936877        1.69433594
   1666.49067055        1.85058594
   1667.69268484        1.84082031
   1668.89340180        1.82617188
   1670.05157807        1.85546875
   1671.19987003        1.80664063
   1672.43432898        1.76269531
   1673.60191552        1.64062500
   1674.78556062        1.87011719
   1675.95782842        1.65527344
   1677.15647296        1.71875000
   1678.33618825        1.80175781
   1679.50837429        1.76757813
   1680.70598569        1.76757813
   1681.89478231        1.75781250
   1683.14561317        1.77734375
   1684.31401072        1.85058594
   1685.49987381        1.74804688
   1686.70251999        1.62109375
   1687.90335511        1.69433594
   1689.12842269        1.76269531
   1690.37166994        1.70410156
   1691.57705399        1.64062500
   1692.77514840        1.70898438
   1693.97994357        1.79687500
   1695.20422992        1.88476563
   1696.38890863        1.75781250
   1697.54417169        1.79687500
   1698.72276594        1.74804688
   1699.92531996        1.86035156
   1701.12833526        1.82128906
   1702.35030247        1.64062500
   1703.55266319        1.88476563
   1704.78852960        1.94824219
   1706.01189292        1.83105469
   1707.22969923        1.79687500
   1708.44148439        1.77734375
   1709.66367941        1.86035156
   1710.91227480        1.76757813
   1712.11383916        1.79687500
   1713.34668034        1.69433594
   1714.63053434        1.71386719
   1715.96571497        1.73828125
   1717.20407963        1.68945313
   1718.41766121        1.66503906
   1719.62031779        1.87011719
   1720.85355266        1.72851563
   1722.05608825        1.84082031
   1723.27320547        1.78222656
   1724.47580439        1.73828125
   1725.65653440        1.85546875
   1726.88133779        1.70410156
   1728.11490585        1.87988281
   1729.31548386        1.81640625
   1730.51835359        1.66992188
   1731.81894058        1.66992188
   1732.98214833        1.73339844
   1734.20832042        1.66015625
   1735.39515426        1.93847656
   1736.59613778        1.82617188
   1737.84136955        1.73339844
   1739.07475424        1.87500000
   1740.27603172        1.74316406
   1741.47921243        1.79687500
   1742.69978921        1.73828125
   1743.94695068        1.65527344
   1745.20009405        1.67968750
   1746.38041713        1.85058594
   1747.60221610        1.92382813
   1748.80762094        1.80664063
   1749.98766518        1.90429688
   1751.18784950        1.74804688
   1752.39140405        1.71386719
   1753.61135887        1.79199219
   1754.86217271        1.75781250
   1756.02415118        1.83105469
   1757.22821001        1.92382813
   1758.42927009        1.71875000
   1759.65136208        1.72363281
   1760.88592879        1.79687500
   1762.08631680        1.74316406
   1763.30244390        1.83105469
   1764.52146719        1.69433594
   1765.71131444        2.02636719
   1766.95897215        1.83105469
   1768.16013952        1.66992188
   1769.40857090        1.79687500
   1770.62352213        1.86523438
   1771.89736894        1.78710938
   1773.09548462        1.90429688
   1774.29705749        1.79199219
   1775.49955716        1.93847656
   1776.69858499        1.85546875
   1777.90342411        1.94335938
   1779.11834981        1.96289063
   1780.32186655        1.77734375
   1781.52264353        1.87011719
   1782.77695049        1.78222656
   1783.99011428        1.86523438
   1785.21013479        1.77734375
   1786.41449326        1.78710938
   1787.63182695        1.87011719
   1788.84713547        1.87011719
   1790.01936783        1.80664063
   1791.25182146        1.86035156
   1792.47933200        1.77734375
   1793.70151237        1.87500000
   1794.92419088        1.92382813
   1796.12369652        1.89453125
   1797.30447379        1.87988281
   1798.50479753        1.84082031
   1799.71703594        1.75781250
   1800.99720258        1.81152344
   1802.26519793        1.83593750
   1803.53632248        1.80664063
   1804.70777643        1.62109375
   1805.93748369        1.74804688
   1807.08474724        1.96777344
   1808.35842108        1.86523438
   1809.61149356        1.63574219
   1810.79371987        1.85546875
   1812.06838762        1.72363281
   1813.26612284        1.78222656
   1814.50097643        1.93359375
   1815.72013819        1.73828125
   1816.92254807        1.88964844
   1818.14479224        1.65527344
   1819.34546855        1.80664063
   1820.54518309        1.93359375
   1821.72969261        1.78222656
   1822.90000945        1.88476563
   1824.09971265        1.88964844
   1825.30346097        1.90429688
   1826.45758786        1.84082031
   1827.70491899        1.79199219
   1828.90821171        1.65039063
   1830.11047366        1.87011719
   1831.34393586        1.75781250
   1832.56723066        1.97753906
   1833.81659121        1.88476563
   1835.01393226        1.89453125
   1836.19681031        1.80175781
   1837.43673412        1.87988281
   1838.62543670        1.69433594
   1839.84657022        1.80664063
   1841.04857931        1.67968750
   1842.23101830        1.81152344
   1843.40472853        1.74804688
   1844.61802796        1.84082031
   1845.84041203        1.87500000
   1847.04001834        1.76757813
   1848.25829017        1.79687500
   1849.46016787        1.85546875
   1850.71291992        1.80175781
   1851.93352742        1.76269531
   1853.16546449        1.94824219
   1854.40053406        1.92382813
   1855.60186022        1.85058594
   1856.83342675        1.85546875
   1858.05718472        1.78710938
   1859.25200815        1.97265625
   1860.45534718        1.70898438
   1861.67592964        1.88964844
   1862.87934713        1.88476563
   1864.12377025        1.84570313
   1865.34212054        1.84570313
   1866.56068066        1.87011719
   1867.73041146        1.91894531
   1868.93166578        1.83105469
   1870.11853366        1.75292969
   1871.31865890        1.95312500
   1872.53890107        1.84082031
   1873.78535692        1.99218750
   1874.99286916        1.85546875
   1876.19901601        1.90429688
   1877.39618220        1.84570313
   1878.59489858        1.80175781
   1879.78141152        1.89453125
   1881.04971785        1.85546875
   1882.25022260        1.80664063
   1883.48245269        1.80664063
   1884.70056383        1.79687500
   1885.88745581        1.89941406
   1887.10919995        1.80664063
   1888.31164338        1.78710938
   1889.56037299        1.91406250
   1890.76379379        1.69433594
   1891.96403199        1.85058594
   1893.20285177        1.89453125
   1894.44989319        1.85058594
   1895.69057603        1.79199219
   1896.92753370        1.79199219
   1898.19642938        1.96777344
   1899.39723425        1.86035156
   1900.63037696        1.82617188
   1901.86510105        1.93359375
   1903.07006068        1.79687500
   1904.32162599        1.73828125
   1905.55309895        1.97753906
   1906.75326673        1.90917969
   1907.95808033        1.88476563
   1909.18098805        2.06054688
   1910.41064285        1.86523438
   1911.62768730        1.97265625
   1912.87519094        1.94335938
   1914.05307248        1.91894531
   1915.25153175        1.83593750
   1916.55009216        1.91894531
   1917.75210031        1.81640625
   1918.91699718        1.91894531
   1920.13342534        2.01171875
   1921.33809715        1.91406250
   1922.59338006        1.78222656
   1923.81226676        1.73339844
   1925.01064380        1.84570313
   1926.26193262        1.84082031
   1927.47812589        1.90429688
   1928.69494158        1.93359375
   1929.91479715        1.90429688
   1931.11610441        1.90917969
   1932.31785735        1.93847656
   1933.56950961        1.91406250
   1934.73914731        1.89453125
   1935.95583965        1.93847656
   1937.17369463        1.77734375
   1938.37457843        1.86035156
   1939.57777190        1.90917969
   1940.76165283        1.89453125
   1941.96328620        1.91406250
   1943.16318222        1.99707031
   1944.36630338        1.93847656
   1945.58090440        1.97265625
   1946.78585175        1.83105469
   1947.98530682        1.82128906
   1949.21795281        1.87988281
   1950.43846107        1.89941406
   1951.63677099        1.74316406
   1952.81787105        2.04101563
   1954.00290234        1.75781250
   1955.24611226        1.95800781
   1956.41067452        1.87500000
   1957.63431149        1.93847656
   1958.89772104        2.00195313
   1960.10203320        1.87500000
   1961.30308571        1.93359375
   1962.53656587        1.82128906
   1963.75602586        2.04101563
   1964.93872479        1.86523438
   1966.19566516        1.90917969
   1967.40969337        1.62109375
   1968.61297852        1.90429688
   1969.82651804        1.95800781
   1971.04823572        1.93359375
   1972.22399380        1.87500000
   1973.41849396        1.92382813
   1974.60031618        1.89941406
   1975.75335747        1.84082031
   1977.00272227        1.89941406
   1978.20320292        1.98242188
   1979.44182279        1.96777344
   1980.70778589        1.99707031
   1981.90718472        1.77734375
   1983.07500331        1.89453125
   1984.26242320        2.06542969
   1985.44659527        1.85058594
   1986.66433446        1.92382813
   1987.89975424        1.88964844
   1989.12924693        2.06542969
   1990.30541099        1.88476563
   1991.55092160        1.87988281
   1992.74187005        1.90429688
   1993.88340123        1.88476563
   1995.12645377        1.96777344
   1996.40725797        1.90917969
   1997.58736365        1.87500000
   1998.81220202        1.85546875
   2000.04333800        2.01660156
   2001.28999471        1.92871094
   2002.52364548        1.89453125
   2003.77909097        1.84082031
   2005.02428635        1.96777344
   2006.23248247        1.84082031
   2007.44654375        1.78222656
   2008.64947681        1.87500000
   2009.88462247        1.90917969
   2011.11758654        1.97265625
   2012.38658667        1.83593750
   2013.65308902        1.84082031
   2014.91197280        1.99218750
   2016.13832590        1.73828125
   2017.36084277        1.91894531
   2018.59390797        2.01660156
   2019.81481559        2.05566406
   2021.01351778        1.89941406
   2022.20285271        1.88964844
   2023.40290281        2.00195313
   2024.60294676        1.98242188
   2025.77567820        1.90917969
   2026.99260308        1.85546875
   2028.20891213        1.96289063
   2029.42562338        1.85546875
   2030.71168450        1.95312500
   2031.96049445        1.96289063
   2033.20942776        1.93359375
   2034.41621689        1.89453125
   2035.61654016        1.86035156
   2036.84989461        2.02148438
   2038.15157334        1.91894531
   2039.32090430        1.93847656
   2040.54252651        1.91406250
   2041.77810556        1.89453125
   2043.00688697        1.81640625
   2044.24452899        2.02636719
   2045.43775309        2.04101563
   2046.67104656        1.92871094
   2047.84163752        1.90917969
   2049.06515445        1.91894531
   2050.29499594        1.96289063
   2051.49736942        2.05566406
   2052.72041278        2.11914063
   2053.93773891        1.73828125
   2055.22166002        1.89941406
   2056.42003516        1.91406250
   2057.62185757        1.95312500
   2058.79316124        1.92871094
   2059.97595799        2.04101563
   2061.17391298        1.86523438
   2062.34161862        1.78222656
   2063.49727206        1.92382813
   2064.73055466        2.09472656
   2065.92988402        2.09472656
   2067.15054162        1.84082031
   2068.38160718        1.88964844
   2069.56176437        1.85546875
   2070.79336163        1.97265625
   2072.02847137        1.98242188
   2073.23014585        1.97753906
   2074.43234872        1.86035156
   2075.63229484        2.05566406
   2076.83406195        1.93847656
   2078.05526968        2.06542969
   2079.32384351        1.95312500
   2080.54028678        1.96777344
   2081.73998620        1.94335938
   2082.89156852        1.88964844
   2084.05983043        1.79199219
   2085.23152731        1.84082031
   2086.46492240        2.11914063
   2087.65768333        1.90917969
   2088.85675747        1.85058594
   2090.02803042        1.93359375
   2091.22940526        1.87988281
   2092.46264155        1.92382813
   2093.76764420        1.86523438
   2095.01181400        1.88476563
   2096.18788258        1.86035156
   2097.39415893        2.00195313
   2098.61366665        2.00195313
   2099.86025011        1.81640625
   2101.07354387        1.97753906
   2102.25840785        1.97753906
   2103.51108286        1.95312500
   2104.69185682        1.83593750
   2105.92141142        1.89941406
   2107.17107870        1.94335938
   2108.38207176        1.90429688
   2109.65667571        1.88476563
   2110.90635575        2.13867188
   2112.10412783        2.04101563
   2113.30366089        1.93359375
   2114.50550598        1.96289063
   2115.66191230        1.86523438
   2116.86076432        1.97753906
   2118.06852657        1.96777344
   2119.24662504        1.93847656
   2120.43548405        1.93359375
   2121.62222290        1.91894531
   2122.82614231        2.09960938
   2124.07292143        2.06542969
   2125.30751319        1.87500000
   2126.57341201        1.97753906
   2127.77922850        2.03125000
   2128.98454686        1.97265625
   2130.18080704        1.94335938
   2131.38293429        1.94824219
   2132.58362903        1.84570313
   2133.78299336        2.00195313
   2134.93310301        1.99218750
   2136.09039360        1.97265625
   2137.35744466        2.00195313
   2138.57941140        2.00195313
   2139.78086281        1.71386719
   2140.98471085        2.04589844
   2142.18468722        2.09472656
   2143.41970480        1.95312500
   2144.63699028        1.95312500
   2145.86961548        2.02148438
   2147.06774486        2.02148438
   2148.32413984        2.03613281
   2149.54473458        1.99218750
   2150.76298561        1.85546875
   2152.03367110        2.08984375
   2153.21460811        2.00195313
   2154.43715097        2.00195313
   2155.72207970        1.95800781
   2156.92549152        2.02636719
   2158.16132909        1.97753906
   2159.36342184        2.00195313
   2160.60476539        2.06542969
   2161.76840653        2.03613281
   2162.98980661        1.94824219
   2164.16195578        2.00195313
   2165.37780829        1.90429688
   2166.57563142        1.94824219
   2167.75113003        1.99707031
   2168.97446547        2.01171875
   2170.15287304        2.12402344
   2171.37482797        1.96777344
   2172.54277936        1.99707031
   2173.77785366        2.00683594
   2174.95259183        2.00683594
   2176.17944874        2.04101563
   2177.45482967        2.12402344
   2178.65396194        1.92871094
   2179.80328799        2.13867188
   2181.00631558        2.03125000
   2182.20615536        1.95800781
   2183.35846693        2.03613281
   2184.58788117        1.99218750
   2185.76017780        2.00195313
   2186.99184878        1.93359375
   2188.19358990        2.08984375
   2189.43066715        1.96289063
   2190.66354425        1.93359375
   2191.89561270        1.84570313
   2193.09822438        1.91894531
   2194.26874208        1.96289063
   2195.45062055        1.94335938
   2196.61777936        1.97753906
   2197.82187648        2.03613281
   2199.00700040        2.01660156
   2200.20446670        1.93359375
   2201.42458741        2.01660156
   2202.62548821        1.95800781
   2203.82031637        1.88476563
   2205.07316719        2.02636719
   2206.30676267        1.96289063
   2207.50529614        1.88964844
   2208.72637437        2.05078125
   2209.92952105        1.95312500
   2211.15567187        2.01171875
   2212.36793485        1.90429688
   2213.60083417        1.93359375
   2214.80196041        1.95800781
   2215.96941509        1.85058594
   2217.17076677        1.90917969
   2218.34506021        1.95312500
   2219.57740940        1.98242188
   2220.74492315        1.97265625
   2221.93761981        2.00195313
   2223.17060608        2.05566406
   2224.34195323        1.85058594
   2225.54115923        2.06054688
   2226.72951443        2.03125000
   2227.94600828        2.04589844
   2229.20869284        1.97265625
   2230.42502127        1.82128906
   2231.69381250        1.83105469
   2232.86388548        1.82617188
   2234.06588795        2.05566406
   2235.25128552        2.03613281
   2236.46776849        2.05566406
   2237.65533395        2.15820313
   2238.80314148        2.00683594
   2240.09249863        1.95312500
   2241.30567991        2.12890625
   2242.52982163        2.06054688
   2243.71170057        2.12402344
   2244.93679178        2.19238281
   2246.17204898        2.06542969
   2247.37331323        1.99218750
   2248.53970027        2.06054688
   2249.72012827        2.15332031
   2250.94987428        2.11425781
   2252.23061327        1.96777344
   2253.44679093        1.92871094
   2254.62951349        1.98730469
   2255.82806445        2.09960938
   2257.10036108        1.99707031
   2258.28795489        1.95312500
   2259.50364765        2.10449219
   2260.70442936        2.07519531
   2261.86286226        2.01171875
   2263.09401667        1.87988281
   2264.26813383        2.00195313
   2265.51242651        1.92871094
   2266.66472815        2.03613281
   2267.90108087        1.95312500
   2269.13672515        2.02148438
   2270.52106216        1.99707031
   2271.76359765        1.96289063
   2273.04852780        2.00683594
   2274.27030503        1.93847656
   2275.48380107        2.06542969
   2276.65334234        2.18750000
   2277.95402906        2.01171875
   2279.17189396        1.92382813
   2280.39762274        1.99218750
   2281.59971454        1.85546875
   2282.76927567        1.99218750
   2283.96313638        2.04589844
   2285.18030796        2.15820313
   2286.37993695        2.01171875
   2287.58462484        2.01171875
   2288.79038178        2.10937500
   2290.04011192        2.19238281
   2291.26080118        2.15332031
   2292.45745175        2.02636719
   2293.64486644        2.10937500
   2294.84306577        2.15332031
   2296.04578237        2.06542969
   2297.21732093        2.08007813
   2298.42000917        2.10937500
   2299.61980547        2.06054688
   2300.85921272        2.17285156
   2302.10477295        1.91406250
   2303.32612672        2.18261719
   2304.58228208        2.02148438
   2305.77766981        2.12890625
   2307.49824754        1.94824219
   2309.20335416        1.93847656
   2310.38779609        1.97753906
   2311.58567074        1.97265625
   2312.80811294        2.08984375
   2314.04038509        2.05566406
   2315.25804630        1.94824219
   2316.51244021        1.95800781
   2317.76385334        2.03125000
   2318.96259429        2.07031250
   2320.17893548        1.97265625
   2321.40057943        2.16796875
   2322.65458958        2.10449219
   2323.90104921        2.08007813
   2325.12285810        2.03613281
   2326.32983250        2.11425781
   2327.52775866        1.95312500
   2328.78492211        1.99707031
   2330.05508961        2.00683594
   2331.34779004        1.97265625
   2332.66106537        2.16796875
   2334.44462115        1.86035156
   2335.72869397        2.03613281
   2336.94759155        1.88476563
   2338.14940498        2.16308594
   2339.38568681        1.85058594
   2340.58427416        2.05078125
   2341.75847780        2.20214844
   2342.99086149        2.08496094
   2344.19666664        1.98730469
   2345.39429883        2.05566406
   2346.56912396        1.94335938
   2347.76948173        2.04101563
   2348.94908549        2.04101563
   2350.12134667        2.15820313
   2351.35093814        2.09472656
   2352.57575524        2.18750000
   2353.79334036        2.08984375
   2354.92978666        1.93847656
   2356.13302030        1.98730469
   2357.33012411        2.06542969
   2358.53914778        1.97753906
   2359.75112246        2.09472656
   2360.96790933        2.12402344
   2362.16950820        2.03125000
   2363.35287587        2.19726563
   2364.56113485        2.03613281
   2365.80632503        2.08007813
   2366.99015965        1.97265625
   2368.19270327        2.05566406
   2369.39283608        2.15820313
   2370.59382196        2.17773438
   2371.79539624        2.09472656
   2372.99413483        1.96289063
   2374.16641445        2.01660156
   2375.40300348        1.99707031
   2376.62141426        2.08984375
   2377.82013205        2.00195313
   2378.99850795        2.16796875
   2380.22511296        2.06542969
   2381.45198310        2.12890625
   2382.64807740        2.11425781
   2383.82770384        2.19726563
   2385.03040201        2.08496094
   2386.20460565        2.22656250
   2387.40550835        2.08984375
   2388.60433484        1.88476563
   2389.79089410        2.08984375
   2390.99422699        1.92382813
   2392.25529331        2.05566406
   2393.51117360        2.03125000
   2394.71199359        2.16308594
   2395.89484564        2.16796875
   2397.06452776        1.96289063
   2398.24529274        2.10449219
   2399.45578105        2.00683594
   2400.66862015        2.20703125
   2401.86924353        2.18750000
   2403.04664017        2.09960938
   2404.27975830        1.98730469
   2405.51592623        2.17285156
   2406.72108957        2.11425781
   2407.97047942        2.05078125
   2409.17565977        2.14843750
   2410.37453447        1.98242188
   2411.59359463        2.08007813
   2412.77932208        2.04589844
   2414.00064181        2.07519531
   2415.20525361        2.04101563
   2416.43551619        2.09960938
   2417.65236781        2.00683594
   2418.85885920        2.03125000
   2420.06044766        2.02636719
   2421.28819971        2.07031250
   2422.51158431        1.94335938
   2423.71245959        1.95312500
   2424.94607917        2.26074219
   2426.14557111        1.98242188
   2427.31783513        1.99707031
   2428.49414570        1.92382813
   2429.69777114        2.23144531
   2430.91745515        2.18261719
   2432.09980859        2.08007813
   2433.28673176        2.05566406
   2434.50144479        2.00683594
   2435.66350785        2.04101563
   2436.95469214        2.09472656
   2438.15873065        2.15332031
   2439.35773343        2.19726563
   2440.58132266        2.09960938
   2441.78142239        2.08496094
   2442.93348536        2.18750000
   2444.13308127        2.01171875
   2445.30597340        1.99218750
   2446.48732111        2.13867188
   2447.67168507        2.09960938
   2448.88995548        2.17773438
   2450.11334717        2.13867188
   2451.31352440        1.99707031
   2452.56794998        2.00683594
   2453.87126491        2.01660156
   2455.19823147        1.90429688
   2456.40029302        2.20703125
   2457.65230259        2.02636719
   2458.85483676        2.09960938
   2460.05700323        2.04101563
   2461.25972409        2.22167969
   2462.45816445        1.95800781
   2463.63146870        2.17285156
   2464.86359718        2.18261719
   2466.01219634        2.10449219
   2467.22962739        1.83105469
   2468.46718576        2.26074219
   2469.68439940        2.00683594
   2470.88636926        2.21679688
   2472.17048226        2.12890625
   2473.38716893        2.15332031
   2474.59153875        1.99707031
   2475.77547262        2.05078125
   2476.98117095        2.04101563
   2478.17809139        2.04101563
   2479.38029756        2.16308594
   2480.61522014        2.22656250
   2481.82148751        2.17285156
   2482.97356844        2.17773438
   2484.15809734        1.96289063
   2485.32647078        2.11425781
   2486.50635008        2.11914063
   2487.67974318        2.14355469
   2488.81780725        1.90429688
   2490.02529586        2.08496094
   2491.26095856        1.86035156
   2492.46380277        2.01660156
   2493.63492448        2.14355469
   2494.83532100        2.08007813
   2496.06819385        2.12402344
   2497.29446141        2.24121094
   2498.52465972        2.14843750
   2499.77446169        2.20214844
   2501.00234323        1.99707031
   2502.18665614        2.16308594
   2503.35762614        2.16308594
   2504.53713018        2.15332031
   2505.73960102        2.02148438
   2506.99354264        2.06054688
   2508.19812986        2.22167969
   2509.41021939        2.05566406
   2510.59601112        2.12890625
   2511.81651464        2.14355469
   2513.09985822        2.00683594
   2514.30536845        2.29980469
   2515.50327712        2.05078125
   2516.71946471        2.02148438
   2517.92726572        2.21191406
   2519.12345643        2.15332031
   2520.37614468        2.19726563
   2521.55554285        2.13867188
   2522.77862355        2.33886719
   2524.03485311        1.99707031
   2525.23264741        1.94824219
   2526.41612048        2.05566406
   2527.61903605        2.12890625
   2528.80550976        2.16796875
   2530.02408218        2.10937500
   2531.25450451        2.12402344
   2532.49408662        2.19726563
   2533.67395930        2.24121094
   2534.89318770        2.12402344
   2536.13444761        2.05566406
   2537.35369208        2.07519531
   2538.60324640        2.00195313
   2539.86969913        1.98730469
   2541.06466388        2.00683594
   2542.28532715        2.13378906
   2543.48488808        2.00195313
   2544.68918795        2.08984375
   2545.85459005        2.08496094
   2547.03529501        2.17285156
   2548.26875910        2.16796875
   2549.47184292        2.15820313
   2550.67126113        2.22656250
   2551.87509074        2.23144531
   2553.09207138        2.26562500
   2554.25745884        2.12402344
   2555.47380664        2.14843750
   2556.69474309        2.22167969
   2557.89949855        2.01660156
   2559.13262520        2.10449219
   2560.32021759        2.29980469
   2561.52488752        1.97753906
   2562.70720457        2.13378906
   2563.90838847        2.22167969
   2565.13555353        2.03613281
   2566.33762028        2.08984375
   2567.54004339        2.01660156
   2568.73951831        2.23632813
   2569.96334858        2.08007813
   2571.15392319        2.13378906
   2572.39156994        2.00683594
   2573.60631510        2.08496094
   2574.80530654        2.00683594
   2576.01141416        2.09472656
   2577.21274647        2.13867188
   2578.44661701        2.05078125
   2579.66348281        2.21679688
   2580.87359113        2.07031250
   2582.07683233        2.03125000
   2583.27489650        2.15820313
   2584.43398539        1.99707031
   2585.66149593        2.22656250
   2586.88246262        2.16308594
   2588.08620290        2.08007813
   2589.28622890        2.04101563
   2590.46943730        2.11914063
   2591.67207403        2.04101563
   2592.82793022        2.19238281
   2594.03058633        2.20703125
   2595.24308326        2.12890625
   2596.43032072        2.24121094
   2597.66259003        2.15820313
   2598.86299554        2.28027344
   2600.03117615        2.09960938
   2601.23175416        2.12890625
   2602.48813638        2.17773438
   2603.79787606        2.19726563
   2604.96728406        2.12890625
   2606.15089608        2.08496094
   2607.37129516        2.01660156
   2608.57744437        2.12890625
   2609.82348904        2.02148438
   2611.05783551        2.20214844
   2612.22427170        2.16796875
   2613.41260327        2.15332031
   2614.57924788        2.33886719
   2615.72950356        2.20214844
   2616.93248341        2.25097656
   2618.11716024        2.09960938
   2619.33370134        2.06054688
   2620.57238974        2.25585938
   2621.77260431        2.13867188
   2622.99289657        2.10937500
   2624.17073700        2.19238281
   2625.37207828        2.14843750
   2626.56705579        2.22656250
   2627.76737669        2.16796875
   2629.02188876        2.10449219
   2630.18791992        2.17285156
   2631.38811133        2.21679688
   2632.57512619        2.29003906
   2633.79857553        2.21191406
   2635.04592935        2.08984375
   2636.29409418        2.15820313
   2637.48530068        2.14355469
   2638.65143581        2.24609375
   2639.85655803        2.26562500
   2641.05360512        2.18750000
   2642.25736526        2.03613281
   2643.49486266        2.29492188
   2644.68980093        2.09960938
   2645.91545929        2.08007813
   2647.14923483        2.18261719
   2648.36500085        2.13378906
   2649.55206912        2.22167969
   2650.76856296        2.06542969
   2651.99997873        2.03613281
   2653.16807144        1.98242188
   2654.37330520        2.24609375
   2655.55827552        2.18750000
   2656.77194453        2.28515625
   2657.97393189        2.05566406
   2659.17538235        2.22656250
   2660.36185133        2.06542969
   2661.56622776        2.09472656
   2662.75060070        2.27050781
   2663.93333837        2.15332031
   2665.15212299        2.11914063
   2666.30546392        2.29492188
   2667.52812069        2.09960938
   2668.77866183        2.16796875
   2669.92940573        2.16308594
   2671.18807683        2.14843750
   2672.41586668        2.22656250
   2673.66300263        2.16796875
   2674.85475500        2.21679688
   2676.08563435        2.18750000
   2677.26688706        2.17285156
   2678.43974611        2.13378906
   2679.65518130        2.11914063
   2680.87485869        2.35839844
   2682.08112700        2.06542969
   2683.30019188        2.33886719
   2684.49753341        2.22656250
   2685.67119118        2.16796875
   2686.87305755        2.18750000
   2688.07717734        2.23144531
   2689.27132446        2.22656250
   2690.46089948        2.04589844
   2691.67526986        2.02148438
   2692.87902480        2.14355469
   2694.03401044        2.20214844
   2695.31351967        2.25585938
   2696.51728642        2.19726563
   2697.78566270        2.12890625
   2699.00892158        2.11914063
   2700.21251820        2.15820313
