      0.00641955        2.92480469
      1.32095535        2.90527344
      2.47796567        2.92968750
      3.65657646        2.94433594
      4.82704927        2.91015625
      6.00770885        2.92480469
      7.18023990        2.92480469
      8.34412916        2.91992188
      9.53432614        2.91015625
     10.71302201        2.92480469
     11.88573265        2.91992188
     13.03861278        2.89062500
     14.19551109        2.91503906
     15.37546647        2.89062500
     16.54213330        2.89550781
     17.69519443        2.90527344
     18.85162911        2.89062500
     20.00934694        2.89550781
     21.16618617        2.89550781
     22.33848092        2.89062500
     23.50763985        2.89062500
     24.66455943        2.89062500
     25.85435422        2.89550781
     27.02655207        2.89062500
     28.21633977        2.88574219
     29.38366873        2.87597656
     30.54179774        2.88085938
     31.71828884        2.85644531
     32.88279345        2.87597656
     34.06337836        2.85156250
     35.21630764        2.83203125
     36.38450810        2.85156250
     37.55458769        2.82714844
     38.71865559        2.82226563
     39.88475764        2.83203125
     41.07693915        2.82714844
     42.25018716        2.80273438
     43.43800499        2.80273438
     44.58880891        2.78320313
     45.77786547        2.78320313
     46.94616377        2.78320313
     48.12752755        2.77832031
     49.28985718        2.79296875
     50.44649271        2.77832031
     51.60157429        2.73925781
     52.76058330        2.73437500
     53.91449184        2.72460938
     55.07477409        2.73437500
     56.22868972        2.71484375
     57.40767293        2.70019531
     58.57030030        2.70507813
     59.72720854        2.71484375
     60.90818808        2.70996094
     62.08905373        2.70019531
     63.28200229        2.66601563
     64.44682402        2.69042969
     65.62298996        2.66601563
     66.78907830        2.67089844
     67.97019774        2.66113281
     69.13483562        2.62695313
     70.30424693        2.59765625
     71.46935318        2.62207031
     72.63376704        2.61230469
     73.81454808        2.61230469
     74.97982305        2.63183594
     76.13637021        2.62207031
     77.31337647        2.56347656
     78.50209086        2.60742188
     79.66760875        2.55859375
     80.84541845        2.53906250
     82.00238246        2.58300781
     83.15522194        2.60253906
     84.30788514        2.56835938
     85.47646322        2.52441406
     86.65833459        2.49511719
     87.82001342        2.54394531
     89.00356778        2.50488281
     90.18487721        2.48046875
     91.37743681        2.53906250
     92.55435185        2.53417969
     93.72702516        2.48046875
     94.88503034        2.52929688
     96.06562423        2.44628906
     97.21086215        2.45117188
     98.38465036        2.45605469
     99.56167174        2.49023438
    100.72963353        2.48535156
    101.90269155        2.45605469
    103.07568671        2.45117188
    104.22814479        2.42187500
    105.38520426        2.41210938
    106.55637371        2.47558594
    107.72789289        2.45605469
    108.90932000        2.44628906
    110.09469393        2.43652344
    111.25758030        2.40722656
    112.41569371        2.42187500
    113.59614770        2.38281250
    114.75961917        2.39746094
    115.93878008        2.34375000
    117.10503478        2.32910156
    118.28132975        2.32421875
    119.44658345        2.37304688
    120.60226809        2.39746094
    121.75924107        2.30957031
    122.94819508        2.36328125
    124.10206581        2.36816406
    125.28286339        2.32421875
    126.44844698        2.35351563
    127.62521977        2.32421875
    128.84304167        2.26562500
    130.12544993        2.26074219
    131.29188517        2.28027344
    132.44518829        2.25097656
    133.62178101        2.29003906
    134.79027119        2.24121094
    135.97187175        2.22167969
    137.12056166        2.27050781
    138.28895637        2.28515625
    139.44704567        2.23632813
    140.61689510        2.27050781
    141.78197393        2.24121094
    142.94637739        2.21191406
    144.10361741        2.17285156
    145.28416025        2.25097656
    146.44510227        2.22656250
    147.60199917        2.23632813
    148.78221591        2.15332031
    149.95098304        2.21679688
    151.12325463        2.13867188
    152.28940299        2.19726563
    153.47057631        2.16796875
    154.65937293        2.13867188
    155.82014954        2.17773438
    156.97662816        2.12890625
    158.15372705        2.11914063
    159.32255799        2.13378906
    160.47942133        2.14843750
    161.63626293        2.16308594
    162.78958731        2.11914063
    163.96963580        2.07519531
    165.13468439        2.10937500
    166.32333450        2.10937500
    167.50359945        2.06054688
    168.69686655        2.12402344
    169.87595894        2.09960938
    171.06317324        2.08496094
    172.22730920        2.05078125
    173.41546260        2.07031250
    174.59432151        2.00683594
    175.75939940        1.99707031
    176.93723888        2.07031250
    178.10212016        1.98730469
    179.25953693        1.97265625
    180.44788646        1.97265625
    181.60118816        2.03613281
    182.78088360        1.95800781
    183.95279600        2.03125000
    185.12440309        1.96777344
    186.31491153        2.02636719
    187.51130121        1.93359375
    188.68781075        1.95312500
    189.84468732        1.96777344
    191.00901847        1.91894531
    192.17963542        1.99218750
    193.35263389        1.90917969
    194.50985264        1.91894531
    195.69836522        1.97265625
    196.87814385        1.89941406
    198.03938267        1.96777344
    199.22025115        1.92871094
    200.40877129        1.87988281
    201.62704548        1.89453125
    202.80449553        1.87011719
    204.01008280        1.93847656
    205.22646700        1.92871094
    206.43790810        1.86523438
    207.62742925        1.89941406
    208.78422784        1.87500000
    209.94901790        1.82617188
    211.12597548        1.84082031
    212.29865966        1.88964844
    213.44791860        1.87011719
    214.63332183        1.81640625
    215.79797200        1.88964844
    216.96729777        1.86523438
    218.13558236        1.80664063
    219.30885164        1.86523438
    220.48574494        1.86035156
    221.65908511        1.83105469
    222.82310197        1.86035156
    224.00781330        1.80175781
    225.19745969        1.80664063
    226.35418927        1.82617188
    227.51076668        1.82617188
    228.67225646        1.81640625
    229.82107728        1.82617188
    230.98515180        1.81152344
    232.15302616        1.77246094
    233.31387224        1.79199219
    234.48761461        1.80664063
    235.64812418        1.77734375
    236.82075118        1.77246094
    238.00991124        1.72851563
    239.19051317        1.77734375
    240.36702649        1.74316406
    241.57143458        1.70410156
    242.75885731        1.74316406
    243.97109997        1.69433594
    245.14805424        1.68457031
    246.34500633        1.74804688
    247.51012770        1.71875000
    248.69218718        1.73339844
    249.87514509        1.72363281
    251.04902783        1.68457031
    252.22186939        1.71386719
    253.38461680        1.65527344
    254.56392092        1.67968750
    255.73667363        1.70410156
    256.90554757        1.64550781
    258.11045995        1.67480469
    259.29223869        1.68945313
    260.44498365        1.63085938
    261.61750619        1.61621094
    262.79557536        1.64062500
    263.98639431        1.62109375
    265.15173214        1.63085938
    266.31603446        1.60644531
    267.48518631        1.59667969
    268.63425572        1.61621094
    269.81163204        1.58691406
    270.97782956        1.63574219
    272.15018243        1.55761719
    273.32246441        1.55761719
    274.50295102        1.56738281
    275.72010369        1.58203125
    276.96929977        1.54296875
    278.13407896        1.53320313
    279.30697015        1.56738281
    280.46839613        1.55273438
    281.63307985        1.50878906
    282.82239021        1.57226563
    283.98539473        1.52343750
    285.19967484        1.50878906
    286.36864520        1.49414063
    287.55003781        1.48925781
    288.72691268        1.49414063
    289.90796737        1.47949219
    291.07264259        1.48437500
    292.23710088        1.50878906
    293.40615252        1.54785156
    294.59303552        1.50878906
    295.75988572        1.49902344
    296.92476984        1.48925781
    298.10901233        1.50390625
    299.27428257        1.44531250
    300.44744456        1.43554688
    301.60821833        1.49902344
    302.77333592        1.44042969
    303.92961841        1.42578125
    305.10114657        1.45996094
    306.28329159        1.45019531
    307.44879814        1.45996094
    308.61757897        1.45019531
    309.78266064        1.41601563
    310.95117067        1.46972656
    312.12065807        1.45507813
    313.29778390        1.45507813
    314.46159045        1.39648438
    315.60305169        1.43554688
    316.78401185        1.38671875
    317.94892291        1.38183594
    319.11890844        1.36718750
    320.29912141        1.41601563
    321.46830491        1.41601563
    322.61898926        1.41601563
    323.77333166        1.40136719
    324.95044662        1.40136719
    326.11730958        1.34277344
    327.27577084        1.33300781
    328.44848668        1.33300781
    329.61672685        1.39160156
    330.77516163        1.39160156
    331.94803675        1.34765625
    333.11682326        1.37207031
    334.27318326        1.32812500
    335.44649460        1.30371094
    336.63439940        1.31347656
    337.82051912        1.33789063
    338.97643770        1.30859375
    340.13267151        1.31835938
    341.29569683        1.28906250
    342.44856561        1.27929688
    343.61772974        1.33300781
    344.78279156        1.33300781
    345.99268200        1.31347656
    347.19842855        1.30859375
    348.39960820        1.27441406
    349.59591848        1.27929688
    350.76036401        1.28906250
    351.91710163        1.28906250
    353.08560835        1.24023438
    354.25874104        1.24511719
    355.41583596        1.25000000
    356.59675549        1.27441406
    357.77312986        1.23535156
    358.93092850        1.22558594
    360.10475121        1.25976563
    361.29028442        1.21582031
    362.47133250        1.21582031
    363.63595714        1.24511719
    364.80445725        1.25488281
    365.97715655        1.24511719
    367.15704766        1.23535156
    368.34445101        1.23535156
    369.53191013        1.23046875
    370.69678290        1.20117188
    371.87394559        1.25000000
    373.03974658        1.23535156
    374.22125688        1.21582031
    375.38248814        1.16699219
    376.53956226        1.19628906
    377.72080080        1.16210938
    378.88556062        1.16210938
    380.07001531        1.14746094
    381.22723406        1.15722656
    382.38498592        1.16699219
    383.56287077        1.18164063
    384.75128221        1.19140625
    385.91543660        1.11816406
    387.09733066        1.18164063
    388.25812333        1.13281250
    389.41481795        1.10351563
    390.59621434        1.11328125
    391.79043377        1.10351563
    392.96063482        1.15722656
    394.11682940        1.12304688
    395.28973288        1.13769531
    396.46963722        1.11328125
    397.63589901        1.15234375
    398.81216373        1.14746094
    400.00223359        1.09375000
    401.16722262        1.11816406
    402.34389616        1.07910156
    403.53318147        1.12304688
    404.68850596        1.07910156
    405.85145660        1.05468750
    407.03252689        1.10839844
    408.19539530        1.06445313
    409.35132474        1.07910156
    410.52339925        1.05957031
    411.67939628        1.02539063
    412.84493166        1.07421875
    414.00946509        1.07910156
    415.19061431        1.04003906
    416.37570751        1.05957031
    417.54067622        1.02539063
    418.71699718        1.04980469
    419.88609184        1.05468750
    421.04236110        1.01562500
    422.21914144        0.98632813
    423.40703915        0.99609375
    424.58569011        1.00097656
    425.75038849        0.98144531
    426.91496068        1.01562500
    428.07156550        1.02539063
    429.22903236        0.99121094
    430.38241157        1.03027344
    431.56448948        1.00585938
    432.78182033        0.99121094
    433.94754854        0.96679688
    435.12078190        0.93750000
    436.30469545        0.98144531
    437.47798552        0.95703125
    438.65888283        0.95214844
    439.83929618        0.93750000
    441.02831966        0.95214844
    442.20122739        0.91796875
    443.37037167        0.95703125
    444.54989981        0.96191406
    445.71078086        0.94238281
    446.86787152        0.94726563
    448.03133826        0.91796875
    449.22049927        0.94726563
    450.38572603        0.92285156
    451.57532043        0.95703125
    452.74361731        0.93750000
    453.91580619        0.93261719
    455.08923994        0.92773438
    456.24200569        0.93750000
    457.40190701        0.90332031
    458.59493544        0.91796875
    459.77388084        0.87890625
    460.94737556        0.90332031
    462.11998601        0.86914063
    463.29790631        0.86425781
    464.49487400        0.88867188
    465.66410666        0.85937500
    466.82199132        0.84472656
    467.98682250        0.86425781
    469.13615375        0.84472656
    470.30530796        0.86425781
    471.47093597        0.88378906
    472.64788551        0.88378906
    473.80488118        0.82031250
    474.96936594        0.83007813
    476.13439704        0.88867188
    477.30801416        0.85937500
    478.55627588        0.86425781
    479.73787313        0.83984375
    480.93128155        0.83984375
    482.10297654        0.82519531
    483.28011371        0.80566406
    484.44530266        0.84472656
    485.61816407        0.82031250
    486.76004168        0.83007813
    487.92482041        0.80566406
    489.09344481        0.77636719
    490.24554323        0.78613281
    491.40960073        0.83007813
    492.59530644        0.83496094
    493.76108853        0.79589844
    494.92980415        0.81054688
    496.09035909        0.75683594
    497.24389805        0.80566406
    498.42448248        0.79589844
    499.59361117        0.75683594
    500.75842817        0.79589844
    501.91614742        0.79101563
    503.08730410        0.80078125
    504.24193196        0.73242188
    505.41521495        0.76660156
    506.66401450        0.78125000
    507.82200786        0.77636719
    508.97781018        0.77636719
    510.15836342        0.77148438
    511.32082349        0.71289063
    512.47643770        0.74707031
    513.65874057        0.73242188
    514.83727102        0.74707031
    516.00777360        0.74707031
    517.17979564        0.75195313
    518.36230694        0.74707031
    519.54774609        0.71777344
    520.72013678        0.68359375
    521.88481199        0.69335938
    523.06509018        0.73242188
    524.23332420        0.68847656
    525.40765308        0.69824219
    526.57235666        0.71289063
    527.72960990        0.72265625
    528.93917613        0.67382813
    530.12804129        0.67382813
    531.30914513        0.71777344
    532.46070571        0.66406250
    533.63453693        0.71777344
    534.79131520        0.68847656
    535.96085269        0.64941406
    537.18216676        0.65429688
    538.38593729        0.69824219
    539.55542658        0.69335938
    540.79624412        0.68847656
    541.99509849        0.64453125
    543.17224606        0.65917969
    544.34442123        0.65917969
    545.50990037        0.62500000
    546.68312901        0.62011719
    547.85183659        0.63964844
    549.03112889        0.66894531
    550.19852685        0.62011719
    551.37045154        0.61035156
    552.54733302        0.61035156
    553.71152050        0.64941406
    554.86869104        0.63964844
    556.04628949        0.62500000
    557.19921735        0.58105469
    558.35696779        0.61523438
    559.54788882        0.62011719
    560.73561450        0.58105469
    561.89983884        0.59082031
    563.05702261        0.62988281
    564.21068444        0.57617188
    565.38271358        0.57617188
    566.57105554        0.57128906
    567.74346844        0.56640625
    568.90814555        0.62500000
    570.34317589        0.72753906
    571.65297938        0.57128906
    572.90397092        0.51757813
    574.13448825        0.57128906
    575.40517373        0.57128906
    576.65329650        0.58105469
    577.89926036        0.52734375
    579.18459506        0.50781250
    580.46300546        0.61035156
    581.75767813        0.56152344
    583.01038244        0.54199219
    584.30673195        0.47851563
    585.60246139        0.60058594
    586.86885646        0.54687500
    588.14931612        0.52734375
    589.44625782        0.52246094
    590.75924344        0.64453125
    592.01001805        0.55664063
    593.34304261        0.46875000
    594.66817022        0.60058594
    595.99769647        0.59082031
    597.32178337        0.54687500
    598.63275091        0.51269531
    599.94690011        0.46386719
    601.21492334        0.49316406
    602.52802144        0.45898438
    603.79064172        0.43945313
    605.05939278        0.52734375
    606.37136747        0.57617188
    607.68351797        0.56152344
    609.02947095        0.45410156
    610.34051175        0.62988281
    611.65525833        0.46875000
    612.92930554        0.47851563
    614.23279108        0.52734375
    615.58695200        0.51269531
    616.92008195        0.49804688
    618.23062934        0.42480469
    619.54205579        0.52246094
    620.85355739        0.49316406
    622.15483298        0.43457031
    623.48097765        0.38085938
    624.79598370        0.59570313
    626.11944676        0.44921875
    627.38470187        0.36621094
    628.71850578        0.57128906
    629.94523035        0.55175781
    631.19691240        0.50781250
    632.40118721        0.34179688
    633.67032440        0.44433594
    634.90074390        0.49804688
    636.12158298        0.61035156
    637.34031561        0.49316406
    638.56032667        0.43945313
    639.82270686        0.37109375
    641.06125489        0.50292969
    642.25817579        0.49316406
    643.49510322        0.53222656
    644.79796586        0.44433594
    645.99389616        0.52246094
    647.19701921        0.33691406
    648.41404002        0.46386719
    649.66916035        0.45898438
    650.92329480        0.47851563
    652.13573927        0.49804688
    653.38526712        0.42968750
    654.59347884        0.38085938
    655.85408435        0.40039063
    657.07327400        0.31250000
    658.32314876        0.51757813
    659.57129941        0.43457031
    660.82044539        0.37597656
    662.04370286        0.43457031
    663.24321275        0.36621094
    664.47758710        0.37109375
    665.71724720        0.36132813
    666.96622824        0.45410156
    668.18127162        0.39062500
    669.41739229        0.28808594
    670.63427037        0.38574219
    671.88404966        0.31738281
    673.09120224        0.24902344
    674.29327703        0.09765625
    675.49438721        0.34179688
    676.71736819        0.26367188
    677.93095119        0.32714844
    679.18109912        0.31250000
    680.36776046        0.25390625
    681.61947086        0.30761719
    682.85705097        0.36621094
    684.07296822        0.29785156
    685.29303032        0.34667969
    686.50813042        0.32226563
    687.79509424        0.32226563
    689.02925591        0.44921875
    690.23432473        0.29296875
    691.44596433        0.33203125
    692.69808259        0.31738281
    693.93230051        0.31738281
    695.16853839        0.40527344
    696.38694491        0.31250000
    697.68226459        0.38574219
    698.92038254        0.27832031
    700.15439770        0.37109375
    701.48220315        0.19531250
    702.71587755        0.29296875
    703.97758663        0.22949219
    705.21797219        0.26367188
    706.42045815        0.29296875
    707.63523262        0.26367188
    708.90554852        0.26855469
    710.17027100        0.29785156
    711.40607974        0.18554688
    712.65611519        0.26367188
    713.88362478        0.26367188
    715.13300093        0.29296875
    716.35910874        0.32226563
    717.57332032        0.25878906
    718.77950971        0.35156250
    720.04448882        0.25878906
    721.32186466        0.31738281
    722.59211628        0.38574219
    723.79577717        0.26367188
    725.05512175        0.30761719
    726.29588115        0.26855469
    727.49318912        0.41503906
    728.76029170        0.34179688
    729.96695323        0.35156250
    731.13453504        0.27343750
    732.34069796        0.35644531
    733.55663176        0.44433594
    734.82261659        0.41992188
    736.09179916        0.35156250
    737.32273097        0.38574219
    738.52792597        0.43457031
    739.74432671        0.41015625
    740.96666824        0.44433594
    742.23248152        0.31250000
    743.46819007        0.39550781
    744.69669499        0.50292969
    745.96611434        0.36132813
    747.19705087        0.39062500
    748.43100885        0.50781250
    749.71602785        0.42480469
    750.96603824        0.41503906
    752.19684576        0.50781250
    753.43059956        0.43457031
    754.63542167        0.32226563
    755.92333119        0.50292969
    757.16672874        0.54687500
    758.41975065        0.48339844
    759.63386156        0.45410156
    760.84249721        0.44921875
    762.05796879        0.32714844
    763.26031155        0.48339844
    764.47863537        0.40527344
    765.73374766        0.48339844
    766.93280763        0.51269531
    768.19821067        0.54687500
    769.42346919        0.47851563
    770.68565656        0.49316406
    771.98235155        0.63964844
    773.21310471        0.52734375
    774.41851665        0.52734375
    775.64935866        0.46875000
    776.85354226        0.47851563
    778.05897924        0.50781250
    779.29363905        0.60058594
    780.52379152        0.58593750
    781.79427614        0.64453125
    783.04443210        0.49804688
    784.21100062        0.57617188
    785.46201297        0.70312500
    786.66899257        0.59082031
    787.85780810        0.52246094
    789.07113400        0.62011719
    790.32321351        0.62011719
    791.52597501        0.63964844
    792.75853451        0.44921875
    793.96224124        0.54687500
    795.16975537        0.61523438
    796.42081025        0.64453125
    797.62182260        0.55664063
    798.83770441        0.52734375
    800.07224039        0.65917969
    801.31166465        0.65429688
    802.58823563        0.72265625
    803.90040031        0.58105469
    805.12200314        0.73242188
    806.32427973        0.65429688
    807.60453334        0.60546875
    808.88454166        0.69335938
    810.12459969        0.69335938
    811.33768550        0.67871094
    812.62151823        0.66894531
    813.85634771        0.69335938
    815.10845464        0.57128906
    816.37223330        0.63476563
    817.57239163        0.70800781
    818.82100214        0.88378906
    820.04596716        0.68359375
    821.32203575        0.72753906
    822.58760799        0.88867188
    823.83759334        0.77636719
    825.07133439        0.68847656
    826.29621529        0.72753906
    827.51007099        0.78613281
    828.75886298        0.71777344
    829.98354822        0.64941406
    831.21285942        0.65429688
    832.43635839        0.55175781
    833.71143732        0.74707031
    834.94725599        0.64453125
    836.21361561        0.83984375
    837.42117086        0.72753906
    838.67021239        0.80566406
    839.88323913        0.84472656
    841.08586167        0.89843750
    842.37311615        0.92773438
    843.57238974        0.81054688
    844.82314687        0.77636719
    846.06276632        0.91308594
    847.29355398        0.90332031
    848.57144403        0.78613281
    849.77474148        0.83007813
    851.02543623        0.91796875
    852.27512241        0.78613281
    853.48224616        0.83496094
    854.73204530        0.91308594
    855.94625829        0.82519531
    857.16909985        0.78613281
    858.42093597        0.97167969
    859.65078265        0.91796875
    860.93667174        0.83007813
    862.18633051        0.70800781
    863.46237074        0.79101563
    864.69720731        0.79589844
    865.98353640        0.94238281
    867.18658383        0.76171875
    868.40075619        0.96191406
    869.64964885        0.90820313
    870.92118315        0.93750000
    872.14955054        0.93261719
    873.38274997        1.02539063
    874.58650963        1.01562500
    875.83670010        1.00585938
    877.06141605        0.95214844
    878.27489035        0.87402344
    879.49725362        0.99609375
    881.65595497        1.04980469
    882.82599675        0.84472656
    884.06116415        0.95214844
    885.37348621        0.96679688
    886.62599628        0.96191406
    887.83623410        0.91796875
    889.02447398        1.01074219
    890.26535011        0.98632813
    891.51346012        0.93261719
    892.76385145        0.85937500
    893.97814385        1.04003906
    895.21225353        1.02050781
    896.41560816        0.96191406
    897.64008261        0.99609375
    898.85437737        1.05468750
    900.08604458        0.97167969
    901.32643203        1.01562500
    902.56051666        0.99121094
    903.78907972        0.97167969
    905.04101934        0.92285156
    906.29031420        1.00097656
    907.52564559        0.96679688
    908.77562858        1.10351563
    910.01026003        1.06933594
    911.22915477        1.02539063
    912.43452133        0.92285156
    913.68502987        1.03515625
    914.89931612        1.12304688
    916.13381099        1.00097656
    917.37290300        0.98144531
    918.62409825        1.18652344
    919.83615611        1.03027344
    921.06112918        0.93261719
    922.32585733        1.06445313
    923.52579872        1.14746094
    924.76271811        1.08398438
    925.98093937        0.98144531
    927.23305953        1.11816406
    928.48382186        1.09863281
    929.70259845        0.99121094
    930.91975112        1.16699219
    932.16916886        1.08398438
    933.40017014        1.15234375
    934.60741677        1.07910156
    935.82556809        1.02539063
    937.05471293        1.05957031
    938.29459988        1.16210938
    939.52563567        1.08886719
    940.76480330        1.14746094
    941.98157882        0.97167969
    943.18025124        1.14257813
    944.40142447        1.14257813
    945.65079589        1.23046875
    946.89922774        1.14257813
    948.08930610        1.08398438
    949.97695663        1.08398438
    951.20235741        1.30371094
    952.47687582        1.25488281
    953.71369501        1.04492188
    954.91431367        1.14746094
    956.10203745        1.20117188
    957.32144829        1.32324219
    958.56163960        1.05957031
    959.80932803        1.18652344
    961.03999093        1.20117188
    962.27345076        1.19140625
    963.49338951        1.19140625
    964.72908672        1.29394531
    965.96113485        1.14257813
    967.20439250        1.12304688
    968.41565353        1.18164063
    969.62374237        1.22070313
    970.93701675        1.18164063
    972.15086158        1.17187500
    973.38841711        1.19628906
    974.58610271        1.11816406
    975.78973524        1.18652344
    977.02603645        1.18164063
    978.26387271        1.18652344
    979.51295820        1.26953125
    980.71208906        1.19140625
    981.93412623        1.14746094
    983.16700853        1.13281250
    984.43077868        1.26953125
    985.63820160        1.23535156
    986.83850644        1.31347656
    988.10610573        1.32324219
    989.33841995        1.19140625
    990.55663648        1.27929688
    991.82600006        1.28906250
    993.05598711        1.15722656
    994.30695597        1.26953125
    995.57693253        1.10839844
    996.83723604        1.23046875
    998.05535238        1.42089844
    999.30566762        1.23046875
   1000.54410127        1.22558594
   1001.76269117        1.22558594
   1002.98074135        1.35742188
   1004.21288778        1.38183594
   1005.43229956        1.22558594
   1006.68236573        1.30371094
   1007.89887612        1.38671875
   1009.14995274        1.24511719
   1010.35538216        1.25976563
   1011.61981162        1.21582031
   1012.85788986        1.26464844
   1014.15003450        1.24511719
   1015.40019425        1.31835938
   1016.63789676        1.38183594
   1017.87004178        1.28417969
   1019.08752387        1.33789063
   1020.32561913        1.35742188
   1021.58797333        1.14746094
   1022.83604080        1.37207031
   1024.10807182        1.24511719
   1025.33625253        1.41113281
   1026.61945715        1.31835938
   1027.88880608        1.26953125
   1029.18186145        1.29394531
   1030.45206061        1.33300781
   1031.73312144        1.34765625
   1032.95053973        1.43066406
   1034.74392971        1.34765625
   1035.94874662        1.35742188
   1037.21170199        1.26953125
   1038.46106206        1.37695313
   1039.69600403        1.34765625
   1040.99852685        1.40136719
   1042.23247443        1.44531250
   1043.46181400        1.36718750
   1044.67104987        1.38671875
   1045.91969913        1.38183594
   1047.16840983        1.33300781
   1048.40039794        1.35253906
   1049.66941793        1.39648438
   1050.91625328        1.25976563
   1052.15134459        1.28417969
   1053.42149129        1.41601563
   1054.63511778        1.44531250
   1055.83656304        1.45019531
   1057.04621954        1.39648438
   1058.30514443        1.35742188
   1059.52349802        1.46484375
   1060.74561175        1.37695313
   1061.98343904        1.29394531
   1063.20051657        1.34277344
   1064.43483137        1.57226563
   1065.65074437        1.44042969
   1066.90005104        1.59179688
   1068.11918493        1.44042969
   1069.33901403        1.45019531
   1070.58864491        1.49902344
   1071.82494943        1.53808594
   1073.04497467        1.44531250
   1074.32615035        1.53320313
   1075.57099316        1.50390625
   1076.79620631        1.42089844
   1078.02560920        1.46972656
   1079.24762416        1.50390625
   1080.48320084        1.45019531
   1081.70339859        1.45507813
   1082.95146228        1.52832031
   1084.16915373        1.47949219
   1085.40142210        1.48437500
   1086.63684283        1.43554688
   1087.85412972        1.50878906
   1089.13776018        1.40136719
   1090.38849179        1.52832031
   1091.60182950        1.48925781
   1092.83778711        1.27929688
   1094.07627465        1.47460938
   1095.27658327        1.49902344
   1096.47674585        1.43554688
   1097.70074910        1.34277344
   1098.96103134        1.47460938
   1100.27620186        1.63574219
   1101.52403350        1.54296875
   1102.72719436        1.57714844
   1104.02627228        1.47460938
   1105.24300622        1.57226563
   1106.48274808        1.56250000
   1107.69771159        1.56250000
   1108.90100053        1.46972656
   1110.15010965        1.52832031
   1111.36923880        1.58691406
   1112.63789204        1.50390625
   1113.88950460        1.59179688
   1115.14993809        1.52343750
   1116.36922368        1.64062500
   1117.58636312        1.45507813
   1118.83683526        1.41113281
   1120.05661758        1.56250000
   1121.30637796        1.56738281
   1122.51007666        1.56738281
   1123.74273683        1.50878906
   1124.96380513        1.67968750
   1126.21265809        1.64062500
   1127.45137106        1.56738281
   1128.66911970        1.62597656
   1129.86832854        1.60644531
   1131.10695077        1.55273438
   1132.33826540        1.45507813
   1133.58815954        1.65527344
   1134.80588124        1.48437500
   1136.05509008        1.48925781
   1137.29375484        1.74316406
   1138.51147655        1.57714844
   1139.74419154        1.61132813
   1140.98327741        1.55761719
   1142.24369246        1.58203125
   1143.49345993        1.63085938
   1144.70210787        1.59667969
   1145.92986606        1.64062500
   1147.16878415        1.56738281
   1148.38286718        1.66503906
   1149.57203764        1.57226563
   1150.85588597        1.59179688
   1152.10822306        1.66503906
   1153.35886156        1.65527344
   1154.57060372        1.59667969
   1155.80976709        1.67968750
   1157.02493478        1.70410156
   1158.26502495        1.57714844
   1159.47949269        1.71386719
   1160.73167429        1.87988281
   1161.95107898        1.59179688
   1163.16880022        1.60644531
   1164.41752746        1.65527344
   1165.63299715        1.64550781
   1166.85728538        1.65527344
   1168.07541590        1.63085938
   1169.31094958        1.66503906
   1170.52427973        1.64550781
   1171.74370664        1.61132813
   1173.01288022        1.51855469
   1174.24741290        1.63085938
   1175.49706552        1.69433594
   1176.76337458        1.71386719
   1178.01547725        1.59179688
   1179.21238208        1.66992188
   1180.43472078        1.66015625
   1181.71251583        1.63574219
   1182.99728954        1.63574219
   1184.24832032        1.66015625
   1185.46349651        1.48437500
   1186.70130300        1.64550781
   1187.93580638        1.67480469
   1189.18544577        1.55761719
   1190.43535739        1.63085938
   1191.64855710        1.66503906
   1192.88928295        1.64062500
   1194.13844831        1.61621094
   1195.38942284        1.64062500
   1196.60205872        1.72851563
   1197.83724928        1.61621094
   1199.10164045        1.57714844
   1200.37353394        1.63085938
   1201.60218774        1.72851563
   1202.81039473        1.71386719
   1204.02547073        1.79199219
   1205.25777360        1.63085938
   1206.47656153        1.64550781
   1207.72930223        1.69921875
   1208.96294639        1.65527344
   1210.22892177        1.71875000
   1211.47919684        1.77734375
   1212.72768446        1.64550781
   1213.93702289        1.57226563
   1215.19765488        1.59179688
   1216.39874709        1.80664063
   1217.66403719        1.63574219
   1218.91458306        1.55761719
   1220.12171201        1.90917969
   1221.35327240        1.80664063
   1222.62087122        1.54296875
   1223.89016532        1.65039063
   1225.13918181        1.66503906
   1226.40002694        1.78710938
   1227.60395911        1.65527344
   1228.80950905        1.59667969
   1230.03934675        1.62597656
   1231.24880097        1.72851563
   1232.49876789        1.68945313
   1233.71156965        1.62597656
   1234.96132626        1.63574219
   1236.16527875        1.67968750
   1237.39955101        1.70898438
   1238.65095185        1.63574219
   1239.83644536        1.79199219
   1241.10447615        1.74804688
   1242.33669962        1.75292969
   1243.53937227        1.75292969
   1244.79010624        1.95312500
   1246.00897357        1.94824219
   1247.29079154        1.70410156
   1248.51015039        1.79687500
   1249.77409872        1.80664063
   1250.96266187        1.88964844
   1252.20223311        1.73828125
   1253.41584542        1.78222656
   1254.66471019        1.87988281
   1255.88792087        1.69921875
   1257.13996729        1.75781250
   1258.37208301        1.78710938
   1259.60325018        1.80664063
   1260.82693395        1.85058594
   1262.07588048        1.76757813
   1263.29164508        1.76269531
   1264.55587557        1.66992188
   1265.77364454        1.84082031
   1266.98135149        1.65039063
   1268.27338554        1.77734375
   1269.79010105        1.65039063
   1271.48277785        1.77734375
   1273.66892121        1.86035156
   1275.16617578        1.81640625
   1277.24543830        1.78710938
   1278.82365304        1.77246094
   1280.04390561        1.74316406
   1281.66473335        1.71875000
   1283.16853413        2.06054688
   1284.79461123        1.78222656
   1286.71342184        1.85546875
   1288.00871836        1.77734375
   1289.24117814        1.83593750
   1290.44893945        1.85546875
   1291.71064994        1.81152344
   1292.98123807        1.95800781
   1294.25977466        1.75781250
   1295.48360209        1.88476563
   1296.69968666        1.84570313
   1297.93305291        1.83105469
   1299.16629015        1.78222656
   1300.39096641        1.89941406
   1301.67089107        1.87011719
   1302.95687563        1.90917969
   1304.19683678        1.82617188
   1305.44438342        1.89453125
   1306.69853064        1.74804688
   1307.98636690        1.87988281
   1309.17237698        1.80175781
   1310.40652116        1.86523438
   1311.65445252        1.93847656
   1312.89942530        1.89941406
   1314.08735892        1.86035156
   1315.38525105        1.86523438
   1316.62302068        1.75781250
   1317.85454988        1.91406250
   1319.05703206        1.82617188
   1320.27370739        1.72851563
   1321.52781916        1.79687500
   1322.72906876        1.86523438
   1323.96261036        1.85058594
   1325.21286604        1.87988281
   1326.41432076        1.89453125
   1327.61799110        1.83105469
   1328.85580279        1.92382813
   1330.11956018        1.84082031
   1331.47512713        1.81640625
   1332.71066507        1.83105469
   1333.91209379        1.96289063
   1335.43445800        1.86523438
   1336.59031420        1.80664063
   1337.72172335        1.88476563
   1338.90733974        1.80664063
   1340.07026911        1.84570313
   1341.23931367        1.76269531
   1342.37161370        1.95800781
   1343.47716836        1.85058594
   1344.61153799        1.89453125
   1345.72878188        1.86035156
   1346.86125064        1.89453125
   1348.00078691        1.86035156
   1349.16475934        1.85546875
   1350.28226317        1.79687500
   1351.38340690        1.91406250
   1352.52252916        1.94824219
   1353.67101159        1.89941406
   1354.91100630        1.88476563
   1356.11358867        1.92382813
   1357.31504433        1.94335938
   1358.51612379        1.94335938
   1359.71820283        1.88964844
   1360.90299025        1.87500000
   1362.08847950        1.84082031
   1363.27463514        1.77734375
   1364.42298949        1.85546875
   1365.57815661        1.85058594
   1366.76849254        1.81640625
   1367.97073038        1.85058594
   1369.13408133        1.83105469
   1370.37433975        1.86523438
   1371.57621935        1.92871094
   1372.75966974        1.98730469
   1373.92681768        1.95800781
   1375.12767076        1.87011719
   1376.34439760        1.86035156
   1377.52906308        1.86523438
   1378.74613069        1.86035156
   1379.91766499        1.93359375
   1381.08814867        1.97265625
   1382.33698319        2.00195313
   1383.55327571        1.80175781
   1384.75591574        1.90917969
   1385.95811199        1.85058594
   1387.20416753        1.87011719
   1388.49063841        1.91406250
   1389.74368253        2.08007813
   1391.03886421        1.80664063
   1392.26295820        1.81152344
   1393.49494017        1.90917969
   1394.69581120        1.85546875
   1395.88235911        1.89941406
   1397.11352109        1.84082031
   1398.31488033        1.90429688
   1399.51521542        1.86035156
   1400.66904361        1.87988281
   1401.92259769        1.85546875
   1403.18828667        1.90429688
   1404.42674112        1.96289063
   1405.63748180        1.95312500
   1406.87486011        1.79199219
   1408.07687345        2.07031250
   1409.30932094        1.85058594
   1410.48046770        1.90429688
   1411.68161238        1.95800781
   1412.89840161        1.97265625
   1414.14717895        1.92382813
   1415.38616084        1.84082031
   1416.58825548        1.87988281
   1417.82212744        1.93359375
   1419.05579901        1.84082031
   1420.27388084        1.96777344
   1421.49738029        1.93847656
   1422.74490094        1.89453125
   1423.98002817        1.96777344
   1425.24260591        2.04589844
   1426.44576772        2.00195313
   1427.66223415        2.05078125
   1428.86459156        1.97265625
   1430.06592009        1.97265625
   1431.28469195        1.97265625
   1432.46917406        1.98730469
   1433.70295716        2.01171875
   1434.93536023        1.91894531
   1436.20562366        1.83593750
   1437.37488279        2.13867188
   1438.56088861        1.97753906
   1439.80848678        2.04101563
   1440.99392073        1.79199219
   1442.20203320        1.93359375
   1443.47421168        1.92382813
   1444.71390107        1.86523438
   1445.89072915        1.96289063
   1447.04507817        2.09960938
   1448.22999036        2.04589844
   1449.37832533        1.96777344
   1450.56394644        1.93359375
   1451.73292105        1.96777344
   1452.96560816        2.03125000
   1454.13553321        1.86523438
   1455.32768068        2.05566406
   1456.52302872        2.10449219
   1457.71792209        2.03613281
   1458.92018876        1.99707031
   1460.12205843        1.93847656
   1461.27713245        2.05078125
   1462.52988827        1.97265625
   1463.76298656        1.94335938
   1465.00212394        1.96777344
   1466.25021031        2.03613281
   1467.48282653        1.95312500
   1468.69714256        1.94824219
   1469.94824943        1.90429688
   1471.14739588        2.02148438
   1472.36422245        1.90429688
   1473.61957672        1.92382813
   1474.85547574        1.94335938
   1476.08714058        2.00683594
   1477.30363111        2.10937500
   1478.48971161        1.90917969
   1479.70864699        2.01660156
   1480.93168327        1.93847656
   1482.16838431        2.09472656
   1483.43231516        1.95800781
   1484.62930365        1.96289063
   1485.84003110        1.98242188
   1487.04133127        2.03125000
   1488.26013006        2.02636719
   1489.53149092        1.97265625
   1490.73353876        2.07031250
   1491.88743265        1.95800781
   1493.08855370        2.18261719
   1494.27459686        2.07031250
   1495.49261915        2.04589844
   1496.67111367        1.97265625
   1497.91042592        2.12890625
   1499.14314233        1.92382813
   1500.44491890        2.04589844
   1501.66145906        1.98730469
   1502.84674698        2.01171875
   1504.04831465        2.03125000
   1505.21904361        2.02148438
   1506.43743029        2.07519531
   1507.66945999        2.08496094
   1508.85556837        1.91406250
   1510.04236157        2.05078125
   1511.32781538        2.03125000
   1512.51472248        2.03613281
   1513.69822249        1.94824219
   1514.86442331        1.96289063
   1515.99654045        2.02636719
   1517.18236337        2.04101563
   1518.40154687        2.02148438
   1519.58445186        2.03613281
   1520.77183630        2.05566406
   1521.97216525        2.08496094
   1523.15639781        1.98730469
   1524.41710163        2.09960938
   1525.64095459        2.04101563
   1526.78957455        1.98730469
   1528.00734588        2.08496094
   1529.24251281        2.00683594
   1530.47671040        2.06542969
   1531.66323374        2.21679688
   1532.82578407        1.95312500
   1534.09633486        2.17773438
   1535.28372025        1.95312500
   1536.48503554        2.11425781
   1537.70315330        1.88964844
   1538.90500406        2.07031250
   1540.10667855        2.10937500
   1541.36122181        2.15820313
   1542.63159206        2.11914063
   1543.84805376        2.02636719
   1545.08099089        2.07519531
   1546.31312220        2.09472656
   1547.49856892        1.96777344
   1548.71490396        2.04589844
   1550.00133514        2.14355469
   1551.15654763        2.13378906
   1552.34123485        2.13378906
   1553.54287956        2.05078125
   1554.74432577        2.10937500
   1555.94647806        2.05078125
   1557.16354330        2.13867188
   1558.36661058        2.19238281
   1559.56653638        2.13378906
   1560.79969658        2.01660156
   1562.00198452        2.18261719
   1563.17278579        1.99218750
   1564.35863329        2.11425781
   1565.54217914        2.07519531
   1566.74011050        1.99218750
   1567.96356079        2.11914063
   1569.16420544        2.03613281
   1570.34224011        2.06542969
   1571.57962361        1.97753906
   1572.84235684        2.03613281
   1574.08168752        2.16308594
   1575.31525606        2.09472656
   1576.53233879        2.03613281
   1577.78669726        1.97265625
   1579.01963580        2.07519531
   1580.25128646        2.12890625
   1581.49161531        2.15332031
   1582.75889653        2.00683594
   1583.97940479        2.08007813
   1585.21193310        2.09960938
   1586.42880031        2.13378906
   1587.66570032        2.03613281
   1588.88612256        2.00683594
   1590.08677950        2.07031250
   1591.35118249        2.10449219
   1592.57151303        2.12890625
   1593.76843347        2.20703125
   1595.00685908        2.04589844
   1596.20897782        1.91894531
   1597.47675530        2.04589844
   1598.72846475        2.02148438
   1600.05009122        1.98730469
   1601.27804365        2.08496094
   1602.44826172        2.04589844
   1603.71904881        2.08007813
   1604.93525531        2.23632813
   1606.13659092        2.08496094
   1607.38499301        2.17773438
   1608.58756971        2.01171875
   1609.82776386        2.17773438
   1611.09067669        2.08007813
   1612.29327797        2.10937500
   1613.49377753        2.10449219
   1614.71758417        2.12402344
   1615.91908331        2.01171875
   1617.15347799        2.12402344
   1618.38728614        2.11425781
   1619.57245685        2.11425781
   1620.77432652        2.19238281
   1621.99066960        2.18750000
   1623.22981927        2.15332031
   1624.46149923        2.14355469
   1625.73141388        2.13867188
   1626.98011182        2.13867188
   1628.26506560        2.01660156
   1629.56750099        2.12890625
   1630.83790243        2.15820313
   1632.07033811        2.13378906
   1633.34048386        2.22167969
   1634.57334253        2.15332031
   1635.80668894        2.11914063
   1637.04653619        2.06542969
   1638.24857270        1.97265625
   1639.44864784        2.18261719
   1640.62845955        2.14355469
   1641.85166692        2.09472656
   1643.06826143        2.18750000
   1644.26964856        2.09960938
   1645.50127323        2.09960938
   1646.70400070        2.10449219
   1647.90447095        2.12402344
   1649.12245780        2.15820313
   1650.29064692        2.15332031
   1651.56155737        2.23144531
   1652.76253096        2.04589844
   1653.96393794        2.16308594
   1655.16611481        2.03125000
   1656.36861306        2.16308594
   1657.57108201        2.16308594
   1658.83453362        2.22167969
   1660.01975443        2.14843750
   1661.17330236        2.16796875
   1662.42242755        2.10449219
   1663.62322107        2.14355469
   1664.83935242        2.13867188
   1666.05744088        2.17285156
   1667.27902244        2.10449219
   1668.51190852        2.22167969
   1669.68314744        2.04101563
   1670.93109439        2.19238281
   1672.13377460        2.06542969
   1673.33842326        2.12890625
   1674.53842278        2.22167969
   1675.72345218        2.16308594
   1676.92495746        2.20214844
   1678.12614893        2.18750000
   1679.36461094        2.02148438
   1680.58178866        2.00195313
   1681.76753597        2.29492188
   1683.00151852        2.31445313
   1684.27259249        2.06542969
   1685.48938976        2.14355469
   1686.75869851        2.15332031
   1687.97726667        2.15820313
   1689.17844396        2.25097656
   1690.42635121        2.12890625
   1691.67282360        2.18261719
   1692.98957691        2.19726563
   1694.24380825        2.12402344
   1695.44577434        2.05566406
   1696.69395854        2.17285156
   1697.94213188        2.15332031
   1699.18261196        2.17285156
   1700.43053198        2.20214844
   1701.68389937        2.20214844
   1702.85243256        2.13378906
   1704.03955423        2.19238281
   1705.17332174        2.09960938
   1706.33609326        2.22167969
   1707.51148978        2.16796875
   1708.72309725        2.18750000
   1709.94060013        2.21191406
   1711.12635735        2.21679688
   1712.34324962        2.18750000
   1713.49852780        2.31933594
   1714.66801473        2.13378906
   1715.85279080        2.03613281
   1717.01783986        2.22656250
   1718.17085563        2.21679688
   1719.35320340        2.15332031
   1720.53855795        2.26562500
   1721.74077122        2.11914063
   1722.96135887        2.20214844
   1724.12789950        2.30468750
   1725.32826862        2.27050781
   1726.48241205        2.23144531
   1727.68490935        2.21679688
   1728.88572887        2.17285156
   1730.07860796        2.21191406
   1731.22106405        2.11425781
   1732.38944742        2.21191406
   1733.55315755        2.23144531
   1734.75613267        2.31933594
   1735.91094013        2.23144531
   1737.11192553        2.07519531
   1738.29822816        2.27050781
   1739.47648732        2.12402344
   1740.69933172        2.25585938
   1741.94453230        2.16796875
   1743.18336153        2.16796875
   1744.38529123        2.26562500
   1745.56504669        2.22167969
   1746.78823657        2.30957031
   1748.00583303        2.21191406
   1749.20708216        2.13867188
   1750.40858035        2.17773438
   1751.62491540        2.12890625
   1752.84203594        2.27050781
   1753.99561790        2.25585938
   1755.14454270        2.23632813
   1756.31419788        2.22656250
   1757.47625480        2.11914063
   1758.61479195        2.12890625
   1759.76248748        2.18261719
   1760.88246971        2.17285156
   1762.04831890        2.37792969
   1763.20142116        2.22656250
   1764.36496871        2.13867188
   1765.51916366        2.19238281
   1766.63543679        2.20214844
   1767.80650699        2.25585938
   1769.00881572        2.31445313
   1770.18814063        2.19238281
   1771.35726223        2.15820313
   1772.62352118        2.23144531
   1773.80922500        2.20703125
   1774.96245156        2.14843750
   1776.16419268        2.12402344
   1777.36685965        2.27539063
   1778.52977674        2.12402344
   1779.66785167        2.22167969
   1780.81547347        2.19726563
   1781.96870144        2.19238281
   1783.13160151        2.13378906
   1784.33305197        2.12402344
   1785.51981398        2.29003906
   1786.67434070        2.04101563
   1787.87536439        2.20214844
   1789.02279572        2.12890625
   1790.22426225        2.22167969
   1791.35639450        2.29003906
   1792.52628410        2.26562500
   1793.68195833        2.23144531
   1794.84474970        2.29003906
   1796.04549407        2.27050781
   1797.26281547        2.06542969
   1798.38638911        2.33886719
   1799.55048821        2.23144531
   1800.68868036        2.18261719
   1801.83817939        2.26562500
   1803.00644035        2.25585938
   1804.24064739        2.43164063
   1805.41013337        2.19238281
   1806.61145717        2.17773438
   1807.72893784        2.27050781
   1808.89819650        2.23144531
   1810.06243549        2.14843750
   1811.20207337        2.22167969
   1812.34905335        2.21191406
   1813.51930922        2.27539063
   1814.70530134        2.29492188
   1815.83837789        2.23144531
   1817.00777738        2.20214844
   1818.15518413        2.25097656
   1819.32628693        2.15332031
   1820.49370049        2.23144531
   1821.76129790        2.30957031
   1822.99537072        2.18750000
   1824.19775460        2.28515625
   1825.46724153        2.23632813
   1826.78466595        2.22167969
   1828.02406753        2.22167969
   1829.25690635        2.13378906
   1830.48920402        2.14355469
   1831.69167250        2.16308594
   1832.89359557        2.27050781
   1834.13208972        2.29003906
   1835.33923238        2.34863281
   1836.58345889        2.24121094
   1837.83809904        2.25097656
   1839.03919031        2.32421875
   1840.21852893        2.28515625
   1841.40532733        2.09472656
   1842.59083833        2.26562500
   1843.77618343        2.11425781
   1844.97879936        2.24609375
   1846.14869511        2.27539063
   1847.36567008        2.16308594
   1848.56630858        2.23632813
   1849.85346759        2.31445313
   1851.05514727        2.37304688
   1852.30254220        2.32421875
   1853.57052385        2.39746094
   1854.79054625        2.24121094
   1855.99215551        2.27539063
   1857.17038301        2.11914063
   1858.41066223        2.35351563
   1859.59528329        2.26562500
   1860.77554729        2.23144531
   1862.01480661        2.35351563
   1863.24815207        2.34375000
   1864.44894654        2.21679688
   1865.68403501        2.22167969
   1866.90465480        2.22656250
   1868.09477948        2.37304688
   1869.26555239        2.24609375
   1870.41886827        2.26074219
   1871.64448456        2.33398438
   1872.83245647        2.27050781
   1874.03245222        2.20703125
   1875.24956567        2.32421875
   1876.45571583        2.23144531
   1877.64028489        2.22656250
   1878.84194756        2.18750000
   1880.04012798        2.24609375
   1881.24551440        2.24121094
   1882.41771887        2.40722656
   1883.63384171        2.19726563
   1884.85048963        2.20214844
   1886.05242027        2.31445313
   1887.72939392        2.17773438
   1889.01672496        2.27539063
   1890.28530068        2.19726563
   1891.64198868        2.19726563
   1892.91155075        2.09472656
   1894.16025389        2.25097656
   1895.41493232        2.11914063
   1896.66093729        2.29980469
   1897.84699558        2.25097656
   1899.14871212        2.28027344
   1900.31166938        2.26562500
   1901.51946141        2.16796875
   1902.76797975        2.27539063
   1903.96978657        2.33886719
   1905.20213197        2.38281250
   1906.35483723        2.24121094
   1907.53939165        2.41699219
   1908.82253200        2.29003906
   1910.06117407        2.12402344
   1911.29334178        2.27050781
   1912.49406677        2.28027344
   1913.74820217        2.11425781
   1914.92783145        2.30468750
   1916.13333129        2.39257813
   1917.38571422        2.33886719
   1918.60891922        2.37304688
   1919.77649300        2.30957031
   1920.97508460        2.33886719
   1922.17616075        2.28515625
   1923.43191580        2.18261719
   1924.64937095        2.36328125
   1925.83431858        2.28515625
   1927.03599306        2.31933594
   1928.26891034        2.27050781
   1929.48472692        2.21191406
   1930.73989735        2.28515625
   1931.98721761        2.27050781
   1933.27872894        2.30468750
   1934.49535040        2.26562500
   1935.69941821        2.29492188
   1936.90028168        2.30957031
   1938.10177515        2.33398438
   1939.32416536        2.28027344
   1940.52495463        2.31445313
   1941.77414598        2.23632813
   1942.94601584        2.17285156
   1944.18259306        2.42187500
   1945.40199161        2.32910156
   1946.60339102        2.29492188
   1947.83668923        2.42675781
   1949.00707649        2.40234375
   1950.20844235        2.31445313
   1951.44138278        2.29492188
   1952.67371779        2.14355469
   1953.91247188        2.22167969
   1955.09208934        2.35351563
   1956.27773456        2.41699219
   1957.46444127        2.37792969
   1958.61885598        2.39257813
   1959.79957512        2.42675781
   1960.96852988        2.48046875
   1962.12270308        2.30468750
   1963.32326975        2.34863281
   1964.52163402        2.36816406
   1965.72473250        2.40722656
   1966.92574154        2.37792969
   1968.14220797        2.33886719
   1969.34402140        2.27539063
   1970.56156162        2.29980469
   1971.77990671        2.40234375
   1973.05028121        2.30957031
   1974.28298249        2.32421875
   1975.53687402        2.29980469
   1976.78635792        2.31933594
   1978.02088256        2.26562500
   1979.25726459        2.29980469
   1980.44275857        2.37792969
   1981.69244617        2.33886719
   1982.91001711        2.33398438
   1984.09716383        2.44628906
   1985.34944137        2.36816406
   1986.54994659        2.31445313
   1987.69823005        2.37304688
   1988.90143486        2.21679688
   1990.08777955        2.32910156
   1991.32002098        2.46582031
   1992.56769949        2.42675781
   1993.87038868        2.28515625
   1995.12500331        2.42675781
   1996.34310169        2.33398438
   1997.54487731        2.27050781
   1998.74744645        2.30957031
   2000.00242925        2.33886719
   2001.28054757        2.46582031
   2002.45283523        2.29492188
   2003.65476587        2.40722656
   2004.88764438        2.30957031
   2006.07363414        2.35351563
   2007.24325198        2.34863281
   2008.47604826        2.33886719
   2009.71525370        2.44140625
   2010.93320982        2.26562500
   2012.12021145        2.40722656
   2013.32044445        2.35839844
   2014.53854377        2.28027344
   2015.78680833        2.39257813
   2017.02586063        2.27539063
   2018.22676759        2.34863281
   2019.44500728        2.22167969
   2020.64607256        2.31445313
   2021.89422982        2.44628906
   2023.09675927        2.28027344
   2024.38277974        2.26074219
   2025.61785971        2.44628906
   2026.85310556        2.34863281
   2028.03985670        2.35839844
   2029.25617143        2.40722656
   2030.40448230        2.23632813
   2031.58987135        2.26074219
   2032.77478874        2.28515625
   2034.02395930        2.35351563
   2035.27822419        2.37304688
   2036.45934977        2.39257813
   2037.66425081        2.41699219
   2038.93086186        2.29003906
   2040.13309592        2.32421875
   2041.38810802        2.46582031
   2042.58872006        2.30468750
   2043.81253852        2.46582031
   2045.09834017        2.34863281
   2046.37030834        2.22167969
   2047.55610337        2.39257813
   2048.77287653        2.38769531
   2049.97549814        2.32421875
   2051.17783570        2.27539063
   2052.38029094        2.22656250
   2053.58606065        2.53906250
   2054.80314243        2.50000000
   2056.05288532        2.41699219
   2057.25425355        2.33886719
   2058.49277653        2.30957031
   2059.69472229        2.40722656
   2060.87424003        2.25097656
   2062.09853489        2.39257813
   2063.27982589        2.13867188
   2064.51850010        2.29980469
   2065.70498374        2.42675781
   2066.92200692        2.38769531
   2068.13887271        2.33886719
   2069.30931433        2.37304688
   2070.47368187        2.38769531
   2071.71213727        2.46093750
   2073.03576621        2.37304688
   2074.30331351        2.30468750
   2075.52421073        2.51464844
   2076.75702970        2.51953125
   2077.98915250        2.36816406
   2079.27580061        2.34863281
   2080.45708830        2.23632813
   2081.60379984        2.46093750
   2082.82094920        2.40234375
   2084.05856145        2.32421875
   2085.31062253        2.20214844
   2086.55952937        2.44140625
   2087.76012392        2.40234375
   2088.96127332        2.31933594
   2090.16640641        2.35351563
   2091.34891629        2.22167969
   2092.53534652        2.33886719
   2093.73648175        2.43652344
   2094.99086763        2.39746094
   2096.20799998        2.21191406
   2097.41062915        2.42187500
   2098.64604798        2.35839844
   2099.89751167        2.47070313
   2101.11408586        2.37304688
   2102.31567102        2.29980469
   2103.54761565        2.40234375
   2104.78315216        2.38769531
   2106.02056638        2.30957031
   2107.25338677        2.27050781
   2108.45459903        2.38281250
   2109.70929401        2.45117188
   2110.92761830        2.50976563
   2112.13405014        2.31933594
   2113.33645670        2.38769531
   2114.58589523        2.34375000
   2115.75515058        2.37304688
   2116.95738274        2.37792969
   2118.17480623        2.42187500
   2119.47556052        2.29003906
   2120.79147352        2.37792969
   2121.99848715        2.41699219
   2123.26078795        2.45117188
   2125.00773059        2.46093750
   2126.50993582        2.45117188
   2127.87126916        2.33398438
   2129.18699312        2.19726563
   2130.47727990        2.39257813
   2131.92981833        2.27050781
   2133.09924523        2.53417969
   2134.31501550        2.41210938
   2135.51809413        2.39257813
   2136.73392395        2.34863281
   2137.91909513        2.56835938
   2139.20556081        2.39746094
   2140.40668469        2.32421875
   2141.62347676        2.38769531
   2142.81227952        2.37304688
   2144.12659225        2.29980469
   2145.47676759        2.31933594
   2147.35403898        2.26562500
   2148.89919797        2.39746094
   2150.65269061        2.27050781
   2152.13375759        2.47558594
   2153.33750969        2.36328125
   2154.67511390        2.38769531
   2156.15117303        2.34863281
   2157.30546014        2.30468750
   2158.44617181        2.44628906
   2159.80530985        2.30468750
   2161.09355871        2.33398438
   2162.43151691        2.25097656
   2163.77225410        2.52929688
   2164.94254164        2.30468750
   2166.10560949        2.41699219
   2167.25991361        2.41699219
   2168.42673261        2.42675781
   2169.65873774        2.47558594
   2170.79086243        2.33886719
   2172.00802456        2.52929688
   2173.16328903        2.42187500
   2174.37942558        2.44628906
   2175.56591347        2.35839844
   2176.74977692        2.39746094
   2177.93614335        2.35839844
   2179.12144829        2.41699219
   2180.33849226        2.44140625
   2181.57568388        2.28027344
   2182.77746564        2.36328125
   2183.97813723        2.46582031
   2185.12577226        2.47070313
   2186.34361022        2.47070313
   2187.52893028        2.41210938
   2188.71099164        2.44628906
   2190.07776339        2.43652344
   2191.28757491        2.48535156
   2192.46468514        2.29980469
   2193.89111008        2.38281250
   2195.19896355        2.43652344
   2196.47704076        2.38769531
   2197.66319735        2.38281250
   2198.85179831        2.36816406
   2200.30929448        2.42187500
   2201.66644280        2.44628906
   2203.10156294        2.36816406
   2204.38929240        2.36328125
   2205.78342156        2.46582031
   2206.96245345        2.55859375
   2208.26639838        2.55371094
   2209.38988506        2.43164063
   2210.53704463        2.46093750
   2211.66941273        2.55371094
   2212.83294138        2.49511719
   2213.98123948        2.44140625
   2215.11302957        2.36328125
   2216.28310207        2.48535156
   2217.45317078        2.40722656
   2218.63909295        2.40722656
   2219.80270857        2.36816406
   2220.95692667        2.41210938
   2222.12039435        2.36816406
   2223.37433172        2.36816406
   2224.54543972        2.47070313
   2225.75065127        2.42675781
   2226.97901251        2.43652344
   2228.22728132        2.53417969
   2229.41376401        2.52929688
   2230.59907651        2.49023438
   2231.81525559        2.38281250
   2233.01550608        2.42675781
   2234.21663091        2.46582031
   2235.41769571        2.48535156
   2236.60391421        2.39746094
   2237.90518366        2.42187500
   2239.07664329        2.38281250
   2240.26203046        2.36328125
   2241.49509093        2.35839844
   2242.66423994        2.37792969
   2243.84315084        2.46582031
   2245.08225845        2.33886719
   2246.28306473        2.49511719
   2247.51544227        2.46582031
   2248.66880683        2.45117188
   2249.86935223        2.48046875
   2251.07117559        2.53417969
   2252.28838923        2.41210938
   2253.47415165        2.49023438
   2254.69059209        2.41210938
   2255.88254627        2.40234375
   2257.08548264        2.44140625
   2258.31797030        2.53417969
   2259.51980642        2.38281250
   2260.73697941        2.43164063
   2262.02661115        2.47070313
   2263.36950583        2.47070313
   2264.74365701        2.50976563
   2265.99176560        2.50976563
   2267.41370210        2.45117188
   2268.78957408        2.50488281
   2270.24504509        2.45605469
   2271.68216298        2.39746094
   2272.95602586        2.62207031
   2274.33616462        2.47070313
   2276.17985046        2.45605469
   2277.35215986        2.47070313
   2278.79895174        2.51464844
   2280.38755837        2.58789063
   2281.56597917        2.44628906
   2282.69640622        2.50000000
   2283.88197677        2.46093750
   2285.51441906        2.42675781
   2286.91462701        2.47558594
   2288.13623599        2.41699219
   2289.62987173        2.49511719
   2290.93728614        2.50000000
   2292.12868027        2.39257813
   2293.58921631        2.50976563
   2294.89920270        2.50000000
   2296.32400372        2.32421875
   2297.53345086        2.43652344
   2298.68672515        2.47070313
   2299.83434741        2.45117188
   2301.00337401        2.37792969
   2302.16737858        2.51953125
   2303.32042271        2.43652344
   2304.49108881        2.55371094
   2305.69150094        2.37304688
   2306.85517846        2.41699219
   2308.10404276        2.46093750
   2309.29512591        2.53417969
   2310.49662646        2.45117188
   2311.66155122        2.50488281
   2312.81639932        2.47070313
   2313.97962266        2.51464844
   2315.18120404        2.46093750
   2316.38567499        2.33398438
   2317.56748351        2.41210938
   2318.76908757        2.47070313
   2320.00816729        2.38281250
   2321.22543008        2.37304688
   2322.45691674        2.55371094
   2323.65771877        2.48535156
   2324.81182061        2.47558594
   2325.97491824        2.45605469
   2327.17765421        2.46582031
   2328.39962994        2.49511719
   2329.61836163        2.38769531
   2330.85220806        2.27539063
   2332.12152721        2.40722656
   2333.37025068        2.45605469
   2334.57090620        2.60253906
   2335.78798939        2.50488281
   2337.00403284        2.59765625
   2338.32912689        2.45605469
   2339.59219521        2.45117188
   2340.87537904        2.44628906
   2342.14509802        2.48535156
   2343.41435478        2.40234375
   2344.68972201        2.53417969
   2345.95395627        2.45117188
   2347.21596830        2.61230469
   2348.49797200        2.47558594
   2349.78146587        2.52441406
   2351.03778475        2.41699219
   2352.31520833        2.51464844
   2353.59773806        2.50488281
   2354.88043887        2.40722656
   2356.14185729        2.63183594
   2357.43556676        2.38281250
   2358.72821946        2.37792969
   2360.05098824        2.44628906
   2361.33752434        2.41699219
   2362.58072859        2.48046875
   2363.82930176        2.35351563
   2365.01423994        2.38281250
   2366.24764259        2.38769531
   2367.46672874        2.44628906
   2368.66855776        2.45117188
   2369.85441188        2.51464844
   2371.05594835        2.53906250
   2372.28938550        2.47070313
   2373.47616973        2.51464844
   2374.69669546        2.45117188
   2375.87841938        2.38769531
   2377.13273532        2.51953125
   2378.33647702        2.48535156
   2379.55302380        2.39257813
   2380.75410326        2.50000000
   2381.97160047        2.48535156
   2383.20333100        2.48046875
   2384.42717215        2.55371094
   2385.60750610        2.48046875
   2386.79312248        2.47558594
   2387.97697932        2.45605469
   2389.17802711        2.60742188
   2390.39401478        2.46582031
   2391.63315358        2.42187500
   2392.83666938        2.61230469
   2394.05838847        2.39257813
   2395.33817844        2.47070313
   2396.60918530        2.52441406
   2397.82518999        2.50000000
   2399.07437945        2.41699219
   2400.27563756        2.51464844
   2401.50907896        2.54394531
   2402.69510416        2.35839844
   2403.85858177        2.42675781
   2405.10262728        2.54394531
   2406.35064843        2.40722656
   2407.55819470        2.56347656
   2408.80740827        2.32421875
   2410.05448324        2.47558594
   2411.30878027        2.42187500
   2412.50523848        2.50976563
   2413.71159896        2.52929688
   2414.87466491        2.37304688
   2416.06043679        2.46093750
   2417.24534473        2.49023438
   2418.46286462        2.50976563
   2419.64833072        2.46093750
   2420.83463051        2.42187500
   2422.03605639        2.52441406
   2423.26773777        2.57324219
   2424.50031287        2.43652344
   2425.73987324        2.35351563
   2426.94157136        2.35351563
   2428.14375579        2.54394531
   2429.29155387        2.49511719
   2430.53172014        2.46582031
   2431.76384956        2.59765625
   2432.94272454        2.50000000
   2434.21320065        2.49511719
   2435.42943929        2.48535156
   2436.64891818        2.44628906
   2437.87159763        2.48535156
   2439.03509509        2.51953125
   2440.23508942        2.45605469
   2441.40516759        2.45117188
   2442.62267189        2.50488281
   2443.83950271        2.48046875
   2445.00943295        2.52441406
   2446.24200900        2.40234375
   2447.48125697        2.56835938
   2448.68343715        2.44140625
   2449.88490793        2.46582031
   2451.03375711        2.38769531
   2452.23590657        2.43164063
   2453.42250222        2.52441406
   2454.61903700        2.42675781
   2455.87554776        2.46582031
   2457.09288428        2.65136719
   2458.27792219        2.48046875
   2459.49628665        2.50488281
   2460.69890258        2.48535156
   2461.91936216        2.46582031
   2463.12219029        2.41699219
   2464.32434826        2.39746094
   2465.58847808        2.49023438
   2466.77347203        2.50488281
   2467.94864832        2.40722656
   2469.14969753        2.50000000
   2470.36654300        2.54882813
   2471.55173261        2.51464844
   2472.71632370        2.50488281
   2473.90299544        2.46582031
   2475.08699737        2.49023438
   2476.27286472        2.52929688
   2477.50554285        2.45605469
   2478.72238879        2.51464844
   2479.92316388        2.55371094
   2481.16329281        2.49511719
   2482.37976776        2.46093750
   2483.56299979        2.49511719
   2484.71774014        2.49023438
   2485.91893727        2.48535156
   2487.12010511        2.59277344
   2488.32126538        2.57324219
   2489.52218651        2.43164063
   2490.70162816        2.51953125
   2491.90279742        2.65136719
   2493.08714388        2.50488281
   2494.30499603        2.43652344
   2495.52845814        2.60253906
   2496.73063454        2.51464844
   2497.93275186        2.51953125
   2499.16555854        2.51953125
   2500.38290026        2.49023438
   2501.55409333        2.53417969
   2502.71747453        2.42675781
   2503.90428002        2.56835938
   2505.10549039        2.55371094
   2506.32311899        2.50976563
   2507.52338082        2.62207031
   2508.70931905        2.43652344
   2509.92576658        2.52441406
   2511.11246479        2.50000000
   2512.32999839        2.43164063
   2513.55386506        2.51464844
   2514.77074314        2.52441406
   2515.97309441        2.47070313
   2517.15917254        2.67089844
   2518.33933304        2.45605469
   2519.49357903        2.52441406
   2520.76447388        2.50000000
   2521.96580099        2.50976563
   2523.13023423        2.44140625
   2524.36864425        2.50488281
   2525.63012553        2.57324219
   2526.87785980        2.47070313
   2528.19318534        2.59765625
   2529.42733662        2.50976563
   2530.97886695        2.53906250
   2532.70732272        2.47558594
   2533.95215986        2.43164063
   2535.42998138        2.56347656
   2536.68094268        2.60742188
   2538.13109864        2.57324219
   2539.32157684        2.49023438
   2540.79787228        2.56835938
   2542.12127342        2.58300781
   2543.36946235        2.63671875
   2544.60308477        2.57324219
   2545.82664849        2.43164063
   2547.02747320        2.50488281
   2548.33579456        2.65136719
   2549.66637616        2.50000000
   2550.90208802        2.39746094
   2552.15398321        2.47558594
   2553.35301860        2.68554688
   2554.70708925        2.61718750
   2555.92453447        2.84179688
   2557.11096612        2.68066406
   2558.34468165        2.51464844
   2559.54597472        2.53906250
   2560.74661370        2.52441406
   2561.94870314        2.60253906
   2563.13425667        2.51953125
   2564.38246687        2.50000000
   2565.56801189        2.68554688
   2566.76904456        2.64648438
   2567.93912604        2.59277344
   2569.12497495        2.58789063
   2570.35721591        2.54394531
   2571.52652608        2.41210938
   2572.72768683        2.49511719
   2574.02753512        2.50488281
   2575.22996531        2.56835938
   2576.43180710        2.50000000
   2577.64814025        2.55371094
   2578.85005104        2.55371094
   2580.08334452        2.57812500
   2581.33638675        2.56835938
   2582.58739484        2.50976563
   2583.82996342        2.55859375
   2585.04357998        2.56835938
   2586.24418256        2.63671875
   2587.44669925        2.59765625
   2588.66335473        2.43164063
   2589.84918852        2.49023438
   2591.06640783        2.53906250
   2592.25382158        2.53906250
   2593.41713613        2.65136719
   2594.60300253        2.60253906
   2595.81941982        2.53417969
   2597.05843148        2.55859375
   2598.26027138        2.58300781
   2599.46130972        2.61230469
   2600.63841664        2.53906250
   2601.84224011        2.54394531
   2603.06477021        2.51953125
   2604.31373188        2.55371094
   2605.53175416        2.59765625
   2606.76993733        2.50000000
   2608.00254268        2.50488281
   2609.19410600        2.67089844
   2610.41068822        2.52929688
   2611.61274363        2.51953125
   2612.81552167        2.50976563
   2614.00151426        2.56347656
   2615.23417349        2.57324219
   2616.45009500        2.60742188
   2617.65074673        2.59765625
   2618.80500643        2.56835938
   2620.02154706        2.58789063
   2621.25448230        2.54394531
   2622.45883037        2.52441406
   2623.66010880        2.63183594
   2624.84525068        2.57812500
   2626.13183167        2.48535156
   2627.33235202        2.50488281
   2628.51819290        2.57324219
   2629.71935649        2.55371094
   2630.92038017        2.52441406
   2632.12219644        2.57324219
   2633.37149318        2.54394531
   2634.55675558        2.52441406
   2635.77424145        2.47558594
   2636.97495841        2.47070313
   2638.13112606        2.65136719
   2639.37931688        2.58300781
   2640.57020389        2.54394531
   2641.77157069        2.70996094
   2642.98846626        2.57812500
   2644.19557584        2.55371094
   2645.42818165        2.58300781
   2646.65062291        2.56347656
   2647.85201902        2.50976563
   2649.11566299        2.48535156
   2650.31690786        2.56835938
   2651.52082538        2.60253906
   2652.70732698        2.63183594
   2653.92259958        2.62695313
   2655.13692695        2.46093750
   2656.34058500        2.60742188
   2657.56373518        2.70019531
   2658.81200919        2.74902344
   2660.01372431        2.41210938
   2661.23104666        2.64160156
   2662.43359311        2.68554688
   2663.63492873        2.58789063
   2664.82105129        2.60742188
   2666.03751536        2.47070313
   2667.25803495        2.67089844
   2668.52407840        2.36328125
   2669.72521646        2.60742188
   2670.92613995        2.60253906
   2672.13963221        2.54882813
   2673.34357667        2.64160156
   2674.59621387        2.54394531
   2675.83133543        2.66601563
   2677.06412698        2.59277344
   2678.25412405        2.55371094
   2679.40354179        2.65136719
   2680.58959818        2.53417969
   2681.82249182        2.54394531
   2683.02446689        2.52441406
   2684.20870702        2.56835938
   2685.41003790        2.43164063
   2686.59633486        2.48535156
   2687.82913209        2.58789063
   2689.03848233        2.53906250
   2690.23919268        2.47070313
   2691.45777927        2.58300781
   2692.69642844        2.60253906
   2693.91358442        2.56347656
   2695.09871259        2.44140625
   2696.30113617        2.55371094
   2697.50016258        2.39746094
   2698.70203509        2.53906250
   2699.93960291        2.57812500
