      0.00641955       2.91743526
      1.32095535       2.91862740
      2.47796567       2.91952651
      3.65657646       2.92013735
      4.82704927       2.92046465
      6.00770885       2.92051316
      7.18023990       2.92028762
      8.34412916       2.91979277
      9.53432614       2.91903336
     10.71302201       2.91801412
     11.88573265       2.91673980
     13.03861278       2.91521514
     14.19551109       2.91344489
     15.37546647       2.91143378
     16.54213330       2.90918656
     17.69519443       2.90670797
     18.85162911       2.90400275
     20.00934694       2.90107564
     21.16618617       2.89793140
     22.33848092       2.89457475
     23.50763985       2.89101302
     24.66455943       2.88724986
     25.85435422       2.88328985
     27.02655207       2.87913724
     28.21633977       2.87479597
     29.38366873       2.87026978
     30.54179774       2.86556245
     31.71828884       2.86067791
     32.88279345       2.85562005
     34.06337836       2.85039286
     35.21630764       2.84500043
     36.38450810       2.83944690
     37.55458769       2.83373654
     38.71865559       2.82787385
     39.88475764       2.82186348
     41.07693915       2.81571040
     42.25018716       2.80941983
     43.43800499       2.80299718
     44.58880891       2.79644813
     45.77786547       2.78977860
     46.94616377       2.78299515
     48.12752755       2.77610451
     49.28985718       2.76911391
     50.44649271       2.76203088
     51.60157429       2.75486304
     52.76058330       2.74761822
     53.91449184       2.74030459
     55.07477409       2.73293072
     56.22868972       2.72550544
     57.40767293       2.71803779
     58.57030030       2.71053706
     59.72720854       2.70301245
     60.90818808       2.69547326
     62.08905373       2.68792876
     63.28200229       2.68038794
     64.44682402       2.67285944
     65.62298996       2.66535124
     66.78907830       2.65787086
     67.97019774       2.65042493
     69.13483562       2.64301935
     70.30424693       2.63565925
     71.46935318       2.62834867
     72.63376704       2.62109121
     73.81454808       2.61389018
     74.97982305       2.60674852
     76.13637021       2.59966858
     77.31337647       2.59265178
     78.50209086       2.58569892
     79.66760875       2.57881016
     80.84541845       2.57198504
     82.00238246       2.56522248
     83.15522194       2.55852068
     84.30788514       2.55187703
     85.47646322       2.54528841
     86.65833459       2.53875087
     87.82001342       2.53225985
     89.00356778       2.52581053
     90.18487721       2.51939769
     91.37743681       2.51301587
     92.55435185       2.50665928
     93.72702516       2.50032223
     94.88503034       2.49399884
     96.06562423       2.48768342
     97.21086215       2.48137097
     98.38465036       2.47505699
     99.56167174       2.46873730
    100.72963353       2.46240785
    101.90269155       2.45606505
    103.07568671       2.44970587
    104.22814479       2.44332752
    105.38520426       2.43692764
    106.55637371       2.43050415
    107.72789289       2.42405519
    108.90932000       2.41757939
    110.09469393       2.41107564
    111.25758030       2.40454345
    112.41569371       2.39798286
    113.59614770       2.39139445
    114.75961917       2.38477956
    115.93878008       2.37814016
    117.10503478       2.37147919
    118.28132975       2.36480009
    119.44658345       2.35810663
    120.60226809       2.35140287
    121.75924107       2.34469286
    122.94819508       2.33798091
    124.10206581       2.33127135
    125.28286339       2.32456828
    126.44844698       2.31787515
    127.62521977       2.31119492
    128.84304167       2.30452997
    130.12544993       2.29788208
    131.29188517       2.29125224
    132.44518829       2.28464112
    133.62178101       2.27804905
    134.79027119       2.27147570
    135.97187175       2.26492028
    137.12056166       2.25838150
    138.28895637       2.25185803
    139.44704567       2.24534807
    140.61689510       2.23884966
    141.78197393       2.23236055
    142.94637739       2.22587766
    144.10361741       2.21939724
    145.28416025       2.21291532
    146.44510227       2.20642788
    147.60199917       2.19993079
    148.78221591       2.19341941
    149.95098304       2.18688888
    151.12325463       2.18033468
    152.28940299       2.17375257
    153.47057631       2.16713892
    154.65937293       2.16049065
    155.82014954       2.15380562
    156.97662816       2.14708232
    158.15372705       2.14031986
    159.32255799       2.13351859
    160.47942133       2.12667951
    161.63626293       2.11980477
    162.78958731       2.11289725
    163.96963580       2.10596077
    165.13468439       2.09899974
    166.32333450       2.09201918
    167.50359945       2.08502486
    168.69686655       2.07802303
    169.87595894       2.07102042
    171.06317324       2.06402387
    172.22730920       2.05704053
    173.41546260       2.05007775
    174.59432151       2.04314340
    175.75939940       2.03624572
    176.93723888       2.02939367
    178.10212016       2.02259624
    179.25953693       2.01586234
    180.44788646       2.00920068
    181.60118816       2.00261971
    182.78088360       1.99612791
    183.95279600       1.98973279
    185.12440309       1.98344119
    186.31491153       1.97725909
    187.51130121       1.97119128
    188.68781075       1.96524166
    189.84468732       1.95941324
    191.00901847       1.95370776
    192.17963542       1.94812565
    193.35263389       1.94266576
    194.50985264       1.93732589
    195.69836522       1.93210334
    196.87814385       1.92699420
    198.03938267       1.92199387
    199.22025115       1.91709684
    200.40877129       1.91229690
    201.62704548       1.90758684
    202.80449553       1.90295886
    204.01008280       1.89840495
    205.22646700       1.89391640
    206.43790810       1.88948461
    207.62742925       1.88510039
    208.78422784       1.88075426
    209.94901790       1.87643673
    211.12597548       1.87213835
    212.29865966       1.86784992
    213.44791860       1.86356232
    214.63332183       1.85926646
    215.79797200       1.85495317
    216.96729777       1.85061382
    218.13558236       1.84624076
    219.30885164       1.84182735
    220.48574494       1.83736747
    221.65908511       1.83285573
    222.82310197       1.82828710
    224.00781330       1.82365688
    225.19745969       1.81896086
    226.35418927       1.81419556
    227.51076668       1.80935804
    228.67225646       1.80444550
    229.82107728       1.79945595
    230.98515180       1.79438780
    232.15302616       1.78923959
    233.31387224       1.78401023
    234.48761461       1.77869895
    235.64812418       1.77330526
    236.82075118       1.76782895
    238.00991124       1.76226999
    239.19051317       1.75662905
    240.36702649       1.75090765
    241.57143458       1.74510764
    242.75885731       1.73923177
    243.97109997       1.73328331
    245.14805424       1.72726625
    246.34500633       1.72118476
    247.51012770       1.71504364
    248.69218718       1.70884837
    249.87514509       1.70260481
    251.04902783       1.69631923
    252.22186939       1.68999766
    253.38461680       1.68364666
    254.56392092       1.67727323
    255.73667363       1.67088424
    256.90554757       1.66448669
    258.11045995       1.65808728
    259.29223869       1.65169279
    260.44498365       1.64531021
    261.61750619       1.63894704
    262.79557536       1.63261110
    263.98639431       1.62631015
    265.15173214       1.62005132
    266.31603446       1.61384163
    267.48518631       1.60768743
    268.63425572       1.60159470
    269.81163204       1.59556926
    270.97782956       1.58961687
    272.15018243       1.58374283
    273.32246441       1.57795211
    274.50295102       1.57224901
    275.72010369       1.56663672
    276.96929977       1.56111771
    278.13407896       1.55569389
    279.30697015       1.55036658
    280.46839613       1.54513646
    281.63307985       1.54000359
    282.82239021       1.53496751
    283.98539473       1.53002751
    285.19967484       1.52518256
    286.36864520       1.52043101
    287.55003781       1.51577053
    288.72691268       1.51119787
    289.90796737       1.50670884
    291.07264259       1.50229826
    292.23710088       1.49796055
    293.40615252       1.49368972
    294.59303552       1.48947909
    295.75988572       1.48532135
    296.92476984       1.48120883
    298.10901233       1.47713388
    299.27428257       1.47308835
    300.44744456       1.46906371
    301.60821833       1.46505145
    302.77333592       1.46104329
    303.92961841       1.45703155
    305.10114657       1.45300888
    306.28329159       1.44896865
    307.44879814       1.44490483
    308.61757897       1.44081172
    309.78266064       1.43668399
    310.95117067       1.43251717
    312.12065807       1.42830759
    313.29778390       1.42405256
    314.46159045       1.41975028
    315.60305169       1.41540002
    316.78401185       1.41100163
    317.94892291       1.40655557
    319.11890844       1.40206283
    320.29912141       1.39752550
    321.46830491       1.39294682
    322.61898926       1.38833098
    323.77333166       1.38368289
    324.95044662       1.37900811
    326.11730958       1.37431273
    327.27577084       1.36960321
    328.44848668       1.36488590
    329.61672685       1.36016702
    330.77516163       1.35545239
    331.94803675       1.35074715
    333.11682326       1.34605588
    334.27318326       1.34138299
    335.44649460       1.33673272
    336.63439940       1.33210922
    337.82051912       1.32751604
    338.97643770       1.32295612
    340.13267151       1.31843155
    341.29569683       1.31394383
    342.44856561       1.30949358
    343.61772974       1.30508083
    344.78279156       1.30070532
    345.99268200       1.29636641
    347.19842855       1.29206339
    348.39960820       1.28779500
    349.59591848       1.28355952
    350.76036401       1.27935511
    351.91710163       1.27517941
    353.08560835       1.27102950
    354.25874104       1.26690228
    355.41583596       1.26279461
    356.59675549       1.25870332
    357.77312986       1.25462525
    358.93092850       1.25055743
    360.10475121       1.24649731
    361.29028442       1.24244226
    362.47133250       1.23839010
    363.63595714       1.23433920
    364.80445725       1.23028844
    365.97715655       1.22623697
    367.15704766       1.22218413
    368.34445101       1.21812937
    369.53191013       1.21407223
    370.69678290       1.21001229
    371.87394559       1.20594875
    373.03974658       1.20188039
    374.22125688       1.19780619
    375.38248814       1.19372491
    376.53956226       1.18963522
    377.72080080       1.18553624
    378.88556062       1.18142754
    380.07001531       1.17730887
    381.22723406       1.17317980
    382.38498592       1.16903966
    383.56287077       1.16488791
    384.75128221       1.16072381
    385.91543660       1.15654700
    387.09733066       1.15235735
    388.25812333       1.14815499
    389.41481795       1.14393999
    390.59621434       1.13971234
    391.79043377       1.13547199
    392.96063482       1.13121849
    394.11682940       1.12695130
    395.28973288       1.12266982
    396.46963722       1.11837319
    397.63589901       1.11406083
    398.81216373       1.10973244
    400.00223359       1.10538787
    401.16722262       1.10102747
    402.34389616       1.09665197
    403.53318147       1.09226232
    404.68850596       1.08785981
    405.85145660       1.08344577
    407.03252689       1.07902211
    408.19539530       1.07459102
    409.35132474       1.07015481
    410.52339925       1.06571592
    411.67939628       1.06127691
    412.84493166       1.05684035
    414.00946509       1.05240875
    415.19061431       1.04798448
    416.37570751       1.04356948
    417.54067622       1.03916578
    418.71699718       1.03477573
    419.88609184       1.03040141
    421.04236110       1.02604509
    422.21914144       1.02170935
    423.40703915       1.01739669
    424.58569011       1.01310945
    425.75038849       1.00884963
    426.91496068       1.00461935
    428.07156550       1.00042081
    429.22903236       0.99625575
    430.38241157       0.99212592
    431.56448948       0.98803245
    432.78182033       0.98397591
    433.94754854       0.97995645
    435.12078190       0.97597378
    436.30469545       0.97202682
    437.47798552       0.96811390
    438.65888283       0.96423309
    439.83929618       0.96038212
    441.02831966       0.95655876
    442.20122739       0.95276094
    443.37037167       0.94898650
    444.54989981       0.94523339
    445.71078086       0.94149975
    446.86787152       0.93778372
    448.03133826       0.93408343
    449.22049927       0.93039738
    450.38572603       0.92672426
    451.57532043       0.92306315
    452.74361731       0.91941310
    453.91580619       0.91577326
    455.08923994       0.91214291
    456.24200569       0.90852161
    457.40190701       0.90490900
    458.59493544       0.90130495
    459.77388084       0.89770934
    460.94737556       0.89412220
    462.11998601       0.89054402
    463.29790631       0.88697552
    464.49487400       0.88341762
    465.66410666       0.87987181
    466.82199132       0.87633985
    467.98682250       0.87282363
    469.13615375       0.86932524
    470.30530796       0.86584664
    471.47093597       0.86238960
    472.64788551       0.85895560
    473.80488118       0.85554561
    474.96936594       0.85216047
    476.13439704       0.84880021
    477.30801416       0.84546455
    478.55627588       0.84215278
    479.73787313       0.83886352
    480.93128155       0.83559484
    482.10297654       0.83234474
    483.28011371       0.82911104
    484.44530266       0.82589134
    485.61816407       0.82268333
    486.76004168       0.81948469
    487.92482041       0.81629296
    489.09344481       0.81310566
    490.24554323       0.80992022
    491.40960073       0.80673412
    492.59530644       0.80354492
    493.76108853       0.80035013
    494.92980415       0.79714717
    496.09035909       0.79393337
    497.24389805       0.79070617
    498.42448248       0.78746320
    499.59361117       0.78420235
    500.75842817       0.78092202
    501.91614742       0.77762101
    503.08730410       0.77429829
    504.24193196       0.77095286
    505.41521495       0.76758449
    506.66401450       0.76419328
    507.82200786       0.76077960
    508.97781018       0.75734438
    510.15836342       0.75388887
    511.32082349       0.75041444
    512.47643770       0.74692253
    513.65874057       0.74341450
    514.83727102       0.73989128
    516.00777360       0.73635398
    517.17979564       0.73280410
    518.36230694       0.72924328
    519.54774609       0.72567318
    520.72013678       0.72209514
    521.88481199       0.71851104
    523.06509018       0.71492284
    524.23332420       0.71133226
    525.40765308       0.70774079
    526.57235666       0.70414998
    527.72960990       0.70056155
    528.93917613       0.69697726
    530.12804129       0.69339888
    531.30914513       0.68982802
    532.46070571       0.68626610
    533.63453693       0.68271422
    534.79131520       0.67917346
    535.96085269       0.67564500
    537.18216676       0.67212950
    538.38593729       0.66862719
    539.55542658       0.66513842
    540.79624412       0.66166399
    541.99509849       0.65820526
    543.17224606       0.65476369
    544.34442123       0.65134100
    545.50990037       0.64793917
    546.68312901       0.64455973
    547.85183659       0.64120369
    549.03112889       0.63787191
    550.19852685       0.63456582
    551.37045154       0.63128617
    552.54733302       0.62803367
    553.71152050       0.62480937
    554.86869104       0.62161395
    556.04628949       0.61844791
    557.19921735       0.61531147
    558.35696779       0.61220503
    559.54788882       0.60912893
    560.73561450       0.60608374
    561.89983884       0.60307006
    563.05702261       0.60008844
    564.21068444       0.59713867
    565.38271358       0.59422044
    566.57105554       0.59133386
    567.74346844       0.58847826
    568.90814555       0.58565233
    570.34317589       0.58285451
    571.65297938       0.58008346
    572.90397092       0.57733757
    574.13448825       0.57461483
    575.40517373       0.57191234
    576.65329650       0.56922721
    577.89926036       0.56655679
    579.18459506       0.56389865
    580.46300546       0.56125071
    581.75767813       0.55861102
    583.01038244       0.55597763
    584.30673195       0.55334964
    585.60246139       0.55072759
    586.86885646       0.54811344
    588.14931612       0.54550932
    589.44625782       0.54291736
    590.75924344       0.54033999
    592.01001805       0.53778008
    593.34304261       0.53524013
    594.66817022       0.53272337
    595.99769647       0.53023400
    597.32178337       0.52777743
    598.63275091       0.52535860
    599.94690011       0.52298289
    601.21492334       0.52065579
    602.52802144       0.51838246
    603.79064172       0.51616792
    605.05939278       0.51401706
    606.37136747       0.51193469
    607.68351797       0.50992433
    609.02947095       0.50798838
    610.34051175       0.50612869
    611.65525833       0.50434573
    612.92930554       0.50263824
    614.23279108       0.50100401
    615.58695200       0.49943949
    616.92008195       0.49793800
    618.23062934       0.49649094
    619.54205579       0.49508761
    620.85355739       0.49371576
    622.15483298       0.49236137
    623.48097765       0.49100897
    624.79598370       0.48964113
    626.11944676       0.48824076
    627.38470187       0.48679019
    628.71850578       0.48527109
    629.94523035       0.48366496
    631.19691240       0.48195344
    632.40118721       0.48011942
    633.67032440       0.47814701
    634.90074390       0.47602178
    636.12158298       0.47373040
    637.34031561       0.47126006
    638.56032667       0.46860003
    639.82270686       0.46574223
    641.06125489       0.46268143
    642.25817579       0.45941439
    643.49510322       0.45594165
    644.79796586       0.45226655
    645.99389616       0.44839495
    647.19701921       0.44433393
    648.41404002       0.44009298
    649.66916035       0.43568420
    650.92329480       0.43112215
    652.13573927       0.42642329
    653.38526712       0.42160573
    654.59347884       0.41668838
    655.85408435       0.41169044
    657.07327400       0.40663244
    658.32314876       0.40153578
    659.57129941       0.39642150
    660.82044539       0.39131032
    662.04370286       0.38622195
    663.24321275       0.38117462
    664.47758710       0.37618437
    665.71724720       0.37126696
    666.96622824       0.36643697
    668.18127162       0.36170825
    669.41739229       0.35709257
    670.63427037       0.35259988
    671.88404966       0.34823825
    673.09120224       0.34401582
    674.29327703       0.33993872
    675.49438721       0.33601149
    676.71736819       0.33223759
    677.93095119       0.32861973
    679.18109912       0.32516027
    680.36776046       0.32186029
    681.61947086       0.31872062
    682.85705097       0.31574150
    684.07296822       0.31292305
    685.29303032       0.31026618
    686.50813042       0.30777170
    687.79509424       0.30544044
    689.02925591       0.30327264
    690.23432473       0.30126975
    691.44596433       0.29943278
    692.69808259       0.29776309
    693.93230051       0.29626199
    695.16853839       0.29493211
    696.38694491       0.29377758
    697.68226459       0.29280294
    698.92038254       0.29201242
    700.15439770       0.29141064
    701.48220315       0.29100239
    702.71587755       0.29079350
    703.97758663       0.29079127
    705.21797219       0.29100260
    706.42045815       0.29143414
    707.63523262       0.29209201
    708.90554852       0.29298157
    710.17027100       0.29410807
    711.40607974       0.29547626
    712.65611519       0.29709135
    713.88362478       0.29895641
    715.13300093       0.30107328
    716.35910874       0.30344176
    717.57332032       0.30606090
    718.77950971       0.30892821
    720.04448882       0.31204032
    721.32186466       0.31539137
    722.59211628       0.31897367
    723.79577717       0.32277796
    725.05512175       0.32679414
    726.29588115       0.33101046
    727.49318912       0.33541370
    728.76029170       0.33999029
    729.96695323       0.34472583
    731.13453504       0.34960514
    732.34069796       0.35461190
    733.55663176       0.35972874
    734.82261659       0.36493828
    736.09179916       0.37022296
    737.32273097       0.37556588
    738.52792597       0.38094956
    739.74432671       0.38635768
    740.96666824       0.39177467
    742.23248152       0.39718656
    743.46819007       0.40258067
    744.69669499       0.40794493
    745.96611434       0.41326871
    747.19705087       0.41854359
    748.43100885       0.42376372
    749.71602785       0.42892600
    750.96603824       0.43402897
    752.19684576       0.43907188
    753.43059956       0.44405616
    754.63542167       0.44898471
    755.92333119       0.45386187
    757.16672874       0.45869357
    758.41975065       0.46348656
    759.63386156       0.46824869
    760.84249721       0.47298646
    762.05796879       0.47770730
    763.26031155       0.48241863
    764.47863537       0.48712755
    765.73374766       0.49184033
    766.93280763       0.49656319
    768.19821067       0.50130136
    769.42346919       0.50605880
    770.68565656       0.51083934
    771.98235155       0.51564676
    773.21310471       0.52048385
    774.41851665       0.52535336
    775.64935866       0.53025683
    776.85354226       0.53519420
    778.05897924       0.54016351
    779.29363905       0.54516148
    780.52379152       0.55018396
    781.79427614       0.55522630
    783.04443210       0.56028271
    784.21100062       0.56534640
    785.46201297       0.57040993
    786.66899257       0.57546750
    787.85780810       0.58051328
    789.07113400       0.58554169
    790.32321351       0.59054789
    791.52597501       0.59552805
    792.75853451       0.60047951
    793.96224124       0.60540155
    795.16975537       0.61029519
    796.42081025       0.61516246
    797.62182260       0.62000573
    798.83770441       0.62482879
    800.07224039       0.62963646
    801.31166465       0.63443388
    802.58823563       0.63922626
    803.90040031       0.64401934
    805.12200314       0.64881853
    806.32427973       0.65362895
    807.60453334       0.65845375
    808.88454166       0.66329667
    810.12459969       0.66816045
    811.33768550       0.67304747
    812.62151823       0.67795957
    813.85634771       0.68289792
    815.10845464       0.68786287
    816.37223330       0.69285449
    817.57239163       0.69787355
    818.82100214       0.70292023
    820.04596716       0.70799437
    821.32203575       0.71309471
    822.58760799       0.71821795
    823.83759334       0.72336098
    825.07133439       0.72852015
    826.29621529       0.73369188
    827.51007099       0.73887258
    828.75886298       0.74405897
    829.98354822       0.74924733
    831.21285942       0.75443429
    832.43635839       0.75961763
    833.71143732       0.76479713
    834.94725599       0.76997123
    836.21361561       0.77513904
    837.42117086       0.78030109
    838.67021239       0.78545859
    839.88323913       0.79061262
    841.08586167       0.79576496
    842.37311615       0.80091721
    843.57238974       0.80607077
    844.82314687       0.81122655
    846.06276632       0.81638494
    847.29355398       0.82154443
    848.57144403       0.82670312
    849.77474148       0.83185776
    851.02543623       0.83700452
    852.27512241       0.84213808
    853.48224616       0.84725273
    854.73204530       0.85234176
    855.94625829       0.85739920
    857.16909985       0.86241925
    858.42093597       0.86739643
    859.65078265       0.87232429
    860.93667174       0.87719724
    862.18633051       0.88201129
    863.46237074       0.88676291
    864.69720731       0.89144884
    865.98353640       0.89606620
    867.18658383       0.90061276
    868.40075619       0.90508593
    869.64964885       0.90948400
    870.92118315       0.91380702
    872.14955054       0.91805432
    873.38274997       0.92222609
    874.58650963       0.92632264
    875.83670010       0.93034458
    877.06141605       0.93429240
    878.27489035       0.93816763
    879.49725362       0.94197211
    881.65595497       0.94570816
    882.82599675       0.94937646
    884.06116415       0.95297967
    885.37348621       0.95652064
    886.62599628       0.96000153
    887.83623410       0.96342439
    889.02447398       0.96679209
    890.26535011       0.97010787
    891.51346012       0.97337556
    892.76385145       0.97659823
    893.97814385       0.97977836
    895.21225353       0.98291916
    896.41560816       0.98602563
    897.64008261       0.98910229
    898.85437737       0.99215437
    900.08604458       0.99518820
    901.32643203       0.99821142
    902.56051666       1.00123181
    903.78907972       1.00425823
    905.04101934       1.00729990
    906.29031420       1.01036545
    907.52564559       1.01346332
    908.77562858       1.01660395
    910.01026003       1.01979745
    911.22915477       1.02305219
    912.43452133       1.02637595
    913.68502987       1.02977638
    914.89931612       1.03325951
    916.13381099       1.03683034
    917.37290300       1.04049249
    918.62409825       1.04424772
    919.83615611       1.04809528
    921.06112918       1.05203315
    922.32585733       1.05605696
    923.52579872       1.06016112
    924.76271811       1.06433896
    925.98093937       1.06858246
    927.23305953       1.07288154
    928.48382186       1.07722512
    929.70259845       1.08160093
    930.91975112       1.08599740
    932.16916886       1.09040156
    933.40017014       1.09480107
    934.60741677       1.09918442
    935.82556809       1.10354032
    937.05471293       1.10785811
    938.29459988       1.11212744
    939.52563567       1.11633733
    940.76480330       1.12047824
    941.98157882       1.12454286
    943.18025124       1.12852463
    944.40142447       1.13241663
    945.65079589       1.13621398
    946.89922774       1.13991405
    948.08930610       1.14351527
    949.97695663       1.14701670
    951.20235741       1.15041876
    952.47687582       1.15372288
    953.71369501       1.15693167
    954.91431367       1.16004928
    956.10203745       1.16308165
    957.32144829       1.16603404
    958.56163960       1.16891187
    959.80932803       1.17172205
    961.03999093       1.17447194
    962.27345076       1.17716856
    963.49338951       1.17981951
    964.72908672       1.18243109
    965.96113485       1.18501017
    967.20439250       1.18756350
    968.41565353       1.19009762
    969.62374237       1.19261895
    970.93701675       1.19513423
    972.15086158       1.19765026
    973.38841711       1.20017238
    974.58610271       1.20270539
    975.78973524       1.20525478
    977.02603645       1.20782616
    978.26387271       1.21042545
    979.51295820       1.21305802
    980.71208906       1.21572924
    981.93412623       1.21844269
    983.16700853       1.22120041
    984.43077868       1.22400426
    985.63820160       1.22685438
    986.83850644       1.22974980
    988.10610573       1.23269007
    989.33841995       1.23567361
    990.55663648       1.23869722
    991.82600006       1.24175709
    993.05598711       1.24485002
    994.30695597       1.24797209
    995.57693253       1.25111774
    996.83723604       1.25427995
    998.05535238       1.25745137
    999.30566762       1.26062467
   1000.54410127       1.26379243
   1001.76269117       1.26694727
   1002.98074135       1.27008277
   1004.21288778       1.27319210
   1005.43229956       1.27626914
   1006.68236573       1.27930908
   1007.89887612       1.28230679
   1009.14995274       1.28525842
   1010.35538216       1.28816098
   1011.61981162       1.29101223
   1012.85788986       1.29381312
   1014.15003450       1.29656567
   1015.40019425       1.29927317
   1016.63789676       1.30194087
   1017.87004178       1.30457626
   1019.08752387       1.30718814
   1020.32561913       1.30978537
   1021.58797333       1.31237864
   1022.83604080       1.31498039
   1024.10807182       1.31760300
   1025.33625253       1.32025869
   1026.61945715       1.32295909
   1027.88880608       1.32571519
   1029.18186145       1.32853685
   1030.45206061       1.33143397
   1031.73312144       1.33441600
   1032.95053973       1.33749047
   1034.74392971       1.34066456
   1035.94874662       1.34394411
   1037.21170199       1.34733176
   1038.46106206       1.35082856
   1039.69600403       1.35443398
   1040.99852685       1.35814518
   1042.23247443       1.36195602
   1043.46181400       1.36585773
   1044.67104987       1.36983979
   1045.91969913       1.37389111
   1047.16840983       1.37799975
   1048.40039794       1.38215274
   1049.66941793       1.38633661
   1050.91625328       1.39053752
   1052.15134459       1.39473995
   1053.42149129       1.39892829
   1054.63511778       1.40308766
   1055.83656304       1.40720296
   1057.04621954       1.41126099
   1058.30514443       1.41524904
   1059.52349802       1.41915685
   1060.74561175       1.42297647
   1061.98343904       1.42670013
   1063.20051657       1.43032142
   1064.43483137       1.43383593
   1065.65074437       1.43724040
   1066.90005104       1.44053122
   1068.11918493       1.44370577
   1069.33901403       1.44676402
   1070.58864491       1.44970737
   1071.82494943       1.45253769
   1073.04497467       1.45525840
   1074.32615035       1.45787488
   1075.57099316       1.46039352
   1076.79620631       1.46282169
   1078.02560920       1.46516800
   1079.24762416       1.46744116
   1080.48320084       1.46965042
   1081.70339859       1.47180635
   1082.95146228       1.47391860
   1084.16915373       1.47599666
   1085.40142210       1.47805095
   1086.63684283       1.48009142
   1087.85412972       1.48212690
   1089.13776018       1.48416585
   1090.38849179       1.48621699
   1091.60182950       1.48828877
   1092.83778711       1.49038961
   1094.07627465       1.49252721
   1095.27658327       1.49470861
   1096.47674585       1.49694018
   1097.70074910       1.49922760
   1098.96103134       1.50157526
   1100.27620186       1.50398760
   1101.52403350       1.50646832
   1102.72719436       1.50901972
   1104.02627228       1.51164374
   1105.24300622       1.51434164
   1106.48274808       1.51711430
   1107.69771159       1.51996025
   1108.90100053       1.52287627
   1110.15010965       1.52585887
   1111.36923880       1.52890365
   1112.63789204       1.53200452
   1113.88950460       1.53515545
   1115.14993809       1.53835214
   1116.36922368       1.54159034
   1117.58636312       1.54486526
   1118.83683526       1.54817145
   1120.05661758       1.55150430
   1121.30637796       1.55485924
   1122.51007666       1.55823077
   1123.74273683       1.56161351
   1124.96380513       1.56500253
   1126.21265809       1.56839306
   1127.45137106       1.57178085
   1128.66911970       1.57516197
   1129.86832854       1.57853157
   1131.10695077       1.58188553
   1132.33826540       1.58521906
   1133.58815954       1.58852616
   1134.80588124       1.59180025
   1136.05509008       1.59503487
   1137.29375484       1.59822294
   1138.51147655       1.60135664
   1139.74419154       1.60442858
   1140.98327741       1.60743098
   1142.24369246       1.61035560
   1143.49345993       1.61319384
   1144.70210787       1.61593706
   1145.92986606       1.61857589
   1147.16878415       1.62110131
   1148.38286718       1.62350483
   1149.57203764       1.62577825
   1150.85588597       1.62791461
   1152.10822306       1.62990856
   1153.35886156       1.63175496
   1154.57060372       1.63344971
   1155.80976709       1.63499113
   1157.02493478       1.63637937
   1158.26502495       1.63761522
   1159.47949269       1.63870167
   1160.73167429       1.63964466
   1161.95107898       1.64045084
   1163.16880022       1.64112692
   1164.41752746       1.64168153
   1165.63299715       1.64212483
   1166.85728538       1.64246881
   1168.07541590       1.64272547
   1169.31094958       1.64290743
   1170.52427973       1.64302845
   1171.74370664       1.64310333
   1173.01288022       1.64314683
   1174.24741290       1.64317341
   1175.49706552       1.64319762
   1176.76337458       1.64323252
   1178.01547725       1.64329012
   1179.21238208       1.64338030
   1180.43472078       1.64351208
   1181.71251583       1.64369354
   1182.99728954       1.64393097
   1184.24832032       1.64422928
   1185.46349651       1.64459237
   1186.70130300       1.64502256
   1187.93580638       1.64551970
   1189.18544577       1.64608344
   1190.43535739       1.64671325
   1191.64855710       1.64740870
   1192.88928295       1.64816852
   1194.13844831       1.64899270
   1195.38942284       1.64988190
   1196.60205872       1.65083661
   1197.83724928       1.65185846
   1199.10164045       1.65294989
   1200.37353394       1.65411266
   1201.60218774       1.65534942
   1202.81039473       1.65666287
   1204.02547073       1.65805517
   1205.25777360       1.65952840
   1206.47656153       1.66108589
   1207.72930223       1.66273048
   1208.96294639       1.66446431
   1210.22892177       1.66629038
   1211.47919684       1.66821279
   1212.72768446       1.67023464
   1213.93702289       1.67235832
   1215.19765488       1.67458530
   1216.39874709       1.67691737
   1217.66403719       1.67935620
   1218.91458306       1.68190311
   1220.12171201       1.68455793
   1221.35327240       1.68731865
   1222.62087122       1.69018276
   1223.89016532       1.69314517
   1225.13918181       1.69619986
   1226.40002694       1.69933995
   1227.60395911       1.70255737
   1228.80950905       1.70584248
   1230.03934675       1.70918400
   1231.24880097       1.71257141
   1232.49876789       1.71599311
   1233.71156965       1.71943682
   1234.96132626       1.72289172
   1236.16527875       1.72634940
   1237.39955101       1.72980058
   1238.65095185       1.73323592
   1239.83644536       1.73664591
   1241.10447615       1.74002302
   1242.33669962       1.74335964
   1243.53937227       1.74664851
   1244.79010624       1.74988299
   1246.00897357       1.75305646
   1247.29079154       1.75616237
   1248.51015039       1.75919494
   1249.77409872       1.76214885
   1250.96266187       1.76501988
   1252.20223311       1.76780540
   1253.41584542       1.77050428
   1254.66471019       1.77311607
   1255.88792087       1.77564247
   1257.13996729       1.77808694
   1258.37208301       1.78045406
   1259.60325018       1.78274910
   1260.82693395       1.78497919
   1262.07588048       1.78715229
   1263.29164508       1.78927735
   1264.55587557       1.79136339
   1265.77364454       1.79341926
   1266.98135149       1.79545262
   1268.27338554       1.79747081
   1269.79010105       1.79948191
   1271.48277785       1.80149216
   1273.66892121       1.80350756
   1275.16617578       1.80553299
   1277.24543830       1.80757152
   1278.82365304       1.80962576
   1280.04390561       1.81169747
   1281.66473335       1.81378853
   1283.16853413       1.81589770
   1284.79461123       1.81802345
   1286.71342184       1.82016306
   1288.00871836       1.82231131
   1289.24117814       1.82445956
   1290.44893945       1.82659864
   1291.71064994       1.82871891
   1292.98123807       1.83081064
   1294.25977466       1.83286233
   1295.48360209       1.83486178
   1296.69968666       1.83679631
   1297.93305291       1.83865349
   1299.16629015       1.84042220
   1300.39096641       1.84209203
   1301.67089107       1.84365438
   1302.95687563       1.84510255
   1304.19683678       1.84643220
   1305.44438342       1.84764123
   1306.69853064       1.84872988
   1307.98636690       1.84970140
   1309.17237698       1.85056030
   1310.40652116       1.85131295
   1311.65445252       1.85196717
   1312.89942530       1.85253200
   1314.08735892       1.85301668
   1315.38525105       1.85343158
   1316.62302068       1.85378770
   1317.85454988       1.85409673
   1319.05703206       1.85437052
   1320.27370739       1.85462191
   1321.52781916       1.85486346
   1322.72906876       1.85510675
   1323.96261036       1.85536318
   1325.21286604       1.85564315
   1326.41432076       1.85595613
   1327.61799110       1.85631155
   1328.85580279       1.85671720
   1330.11956018       1.85717959
   1331.47512713       1.85770248
   1332.71066507       1.85828905
   1333.91209379       1.85893974
   1335.43445800       1.85965366
   1336.59031420       1.86042874
   1337.72172335       1.86126242
   1338.90733974       1.86215110
   1340.07026911       1.86308981
   1341.23931367       1.86407225
   1342.37161370       1.86509168
   1343.47716836       1.86614192
   1344.61153799       1.86721698
   1345.72878188       1.86831104
   1346.86125064       1.86941731
   1348.00078691       1.87052967
   1349.16475934       1.87164205
   1350.28226317       1.87274881
   1351.38340690       1.87384433
   1352.52252916       1.87492328
   1353.67101159       1.87598031
   1354.91100630       1.87700902
   1356.11358867       1.87800366
   1357.31504433       1.87895845
   1358.51612379       1.87986859
   1359.71820283       1.88073000
   1360.90299025       1.88153980
   1362.08847950       1.88229616
   1363.27463514       1.88299790
   1364.42298949       1.88364431
   1365.57815661       1.88423576
   1366.76849254       1.88477326
   1367.97073038       1.88525857
   1369.13408133       1.88569427
   1370.37433975       1.88608397
   1371.57621935       1.88643286
   1372.75966974       1.88674755
   1373.92681768       1.88703464
   1375.12767076       1.88730113
   1376.34439760       1.88755395
   1377.52906308       1.88780090
   1378.74613069       1.88804987
   1379.91766499       1.88830910
   1381.08814867       1.88858693
   1382.33698319       1.88889188
   1383.55327571       1.88923314
   1384.75591574       1.88961965
   1385.95811199       1.89006071
   1387.20416753       1.89056564
   1388.49063841       1.89114375
   1389.74368253       1.89180239
   1391.03886421       1.89254751
   1392.26295820       1.89338382
   1393.49494017       1.89431589
   1394.69581120       1.89534727
   1395.88235911       1.89648105
   1397.11352109       1.89771999
   1398.31488033       1.89906569
   1399.51521542       1.90051849
   1400.66904361       1.90207775
   1401.92259769       1.90374314
   1403.18828667       1.90551408
   1404.42674112       1.90738961
   1405.63748180       1.90936748
   1406.87486011       1.91144435
   1408.07687345       1.91361630
   1409.30932094       1.91587767
   1410.48046770       1.91822220
   1411.68161238       1.92064316
   1412.89840161       1.92313298
   1414.14717895       1.92568259
   1415.38616084       1.92828257
   1416.58825548       1.93092311
   1417.82212744       1.93359396
   1419.05579901       1.93628370
   1420.27388084       1.93897945
   1421.49738029       1.94166777
   1422.74490094       1.94433511
   1423.98002817       1.94696795
   1425.24260591       1.94955237
   1426.44576772       1.95207482
   1427.66223415       1.95452344
   1428.86459156       1.95688699
   1430.06592009       1.95915514
   1431.28469195       1.96131761
   1432.46917406       1.96336553
   1433.70295716       1.96529010
   1434.93536023       1.96708382
   1436.20562366       1.96873973
   1437.37488279       1.97025333
   1438.56088861       1.97162261
   1439.80848678       1.97284852
   1440.99392073       1.97393397
   1442.20203320       1.97488480
   1443.47421168       1.97570842
   1444.71390107       1.97641314
   1445.89072915       1.97700968
   1447.04507817       1.97751062
   1448.22999036       1.97793039
   1449.37832533       1.97828362
   1450.56394644       1.97858463
   1451.73292105       1.97884858
   1452.96560816       1.97909079
   1454.13553321       1.97932669
   1455.32768068       1.97957010
   1456.52302872       1.97983464
   1457.71792209       1.98013276
   1458.92018876       1.98047507
   1460.12205843       1.98087035
   1461.27713245       1.98132709
   1462.52988827       1.98185229
   1463.76298656       1.98245150
   1465.00212394       1.98312806
   1466.25021031       1.98388421
   1467.48282653       1.98472102
   1468.69714256       1.98563820
   1469.94824943       1.98663443
   1471.14739588       1.98770736
   1472.36422245       1.98885422
   1473.61957672       1.99007077
   1474.85547574       1.99135025
   1476.08714058       1.99268574
   1477.30363111       1.99406914
   1478.48971161       1.99549231
   1479.70864699       1.99694613
   1480.93168327       1.99842303
   1482.16838431       1.99991510
   1483.43231516       2.00141502
   1484.62930365       2.00291555
   1485.84003110       2.00441022
   1487.04133127       2.00589272
   1488.26013006       2.00735754
   1489.53149092       2.00879899
   1490.73353876       2.01021267
   1491.88743265       2.01159550
   1493.08855370       2.01294446
   1494.27459686       2.01425726
   1495.49261915       2.01553169
   1496.67111367       2.01676748
   1497.91042592       2.01796599
   1499.14314233       2.01912830
   1500.44491890       2.02025635
   1501.66145906       2.02135188
   1502.84674698       2.02241846
   1504.04831465       2.02346018
   1505.21904361       2.02448218
   1506.43743029       2.02549096
   1507.66945999       2.02649467
   1508.85556837       2.02750166
   1510.04236157       2.02852080
   1511.32781538       2.02956082
   1512.51472248       2.03063154
   1513.69822249       2.03174210
   1514.86442331       2.03290167
   1515.99654045       2.03411913
   1517.18236337       2.03540150
   1518.40154687       2.03675425
   1519.58445186       2.03818096
   1520.77183630       2.03968439
   1521.97216525       2.04126688
   1523.15639781       2.04292770
   1524.41710163       2.04466478
   1525.64095459       2.04647446
   1526.78957455       2.04835190
   1528.00734588       2.05028925
   1529.24251281       2.05227673
   1530.47671040       2.05430351
   1531.66323374       2.05635824
   1532.82578407       2.05842812
   1534.09633486       2.06049975
   1535.28372025       2.06255897
   1536.48503554       2.06459148
   1537.70315330       2.06658239
   1538.90500406       2.06851705
   1540.10667855       2.07038143
   1541.36122181       2.07216161
   1542.63159206       2.07384514
   1543.84805376       2.07541924
   1545.08099089       2.07687199
   1546.31312220       2.07819337
   1547.49856892       2.07937360
   1548.71490396       2.08040571
   1550.00133514       2.08128381
   1551.15654763       2.08200476
   1552.34123485       2.08256678
   1553.54287956       2.08297029
   1554.74432577       2.08321735
   1555.94647806       2.08331237
   1557.16354330       2.08326119
   1558.36661058       2.08307190
   1559.56653638       2.08275314
   1560.79969658       2.08231523
   1562.00198452       2.08176879
   1563.17278579       2.08112516
   1564.35863329       2.08039722
   1565.54217914       2.07959928
   1566.74011050       2.07874669
   1567.96356079       2.07785466
   1569.16420544       2.07693837
   1570.34224011       2.07601436
   1571.57962361       2.07509920
   1572.84235684       2.07420933
   1574.08168752       2.07336053
   1575.31525606       2.07256832
   1576.53233879       2.07184904
   1577.78669726       2.07121821
   1579.01963580       2.07069022
   1580.25128646       2.07027892
   1581.49161531       2.06999621
   1582.75889653       2.06985278
   1583.97940479       2.06985782
   1585.21193310       2.07001857
   1586.42880031       2.07033946
   1587.66570032       2.07082265
   1588.88612256       2.07146876
   1590.08677950       2.07227589
   1591.35118249       2.07324066
   1592.57151303       2.07435747
   1593.76843347       2.07561832
   1595.00685908       2.07701573
   1596.20897782       2.07854045
   1597.47675530       2.08018269
   1598.72846475       2.08193078
   1600.05009122       2.08377287
   1601.27804365       2.08569642
   1602.44826172       2.08768829
   1603.71904881       2.08973442
   1604.93525531       2.09182089
   1606.13659092       2.09393322
   1607.38499301       2.09605744
   1608.58756971       2.09818017
   1609.82776386       2.10028887
   1611.09067669       2.10237123
   1612.29327797       2.10441630
   1613.49377753       2.10641361
   1614.71758417       2.10835348
   1615.91908331       2.11022787
   1617.15347799       2.11202959
   1618.38728614       2.11375234
   1619.57245685       2.11539174
   1620.77432652       2.11694449
   1621.99066960       2.11840939
   1623.22981927       2.11978696
   1624.46149923       2.12107757
   1625.73141388       2.12228204
   1626.98011182       2.12340220
   1628.26506560       2.12444007
   1629.56750099       2.12539908
   1630.83790243       2.12628275
   1632.07033811       2.12709457
   1633.34048386       2.12783860
   1634.57334253       2.12852012
   1635.80668894       2.12914508
   1637.04653619       2.12972012
   1638.24857270       2.13025251
   1639.44864784       2.13074979
   1640.62845955       2.13122018
   1641.85166692       2.13167248
   1643.06826143       2.13211382
   1644.26964856       2.13255077
   1645.50127323       2.13298925
   1646.70400070       2.13343524
   1647.90447095       2.13389456
   1649.12245780       2.13437201
   1650.29064692       2.13487153
   1651.56155737       2.13539659
   1652.76253096       2.13594904
   1653.96393794       2.13653011
   1655.16611481       2.13714019
   1656.36861306       2.13777797
   1657.57108201       2.13844198
   1658.83453362       2.13913163
   1660.01975443       2.13984488
   1661.17330236       2.14057940
   1662.42242755       2.14133291
   1663.62322107       2.14210263
   1664.83935242       2.14288677
   1666.05744088       2.14368420
   1667.27902244       2.14449257
   1668.51190852       2.14530982
   1669.68314744       2.14613303
   1670.93109439       2.14695928
   1672.13377460       2.14778689
   1673.33842326       2.14861568
   1674.53842278       2.14944630
   1675.72345218       2.15028013
   1676.92495746       2.15111862
   1678.12614893       2.15196392
   1679.36461094       2.15281942
   1680.58178866       2.15368960
   1681.76753597       2.15457924
   1683.00151852       2.15549435
   1684.27259249       2.15643975
   1685.48938976       2.15742007
   1686.75869851       2.15843934
   1687.97726667       2.15950046
   1689.17844396       2.16060598
   1690.42635121       2.16175820
   1691.67282360       2.16295928
   1692.98957691       2.16421096
   1694.24380825       2.16551383
   1695.44577434       2.16686631
   1696.69395854       2.16826646
   1697.94213188       2.16971178
   1699.18261196       2.17119852
   1700.43053198       2.17272293
   1701.68389937       2.17428091
   1702.85243256       2.17586802
   1704.03955423       2.17748037
   1705.17332174       2.17911326
   1706.33609326       2.18075993
   1707.51148978       2.18241404
   1708.72309725       2.18406919
   1709.94060013       2.18571847
   1711.12635735       2.18735535
   1712.34324962       2.18897251
   1713.49852780       2.19056184
   1714.66801473       2.19211653
   1715.85279080       2.19363063
   1717.01783986       2.19509950
   1718.17085563       2.19651940
   1719.35320340       2.19788700
   1720.53855795       2.19919932
   1721.74077122       2.20045285
   1722.96135887       2.20164473
   1724.12789950       2.20277268
   1725.32826862       2.20383533
   1726.48241205       2.20483155
   1727.68490935       2.20576014
   1728.88572887       2.20662005
   1730.07860796       2.20740791
   1731.22106405       2.20812189
   1732.38944742       2.20876001
   1733.55315755       2.20932054
   1734.75613267       2.20980219
   1735.91094013       2.21020279
   1737.11192553       2.21052038
   1738.29822816       2.21075343
   1739.47648732       2.21090029
   1740.69933172       2.21096023
   1741.94453230       2.21093465
   1743.18336153       2.21082516
   1744.38529123       2.21063404
   1745.56504669       2.21036451
   1746.78823657       2.21002058
   1748.00583303       2.20960684
   1749.20708216       2.20912823
   1750.40858035       2.20859007
   1751.62491540       2.20799821
   1752.84203594       2.20736003
   1753.99561790       2.20668291
   1755.14454270       2.20597512
   1756.31419788       2.20524585
   1757.47625480       2.20450464
   1758.61479195       2.20376187
   1759.76248748       2.20302897
   1760.88246971       2.20231791
   1762.04831890       2.20164046
   1763.20142116       2.20100797
   1764.36496871       2.20043165
   1765.51916366       2.19992245
   1766.63543679       2.19949010
   1767.80650699       2.19914469
   1769.00881572       2.19889533
   1770.18814063       2.19875020
   1771.35726223       2.19871560
   1772.62352118       2.19879612
   1773.80922500       2.19899462
   1774.96245156       2.19931234
   1776.16419268       2.19975113
   1777.36685965       2.20031022
   1778.52977674       2.20098690
   1779.66785167       2.20177657
   1780.81547347       2.20267288
   1781.96870144       2.20366927
   1783.13160151       2.20475862
   1784.33305197       2.20593253
   1785.51981398       2.20718262
   1786.67434070       2.20849961
   1787.87536439       2.20987297
   1789.02279572       2.21129148
   1790.22426225       2.21274291
   1791.35639450       2.21421529
   1792.52628410       2.21569609
   1793.68195833       2.21717259
   1794.84474970       2.21863211
   1796.04549407       2.22006192
   1797.26281547       2.22144958
   1798.38638911       2.22278335
   1799.55048821       2.22405355
   1800.68868036       2.22525115
   1801.83817939       2.22636793
   1803.00644035       2.22739716
   1804.24064739       2.22833398
   1805.41013337       2.22917532
   1806.61145717       2.22991969
   1807.72893784       2.23056796
   1808.89819650       2.23112384
   1810.06243549       2.23159318
   1811.20207337       2.23198309
   1812.34905335       2.23230320
   1813.51930922       2.23256397
   1814.70530134       2.23277672
   1815.83837789       2.23295376
   1817.00777738       2.23310861
   1818.15518413       2.23325608
   1819.32628693       2.23341153
   1820.49370049       2.23359033
   1821.76129790       2.23380694
   1822.99537072       2.23407542
   1824.19775460       2.23440942
   1825.46724153       2.23482157
   1826.78466595       2.23532390
   1828.02406753       2.23592716
   1829.25690635       2.23663990
   1830.48920402       2.23746903
   1831.69167250       2.23841841
   1832.89359557       2.23948956
   1834.13208972       2.24068057
   1835.33923238       2.24198705
   1836.58345889       2.24340230
   1837.83809904       2.24491602
   1839.03919031       2.24651526
   1840.21852893       2.24818450
   1841.40532733       2.24990603
   1842.59083833       2.25166040
   1843.77618343       2.25342726
   1844.97879936       2.25518473
   1846.14869511       2.25690905
   1847.36567008       2.25857612
   1848.56630858       2.26016329
   1849.85346759       2.26164932
   1851.05514727       2.26301486
   1852.30254220       2.26424324
   1853.57052385       2.26532034
   1854.79054625       2.26623435
   1855.99215551       2.26697501
   1857.17038301       2.26753374
   1858.41066223       2.26790447
   1859.59528329       2.26808334
   1860.77554729       2.26806932
   1862.01480661       2.26786480
   1863.24815207       2.26747509
   1864.44894654       2.26690867
   1865.68403501       2.26617719
   1866.90465480       2.26529503
   1868.09477948       2.26427975
   1869.26555239       2.26315066
   1870.41886827       2.26192891
   1871.64448456       2.26063694
   1872.83245647       2.25929928
   1874.03245222       2.25794095
   1875.24956567       2.25658672
   1876.45571583       2.25526179
   1877.64028489       2.25399034
   1878.84194756       2.25279538
   1880.04012798       2.25169775
   1881.24551440       2.25071648
   1882.41771887       2.24986812
   1883.63384171       2.24916641
   1884.85048963       2.24862289
   1886.05242027       2.24824639
   1887.72939392       2.24804305
   1889.01672496       2.24801619
   1890.28530068       2.24816670
   1891.64198868       2.24849242
   1892.91155075       2.24898947
   1894.16025389       2.24965306
   1895.41493232       2.25047822
   1896.66093729       2.25145858
   1897.84699558       2.25258648
   1899.14871212       2.25385218
   1900.31166938       2.25524329
   1901.51946141       2.25674581
   1902.76797975       2.25834391
   1903.96978657       2.26002094
   1905.20213197       2.26176054
   1906.35483723       2.26354717
   1907.53939165       2.26536594
   1908.82253200       2.26720330
   1910.06117407       2.26904700
   1911.29334178       2.27088709
   1912.49406677       2.27271554
   1913.74820217       2.27452577
   1914.92783145       2.27631259
   1916.13333129       2.27807164
   1917.38571422       2.27980092
   1918.60891922       2.28150033
   1919.77649300       2.28317213
   1920.97508460       2.28481936
   1922.17616075       2.28644622
   1923.43191580       2.28805735
   1924.64937095       2.28965653
   1925.83431858       2.29124714
   1927.03599306       2.29283228
   1928.26891034       2.29441482
   1929.48472692       2.29599841
   1930.73989735       2.29758702
   1931.98721761       2.29918514
   1933.27872894       2.30079683
   1934.49535040       2.30242530
   1935.69941821       2.30407330
   1936.90028168       2.30574370
   1938.10177515       2.30743807
   1939.32416536       2.30915824
   1940.52495463       2.31090542
   1941.77414598       2.31267981
   1942.94601584       2.31447946
   1944.18259306       2.31629992
   1945.40199161       2.31813501
   1946.60339102       2.31997725
   1947.83668923       2.32181877
   1949.00707649       2.32365107
   1950.20844235       2.32546581
   1951.44138278       2.32725469
   1952.67371779       2.32900902
   1953.91247188       2.33072029
   1955.09208934       2.33238075
   1956.27773456       2.33398308
   1957.46444127       2.33552096
   1958.61885598       2.33698832
   1959.79957512       2.33837994
   1960.96852988       2.33969153
   1962.12270308       2.34092059
   1963.32326975       2.34206619
   1964.52163402       2.34312760
   1965.72473250       2.34410451
   1966.92574154       2.34499585
   1968.14220797       2.34579967
   1969.34402140       2.34651374
   1970.56156162       2.34713666
   1971.77990671       2.34766847
   1973.05028121       2.34811072
   1974.28298249       2.34846669
   1975.53687402       2.34874183
   1976.78635792       2.34894185
   1978.02088256       2.34907283
   1979.25726459       2.34914028
   1980.44275857       2.34914965
   1981.69244617       2.34910767
   1982.91001711       2.34902116
   1984.09716383       2.34889572
   1985.34944137       2.34873747
   1986.54994659       2.34855151
   1987.69823005       2.34834208
   1988.90143486       2.34811272
   1990.08777955       2.34786610
   1991.32002098       2.34760485
   1992.56769949       2.34733096
   1993.87038868       2.34704639
   1995.12500331       2.34675308
   1996.34310169       2.34645184
   1997.54487731       2.34614278
   1998.74744645       2.34582635
   2000.00242925       2.34550381
   2001.28054757       2.34517631
   2002.45283523       2.34484507
   2003.65476587       2.34451179
   2004.88764438       2.34417846
   2006.07363414       2.34384868
   2007.24325198       2.34352602
   2008.47604826       2.34321335
   2009.71525370       2.34291265
   2010.93320982       2.34262491
   2012.12021145       2.34235090
   2013.32044445       2.34209114
   2014.53854377       2.34184636
   2015.78680833       2.34161952
   2017.02586063       2.34141492
   2018.22676759       2.34123747
   2019.44500728       2.34109246
   2020.64607256       2.34098527
   2021.89422982       2.34092104
   2023.09675927       2.34090436
   2024.38277974       2.34094017
   2025.61785971       2.34103302
   2026.85310556       2.34118825
   2028.03985670       2.34141164
   2029.25617143       2.34170672
   2030.40448230       2.34207598
   2031.58987135       2.34252165
   2032.77478874       2.34304410
   2034.02395930       2.34364243
   2035.27822419       2.34431437
   2036.45934977       2.34505597
   2037.66425081       2.34586193
   2038.93086186       2.34672612
   2040.13309592       2.34764187
   2041.38810802       2.34860183
   2042.58872006       2.34959686
   2043.81253852       2.35061867
   2045.09834017       2.35165938
   2046.37030834       2.35271051
   2047.55610337       2.35376305
   2048.77287653       2.35480818
   2049.97549814       2.35583780
   2051.17783570       2.35684403
   2052.38029094       2.35781955
   2053.58606065       2.35875493
   2054.80314243       2.35964105
   2056.05288532       2.36047023
   2057.25425355       2.36123555
   2058.49277653       2.36193179
   2059.69472229       2.36255496
   2060.87424003       2.36310191
   2062.09853489       2.36357168
   2063.27982589       2.36396415
   2064.51850010       2.36427970
   2065.70498374       2.36451955
   2066.92200692       2.36468585
   2068.13887271       2.36478290
   2069.30931433       2.36481738
   2070.47368187       2.36479781
   2071.71213727       2.36473320
   2073.03576621       2.36463360
   2074.30331351       2.36450838
   2075.52421073       2.36436557
   2076.75702970       2.36421389
   2077.98915250       2.36406106
   2079.27580061       2.36391355
   2080.45708830       2.36377802
   2081.60379984       2.36366125
   2082.82094920       2.36356981
   2084.05856145       2.36350997
   2085.31062253       2.36348844
   2086.55952937       2.36351193
   2087.76012392       2.36358658
   2088.96127332       2.36371704
   2090.16640641       2.36390851
   2091.34891629       2.36416460
   2092.53534652       2.36448752
   2093.73648175       2.36487855
   2094.99086763       2.36533787
   2096.20799998       2.36586478
   2097.41062915       2.36645663
   2098.64604798       2.36710892
   2099.89751167       2.36781470
   2101.11408586       2.36856765
   2102.31567102       2.36936007
   2103.54761565       2.37018262
   2104.78315216       2.37102507
   2106.02056638       2.37187555
   2107.25338677       2.37272170
   2108.45459903       2.37355197
   2109.70929401       2.37435500
   2110.92761830       2.37511882
   2112.13405014       2.37583314
   2113.33645670       2.37648919
   2114.58589523       2.37708121
   2115.75515058       2.37760431
   2116.95738274       2.37805380
   2118.17480623       2.37842504
   2119.47556052       2.37871439
   2120.79147352       2.37891891
   2121.99848715       2.37903651
   2123.26078795       2.37906668
   2125.00773059       2.37900999
   2126.50993582       2.37886982
   2127.87126916       2.37865202
   2129.18699312       2.37836408
   2130.47727990       2.37801468
   2131.92981833       2.37761403
   2133.09924523       2.37717441
   2134.31501550       2.37670912
   2135.51809413       2.37623154
   2136.73392395       2.37575543
   2137.91909513       2.37529577
   2139.20556081       2.37486713
   2140.40668469       2.37448407
   2141.62347676       2.37416048
   2142.81227952       2.37390922
   2144.12659225       2.37374159
   2145.47676759       2.37366637
   2147.35403898       2.37369029
   2148.89919797       2.37381869
   2150.65269061       2.37405627
   2152.13375759       2.37440533
   2153.33750969       2.37486683
   2154.67511390       2.37544122
   2156.15117303       2.37612816
   2157.30546014       2.37692755
   2158.44617181       2.37783872
   2159.80530985       2.37886041
   2161.09355871       2.37998996
   2162.43151691       2.38122516
   2163.77225410       2.38256244
   2164.94254164       2.38399767
   2166.10560949       2.38552423
   2167.25991361       2.38713451
   2168.42673261       2.38881987
   2169.65873774       2.39057110
   2170.79086243       2.39237800
   2172.00802456       2.39422932
   2173.16328903       2.39611438
   2174.37942558       2.39802291
   2175.56591347       2.39994539
   2176.74977692       2.40187182
   2177.93614335       2.40379309
   2179.12144829       2.40570088
   2180.33849226       2.40758822
   2181.57568388       2.40944971
   2182.77746564       2.41128038
   2183.97813723       2.41307580
   2185.12577226       2.41483242
   2186.34361022       2.41654735
   2187.52893028       2.41821743
   2188.71099164       2.41983901
   2190.07776339       2.42140763
   2191.28757491       2.42291816
   2192.46468514       2.42436466
   2193.89111008       2.42574135
   2195.19896355       2.42704330
   2196.47704076       2.42826660
   2197.66319735       2.42940797
   2198.85179831       2.43046515
   2200.30929448       2.43143729
   2201.66644280       2.43232489
   2203.10156294       2.43312888
   2204.38929240       2.43385084
   2205.78342156       2.43449227
   2206.96245345       2.43505513
   2208.26639838       2.43554051
   2209.38988506       2.43594955
   2210.53704463       2.43628327
   2211.66941273       2.43654300
   2212.83294138       2.43672982
   2213.98123948       2.43684552
   2215.11302957       2.43689173
   2216.28310207       2.43687099
   2217.45317078       2.43678639
   2218.63909295       2.43664220
   2219.80270857       2.43644481
   2220.95692667       2.43620192
   2222.12039435       2.43592318
   2223.37433172       2.43561939
   2224.54543972       2.43530381
   2225.75065127       2.43499103
   2226.97901251       2.43469704
   2228.22728132       2.43443813
   2229.41376401       2.43422958
   2230.59907651       2.43408581
   2231.81525559       2.43401998
   2233.01550608       2.43404369
   2234.21663091       2.43416646
   2235.41769571       2.43439625
   2236.60391421       2.43473939
   2237.90518366       2.43520060
   2239.07664329       2.43578337
   2240.26203046       2.43649032
   2241.49509093       2.43732258
   2242.66423994       2.43827983
   2243.84315084       2.43936054
   2245.08225845       2.44056224
   2246.28306473       2.44188033
   2247.51544227       2.44330826
   2248.66880683       2.44483708
   2249.86935223       2.44645615
   2251.07117559       2.44815254
   2252.28838923       2.44991175
   2253.47415165       2.45171707
   2254.69059209       2.45355106
   2255.88254627       2.45539606
   2257.08548264       2.45723361
   2258.31797030       2.45904510
   2259.51980642       2.46081223
   2260.73697941       2.46251736
   2262.02661115       2.46414383
   2263.36950583       2.46567575
   2264.74365701       2.46709902
   2265.99176560       2.46840163
   2267.41370210       2.46957312
   2268.78957408       2.47060506
   2270.24504509       2.47149067
   2271.68216298       2.47222547
   2272.95602586       2.47280627
   2274.33616462       2.47323082
   2276.17985046       2.47349687
   2277.35215986       2.47360298
   2278.79895174       2.47354921
   2280.38755837       2.47333736
   2281.56597917       2.47297123
   2282.69640622       2.47245714
   2283.88197677       2.47180343
   2285.51441906       2.47102004
   2286.91462701       2.47011868
   2288.13623599       2.46911265
   2289.62987173       2.46801670
   2290.93728614       2.46684678
   2292.12868027       2.46562015
   2293.58921631       2.46435495
   2294.89920270       2.46306982
   2296.32400372       2.46178325
   2297.53345086       2.46051371
   2298.68672515       2.45927895
   2299.83434741       2.45809662
   2301.00337401       2.45698292
   2302.16737858       2.45595297
   2303.32042271       2.45502002
   2304.49108881       2.45419613
   2305.69150094       2.45349225
   2306.85517846       2.45291706
   2308.10404276       2.45247764
   2309.29512591       2.45217860
   2310.49662646       2.45202186
   2311.66155122       2.45200625
   2312.81639932       2.45212846
   2313.97962266       2.45238319
   2315.18120404       2.45276282
   2316.38567499       2.45325794
   2317.56748351       2.45385804
   2318.76908757       2.45455093
   2320.00816729       2.45532253
   2321.22543008       2.45615727
   2322.45691674       2.45703851
   2323.65771877       2.45794950
   2324.81182061       2.45887450
   2325.97491824       2.45979863
   2327.17765421       2.46070829
   2328.39962994       2.46159098
   2329.61836163       2.46243540
   2330.85220806       2.46323015
   2332.12152721       2.46396531
   2333.37025068       2.46463268
   2334.57090620       2.46522523
   2335.78798939       2.46573805
   2337.00403284       2.46616870
   2338.32912689       2.46651675
   2339.59219521       2.46678389
   2340.87537904       2.46697375
   2342.14509802       2.46709170
   2343.41435478       2.46714408
   2344.68972201       2.46713848
   2345.95395627       2.46708333
   2347.21596830       2.46698683
   2348.49797200       2.46685806
   2349.78146587       2.46670649
   2351.03778475       2.46654261
   2352.31520833       2.46637730
   2353.59773806       2.46622020
   2354.88043887       2.46607996
   2356.14185729       2.46596323
   2357.43556676       2.46587593
   2358.72821946       2.46582312
   2360.05098824       2.46580941
   2361.33752434       2.46583869
   2362.58072859       2.46591467
   2363.82930176       2.46604068
   2365.01423994       2.46621890
   2366.24764259       2.46644974
   2367.46672874       2.46673267
   2368.66855776       2.46706705
   2369.85441188       2.46745144
   2371.05594835       2.46788389
   2372.28938550       2.46836077
   2373.47616973       2.46887696
   2374.69669546       2.46942583
   2375.87841938       2.46999970
   2377.13273532       2.47058981
   2378.33647702       2.47118618
   2379.55302380       2.47177945
   2380.75410326       2.47235997
   2381.97160047       2.47291819
   2383.20333100       2.47344612
   2384.42717215       2.47393676
   2385.60750610       2.47438349
   2386.79312248       2.47478070
   2387.97697932       2.47512371
   2389.17802711       2.47540854
   2390.39401478       2.47563117
   2391.63315358       2.47578938
   2392.83666938       2.47588200
   2394.05838847       2.47590941
   2395.33817844       2.47587396
   2396.60918530       2.47577883
   2397.82518999       2.47562850
   2399.07437945       2.47542770
   2400.27563756       2.47518088
   2401.50907896       2.47489344
   2402.69510416       2.47457178
   2403.85858177       2.47422443
   2405.10262728       2.47386029
   2406.35064843       2.47348905
   2407.55819470       2.47312146
   2408.80740827       2.47276803
   2410.05448324       2.47243830
   2411.30878027       2.47214124
   2412.50523848       2.47188489
   2413.71159896       2.47167673
   2414.87466491       2.47152261
   2416.06043679       2.47142652
   2417.24534473       2.47139030
   2418.46286462       2.47141346
   2419.64833072       2.47149440
   2420.83463051       2.47163011
   2422.03605639       2.47181712
   2423.26773777       2.47205012
   2424.50031287       2.47232287
   2425.73987324       2.47262905
   2426.94157136       2.47296202
   2428.14375579       2.47331556
   2429.29155387       2.47368351
   2430.53172014       2.47405951
   2431.76384956       2.47443727
   2432.94272454       2.47481133
   2434.21320065       2.47517644
   2435.42943929       2.47552736
   2436.64891818       2.47585990
   2437.87159763       2.47617240
   2439.03509509       2.47646337
   2440.23508942       2.47673200
   2441.40516759       2.47697823
   2442.62267189       2.47720338
   2443.83950271       2.47741031
   2445.00943295       2.47760277
   2446.24200900       2.47778639
   2447.48125697       2.47796886
   2448.68343715       2.47815900
   2449.88490793       2.47836694
   2451.03375711       2.47860198
   2452.23590657       2.47887387
   2453.42250222       2.47919224
   2454.61903700       2.47956516
   2455.87554776       2.48000054
   2457.09288428       2.48050589
   2458.27792219       2.48108711
   2459.49628665       2.48174921
   2460.69890258       2.48249522
   2461.91936216       2.48332750
   2463.12219029       2.48424640
   2464.32434826       2.48525117
   2465.58847808       2.48633951
   2466.77347203       2.48750778
   2467.94864832       2.48875131
   2469.14969753       2.49006317
   2470.36654300       2.49143627
   2471.55173261       2.49286283
   2472.71632370       2.49433414
   2473.90299544       2.49584045
   2475.08699737       2.49737077
   2476.27286472       2.49891380
   2477.50554285       2.50045743
   2478.72238879       2.50198875
   2479.92316388       2.50349425
   2481.16329281       2.50496082
   2482.37976776       2.50637582
   2483.56299979       2.50772716
   2484.71774014       2.50900237
   2485.91893727       2.51019088
   2487.12010511       2.51128480
   2488.32126538       2.51227849
   2489.52218651       2.51316741
   2490.70162816       2.51394908
   2491.90279742       2.51462346
   2493.08714388       2.51519159
   2494.30499603       2.51565551
   2495.52845814       2.51601845
   2496.73063454       2.51628385
   2497.93275186       2.51645750
   2499.16555854       2.51654724
   2500.38290026       2.51656261
   2501.55409333       2.51651557
   2502.71747453       2.51641933
   2503.90428002       2.51628780
   2505.10549039       2.51613635
   2506.32311899       2.51598062
   2507.52338082       2.51583728
   2508.70931905       2.51572216
   2509.92576658       2.51565182
   2511.11246479       2.51564270
   2512.32999839       2.51571145
   2513.55386506       2.51587372
   2514.77074314       2.51614356
   2515.97309441       2.51653419
   2517.15917254       2.51705650
   2518.33933304       2.51771874
   2519.49357903       2.51852659
   2520.76447388       2.51948276
   2521.96580099       2.52058791
   2523.13023423       2.52183981
   2524.36864425       2.52323413
   2525.63012553       2.52476484
   2526.87785980       2.52642348
   2528.19318534       2.52819939
   2529.42733662       2.53008106
   2530.97886695       2.53205544
   2532.70732272       2.53410936
   2533.95215986       2.53622808
   2535.42998138       2.53839462
   2536.68094268       2.54059069
   2538.13109864       2.54279796
   2539.32157684       2.54499686
   2540.79787228       2.54716676
   2542.12127342       2.54928698
   2543.36946235       2.55133753
   2544.60308477       2.55329986
   2545.82664849       2.55515829
   2547.02747320       2.55689908
   2548.33579456       2.55850981
   2549.66637616       2.55997990
   2550.90208802       2.56130034
   2552.15398321       2.56246392
   2553.35301860       2.56346615
   2554.70708925       2.56430443
   2555.92453447       2.56497852
   2557.11096612       2.56549045
   2558.34468165       2.56584521
   2559.54597472       2.56604912
   2560.74661370       2.56610930
   2561.94870314       2.56603329
   2563.13425667       2.56583027
   2564.38246687       2.56551027
   2565.56801189       2.56508380
   2566.76904456       2.56456196
   2567.93912604       2.56395723
   2569.12497495       2.56328340
   2570.35721591       2.56255617
   2571.52652608       2.56179138
   2572.72768683       2.56100455
   2574.02753512       2.56021060
   2575.22996531       2.55942341
   2576.43180710       2.55865651
   2577.64814025       2.55792267
   2578.85005104       2.55723267
   2580.08334452       2.55659647
   2581.33638675       2.55602108
   2582.58739484       2.55551174
   2583.82996342       2.55507254
   2585.04357998       2.55470545
   2586.24418256       2.55440988
   2587.44669925       2.55418417
   2588.66335473       2.55402571
   2589.84918852       2.55393125
   2591.06640783       2.55389659
   2592.25382158       2.55391678
   2593.41713613       2.55398549
   2594.60300253       2.55409544
   2595.81941982       2.55423907
   2597.05843148       2.55440835
   2598.26027138       2.55459565
   2599.46130972       2.55479358
   2600.63841664       2.55499464
   2601.84224011       2.55519163
   2603.06477021       2.55537820
   2604.31373188       2.55554816
   2605.53175416       2.55569530
   2606.76993733       2.55581470
   2608.00254268       2.55590380
   2609.19410600       2.55596273
   2610.41068822       2.55599251
   2611.61274363       2.55599677
   2612.81552167       2.55598115
   2614.00151426       2.55595369
   2615.23417349       2.55592362
   2616.45009500       2.55590056
   2617.65074673       2.55589345
   2618.80500643       2.55591087
   2620.02154706       2.55596193
   2621.25448230       2.55605568
   2622.45883037       2.55620084
   2623.66010880       2.55640615
   2624.84525068       2.55667966
   2626.13183167       2.55702881
   2627.33235202       2.55745886
   2628.51819290       2.55797465
   2629.71935649       2.55857968
   2630.92038017       2.55927534
   2632.12219644       2.56006191
   2633.37149318       2.56093877
   2634.55675558       2.56190358
   2635.77424145       2.56295225
   2636.97495841       2.56407878
   2638.13112606       2.56527584
   2639.37931688       2.56653421
   2640.57020389       2.56784329
   2641.77157069       2.56919088
   2642.98846626       2.57056347
   2644.19557584       2.57194677
   2645.42818165       2.57332511
   2646.65062291       2.57468214
   2647.85201902       2.57600125
   2649.11566299       2.57726604
   2650.31690786       2.57845996
   2651.52082538       2.57956745
   2652.70732698       2.58057445
   2653.92259958       2.58146808
   2655.13692695       2.58223738
   2656.34058500       2.58286960
   2657.56373518       2.58335380
   2658.81200919       2.58367996
   2660.01372431       2.58383930
   2661.23104666       2.58382398
   2662.43359311       2.58362730
   2663.63492873       2.58324410
   2664.82105129       2.58267099
   2666.03751536       2.58190653
   2667.25803495       2.58095072
   2668.52407840       2.57980514
   2669.72521646       2.57847311
   2670.92613995       2.57695887
   2672.13963221       2.57526780
   2673.34357667       2.57340625
   2674.59621387       2.57138207
   2675.83133543       2.56920370
   2677.06412698       2.56688033
   2678.25412405       2.56440727
   2679.40354179       2.56182357
   2680.58959818       2.55913805
   2681.82249182       2.55635950
   2683.02446689       2.55349674
   2684.20870702       2.55055857
   2685.41003790       2.54755379
   2686.59633486       2.54449121
   2687.82913209       2.54137964
   2689.03848233       2.53822788
   2690.23919268       2.53504474
   2691.45777927       2.53183901
   2692.69642844       2.52861952
   2693.91358442       2.52539506
   2695.09871259       2.52217444
   2696.30113617       2.51896646
   2697.50016258       2.51577992
   2698.70203509       2.51262365
   2699.93960291       2.50950643
