      0.21307163        3.22753906
      1.47691882        3.26171875
      2.63835851        3.17871094
      3.81029879        3.19824219
      4.99130575        3.24218750
      6.17609033        3.20800781
      7.33110195        3.28613281
      8.51220202        3.10546875
      9.70307106        3.27148438
     10.88163837        3.21289063
     12.04075656        3.21289063
     13.18977541        3.19824219
     14.35903690        3.07617188
     15.53071488        3.27636719
     16.69871732        3.12500000
     17.84795121        3.08593750
     19.00684916        3.20312500
     20.16397953        3.25195313
     21.33370276        3.23730469
     22.50042394        3.25683594
     23.67500803        3.18359375
     24.83134582        3.09082031
     26.01449042        3.22753906
     27.19408662        3.08105469
     28.37663478        3.25195313
     29.53572556        3.07617188
     30.69639630        3.21777344
     31.87675435        3.16406250
     33.04079768        3.26171875
     34.21561289        3.07128906
     35.37977248        3.22753906
     36.54144753        3.17871094
     37.71130830        3.19335938
     38.86927283        3.24707031
     40.05026325        3.20800781
     41.22928238        3.19335938
     42.41709501        3.20800781
     43.59168384        3.08593750
     44.75630187        3.16406250
     45.93923947        3.09570313
     47.10793145        3.10546875
     48.28253162        3.25195313
     49.44536552        3.14453125
     50.61467285        3.11523438
     51.76270488        3.22265625
     52.91087963        3.05664063
     54.06937917        3.06640625
     55.22564938        3.22753906
     56.39501153        3.06640625
     57.57256839        3.23242188
     58.72384162        3.22265625
     59.89047394        3.15917969
     61.06850530        3.06152344
     62.25542091        3.05664063
     63.44005095        3.13476563
     64.61537044        3.06152344
     65.78998006        3.03222656
     66.95730476        3.02734375
     68.12627228        3.20800781
     69.29820453        3.07617188
     70.45927226        3.04199219
     71.62087642        3.01757813
     72.79334509        3.20800781
     73.97336900        3.12988281
     75.13737121        3.01269531
     76.30020795        3.01269531
     77.47248332        3.17871094
     78.65790593        3.07128906
     79.83503460        3.20312500
     81.00135783        3.06152344
     82.15815216        3.02734375
     83.31018961        3.12500000
     84.46327155        3.00781250
     85.64401762        3.23242188
     86.81393416        3.00781250
     87.98101499        2.98828125
     89.16341428        2.98339844
     90.34398832        2.96875000
     91.54758115        3.20312500
     92.71060930        2.98339844
     93.88468202        3.09082031
     95.04149574        3.15917969
     96.22008951        3.00781250
     97.36537138        3.10546875
     98.54397178        3.05175781
     99.72706344        3.10058594
    100.89957984        2.94921875
    102.07056260        2.97363281
    103.22517487        3.12500000
    104.38710796        3.05175781
    105.55043623        2.94433594
    106.72436575        2.94433594
    107.88229815        2.92968750
    109.07661871        2.92968750
    110.25662278        3.13964844
    111.41450271        3.11523438
    112.57019491        3.10546875
    113.75058274        3.07617188
    114.92278579        2.93945313
    116.10375636        3.15429688
    117.26968070        2.91992188
    118.44453230        3.04687500
    119.59876127        3.13476563
    120.75714124        2.91015625
    121.92281604        3.05664063
    123.10430837        3.15917969
    124.25784969        3.16894531
    125.44570344        3.15917969
    126.61435478        2.97363281
    127.78156370        2.91503906
    129.03260582        3.01269531
    130.28034293        3.10546875
    131.45532450        2.90039063
    132.60951283        3.12988281
    133.78178819        3.02246094
    134.95031429        3.12011719
    136.13040343        3.12988281
    137.27607048        3.11035156
    138.44984782        3.01757813
    139.61136548        3.05664063
    140.77177014        2.89062500
    141.94544587        3.10058594
    143.09821162        2.95898438
    144.27115810        3.10058594
    145.43989120        3.02246094
    146.59599836        2.93457031
    147.76583975        3.02734375
    148.93698083        3.09082031
    150.11335851        3.08593750
    151.27796850        2.91992188
    152.45313108        3.01757813
    153.62889578        3.04199219
    154.80948967        2.84667969
    155.97868499        2.83691406
    157.14214133        2.87109375
    158.32233019        2.98339844
    159.48135953        2.98339844
    160.63396176        3.00781250
    161.78692223        3.04687500
    162.95041827        2.84667969
    164.13038547        3.04199219
    165.29758871        2.96875000
    166.48992665        2.88085938
    167.67541354        2.81250000
    168.85775847        2.82714844
    170.03939637        3.00292969
    171.21780630        3.01757813
    172.39323119        2.95898438
    173.57426650        2.80273438
    174.74754901        2.78320313
    175.92651946        2.84667969
    177.10110640        2.97363281
    178.25750232        2.78320313
    179.42265062        2.87597656
    180.60451632        2.91503906
    181.75547432        2.78808594
    182.93595053        2.82226563
    184.10727404        2.85156250
    185.28965868        2.79296875
    186.48541316        2.96386719
    187.66423379        2.87109375
    188.83814441        2.95898438
    190.00684821        2.76855469
    191.16948126        2.92968750
    192.34469346        2.89550781
    193.51066223        2.92968750
    194.67470745        2.79296875
    195.86117360        2.91503906
    197.03706354        2.91015625
    198.20602917        2.82226563
    199.39153260        2.75878906
    200.57498582        2.76367188
    201.79199907        2.78320313
    202.98124232        2.84667969
    204.19278645        2.77343750
    205.39405448        2.90039063
    206.60521438        2.88574219
    207.77978335        2.70996094
    208.93682203        2.86621094
    210.10773721        2.76367188
    211.28358130        2.78320313
    212.45966548        2.80273438
    213.61961973        2.78320313
    214.78706118        2.78320313
    215.95360181        2.70507813
    217.12154328        2.79296875
    218.30043528        2.84179688
    219.46638751        2.79296875
    220.64571573        2.82226563
    221.81833752        2.77343750
    222.99122020        2.85156250
    224.17488326        2.75878906
    225.35357345        2.77343750
    226.50552820        2.84179688
    227.66157958        2.71972656
    228.83858914        2.70996094
    229.97325415        2.83203125
    231.14627106        2.77343750
    232.30287634        2.81250000
    233.47653175        2.81738281
    234.64938276        2.68066406
    235.81541486        2.67578125
    236.98432756        2.77343750
    238.17961510        2.66113281
    239.35416990        2.73437500
    240.53645386        2.71972656
    241.73530304        2.69042969
    242.93247490        2.66601563
    244.13942615        2.73925781
    245.32430998        2.63671875
    246.50161446        2.75878906
    247.66540447        2.63183594
    248.84982891        2.78320313
    250.03842798        2.72460938
    251.20851182        2.70507813
    252.37921621        2.65136719
    253.54085818        2.73925781
    254.71863244        2.61718750
    255.88715475        2.66113281
    257.07717026        2.72949219
    258.27033622        2.69531250
    259.44612076        2.62207031
    260.60176570        2.71972656
    261.78135055        2.72949219
    262.95510284        2.73437500
    264.13890202        2.65625000
    265.30755194        2.71484375
    266.47961179        2.63671875
    267.63624591        2.71484375
    268.79753625        2.58789063
    269.97287984        2.69531250
    271.13855653        2.61718750
    272.31297096        2.57324219
    273.48835236        2.69042969
    274.66786160        2.61718750
    275.90162816        2.60253906
    277.13313042        2.60253906
    278.28942993        2.54882813
    279.46267227        2.54394531
    280.62078426        2.65625000
    281.81174310        2.64648438
    282.97955224        2.60253906
    284.14147872        2.64648438
    285.36367611        2.57812500
    286.52598021        2.51953125
    287.71723396        2.51953125
    288.88629459        2.57324219
    290.06328714        2.50976563
    291.23256423        2.52441406
    292.39738596        2.64648438
    293.57343942        2.49511719
    294.75122171        2.54394531
    295.92085846        2.52441406
    297.09027355        2.63183594
    298.27289875        2.57324219
    299.42966284        2.51464844
    300.60126850        2.63671875
    301.76084088        2.47070313
    302.92608891        2.50976563
    304.08455205        2.51953125
    305.26519557        2.50976563
    306.44388576        2.57324219
    307.61108853        2.48535156
    308.76932482        2.59765625
    309.93851258        2.52929688
    311.10770507        2.46093750
    312.28025408        2.52441406
    313.45304223        2.50000000
    314.61265762        2.57324219
    315.76860550        2.56835938
    316.93578889        2.44628906
    318.10793523        2.44628906
    319.28446226        2.42675781
    320.44996503        2.54394531
    321.62961888        2.54882813
    322.77464932        2.44628906
    323.94207375        2.51464844
    325.10914797        2.45605469
    326.26789515        2.54394531
    327.43805320        2.50000000
    328.61274741        2.44140625
    329.77930601        2.40722656
    330.94060769        2.52441406
    332.11539549        2.47070313
    333.27092179        2.50488281
    334.43050835        2.50488281
    335.61444931        2.49023438
    336.80003119        2.46093750
    337.98844216        2.46093750
    339.13010757        2.47070313
    340.28476520        2.50000000
    341.44760572        2.44140625
    342.61381553        2.48046875
    343.77739758        2.46582031
    344.95596206        2.47070313
    346.17041042        2.40722656
    347.37358735        2.43164063
    348.56853130        2.36328125
    349.74714870        2.45117188
    350.91308061        2.44628906
    352.07960329        2.36816406
    353.24145746        2.43652344
    354.41526599        2.42675781
    355.56987731        2.45117188
    356.76587377        2.40234375
    357.93980093        2.40234375
    359.09510038        2.43652344
    360.27156455        2.33886719
    361.45341371        2.38281250
    362.62617918        2.38769531
    363.79054247        2.41699219
    364.96833658        2.40722656
    366.14061856        2.38769531
    367.31989338        2.40722656
    368.50583681        2.38281250
    369.68708150        2.30957031
    370.85819045        2.33398438
    372.03566601        2.39746094
    373.20855861        2.38281250
    374.37434212        2.38769531
    375.53243662        2.28027344
    376.69481303        2.38281250
    377.87540929        2.36816406
    379.05453759        2.35351563
    380.22122899        2.35351563
    381.38577424        2.29980469
    382.55233142        2.31445313
    383.72575619        2.37304688
    384.91735779        2.24609375
    386.07195540        2.25585938
    387.25248785        2.28027344
    388.41357213        2.30468750
    389.57848838        2.24121094
    390.76485576        2.33886719
    391.94342165        2.34375000
    393.12560353        2.23144531
    394.28257321        2.23632813
    395.45432066        2.26074219
    396.62622266        2.29003906
    397.79715579        2.32910156
    398.97792644        2.23144531
    400.15821219        2.24121094
    401.32589088        2.32421875
    402.50975575        2.30957031
    403.69250855        2.28515625
    404.84229588        2.21191406
    406.01481322        2.21191406
    407.18882120        2.29492188
    408.34665671        2.19726563
    409.51609070        2.23632813
    410.67397631        2.22656250
    411.83029000        2.29492188
    413.00018290        2.22656250
    414.16907953        2.17773438
    415.36000766        2.24609375
    416.52725060        2.18750000
    417.69984924        2.18261719
    418.86664934        2.18750000
    420.04413766        2.22167969
    421.19997353        2.23144531
    422.38395089        2.15820313
    423.57144781        2.25097656
    424.74008781        2.17773438
    425.90664074        2.21679688
    427.06814848        2.21191406
    428.22410014        2.15332031
    429.38562348        2.21679688
    430.54324773        2.21191406
    431.74512874        2.15820313
    432.93715759        2.23632813
    434.10295811        2.23144531
    435.28776585        2.13378906
    436.46488128        2.12890625
    437.63911375        2.13378906
    438.82514698        2.10449219
    440.00236497        2.19238281
    441.19188754        2.08496094
    442.36404380        2.19238281
    443.53662590        2.08496094
    444.70568605        2.16796875
    445.86589693        2.09472656
    447.02363556        2.17773438
    448.19470291        2.14355469
    449.37296728        2.10937500
    450.55280120        2.17285156
    451.73048944        2.08496094
    452.89386591        2.10937500
    454.08012884        2.11914063
    455.24558340        2.14355469
    456.39694028        2.15820313
    457.56930261        2.15820313
    458.76722593        2.05566406
    459.93475197        2.09960938
    461.10862478        2.06542969
    462.27454392        2.05078125
    463.47406611        2.06542969
    464.65763276        2.15332031
    465.82751385        2.10937500
    466.97410486        2.14355469
    468.13689292        2.09472656
    469.29879341        2.14843750
    470.46040182        2.03125000
    471.63588389        2.05078125
    472.80340284        2.02148438
    473.95698527        2.13867188
    475.12467484        2.02636719
    476.29597283        2.08984375
    477.48043745        2.09960938
    478.72588852        2.11914063
    479.90183895        2.10449219
    481.09141823        2.00195313
    482.26519226        2.01660156
    483.44259977        2.04101563
    484.60272700        2.10937500
    485.77653364        1.99707031
    486.92588710        1.99218750
    488.08475764        2.09960938
    489.24511078        2.07031250
    490.40234749        2.06542969
    491.56655481        2.07519531
    492.75381638        2.08496094
    493.92512855        1.97265625
    495.08159678        1.97753906
    496.24682165        2.08496094
    497.40242878        2.07031250
    498.58063879        2.00195313
    499.75548850        1.96289063
    500.90944997        1.98730469
    502.08083540        1.99707031
    503.24195465        2.01660156
    504.40071790        2.05078125
    505.61172089        2.03125000
    506.82876675        1.98730469
    507.97387895        2.00683594
    509.13910099        1.99707031
    510.31670274        1.99707031
    511.47193083        2.01171875
    512.64078539        2.02148438
    513.82792597        2.00195313
    514.99159640        1.95312500
    516.16281500        2.03125000
    517.33443863        1.98242188
    518.52648449        2.01660156
    519.70378330        1.89941406
    520.87537006        1.89941406
    522.04534425        1.94335938
    523.21443985        1.96777344
    524.39817239        1.97753906
    525.56417094        1.95800781
    526.72781632        1.95312500
    527.89587075        1.89453125
    529.10275772        1.98242188
    530.29530881        1.88476563
    531.46549379        1.94335938
    532.62891846        1.88476563
    533.78892896        1.96777344
    534.94604467        1.87500000
    536.12375513        1.96777344
    537.34965026        1.86523438
    538.54545721        1.87011719
    539.72294648        1.86523438
    540.97144781        1.94335938
    542.15031996        1.94335938
    543.32758190        1.94824219
    544.49959639        1.92382813
    545.67485680        1.84082031
    546.84494206        1.91894531
    548.01334291        1.93359375
    549.18783674        1.93359375
    550.35410562        1.87988281
    551.52648827        1.87500000
    552.71107672        1.88476563
    553.87102624        1.83105469
    555.02448910        1.91406250
    556.19700078        1.91406250
    557.35852837        1.89941406
    558.52476558        1.91406250
    559.70306964        1.84570313
    560.89130480        1.82617188
    562.05464771        1.81152344
    563.21687147        1.82617188
    564.37506286        1.80664063
    565.55014273        1.78710938
    566.72622739        1.80175781
    567.90726695        1.79687500
    569.12241526        1.94824219
    570.54093238        1.67480469
    571.87889247        1.70898438
    573.12910893        1.87988281
    574.39030143        1.87988281
    575.61209993        1.77734375
    576.87535115        1.75781250
    578.09285404        1.78710938
    579.37536344        1.70898438
    580.66253001        1.79687500
    581.93851873        1.79199219
    583.20507968        1.89941406
    584.50662987        1.78710938
    585.79984593        1.82617188
    587.05208377        1.79199219
    588.32869492        1.87500000
    589.63811180        1.80664063
    590.93858773        1.85058594
    592.18594202        1.69433594
    593.53455205        1.83105469
    594.85945564        1.68945313
    596.20155066        1.65039063
    597.50940554        1.84082031
    598.82284203        1.81640625
    600.12364359        1.75781250
    601.41393652        1.91406250
    602.71849632        1.73828125
    603.97019916        1.77246094
    605.25387876        1.88964844
    606.56204605        1.69921875
    607.90059833        1.80664063
    609.21709407        1.78222656
    610.53088171        1.73828125
    611.84458334        1.75292969
    613.13430677        1.73339844
    614.42999178        1.79199219
    615.77695238        1.67480469
    617.11138344        1.75781250
    618.43075600        1.68457031
    619.74190266        1.70898438
    621.04804289        1.73339844
    622.35168582        1.74804688
    623.66355039        1.75292969
    625.00133467        1.64550781
    626.32005596        1.65527344
    627.61871893        1.63574219
    628.89006276        1.71386719
    630.12929608        1.85546875
    631.36545078        1.67968750
    632.60399928        1.59667969
    633.85821502        1.55273438
    635.12638902        1.64062500
    636.33683385        1.63085938
    637.56796227        1.73339844
    638.81841551        1.68945313
    640.04933503        1.65039063
    641.26954884        1.70410156
    642.47844301        1.79199219
    643.79604514        1.66992188
    644.99254164        1.69433594
    646.19733775        1.69433594
    647.41068350        1.64062500
    648.66956396        1.67480469
    649.91130688        1.70898438
    651.12957540        1.74316406
    652.38669868        1.87988281
    653.59659054        1.63085938
    654.85403236        1.66015625
    656.06832382        1.67968750
    657.32438465        1.66015625
    658.57632994        1.70898438
    659.78381714        1.57226563
    661.00130017        1.51855469
    662.24867100        1.66992188
    663.48326417        1.56250000
    664.71497013        1.52343750
    665.95085355        1.66992188
    667.19201467        1.55761719
    668.42588474        1.66015625
    669.63449156        1.50390625
    670.88324669        1.57226563
    672.09379974        1.72851563
    673.29932274        1.64550781
    674.49186107        1.66992188
    675.72326691        1.45996094
    676.92995728        1.55761719
    678.18375570        1.65039063
    679.37357223        1.58691406
    680.60884360        1.64550781
    681.84714634        1.50390625
    683.08041288        1.66503906
    684.29692610        1.63085938
    685.51480046        1.45019531
    686.78851494        1.47460938
    688.02190389        1.72851563
    689.23218235        1.64062500
    690.45480037        1.48925781
    691.68794591        1.74804688
    692.92265960        1.45996094
    694.17634365        1.43066406
    695.38045163        1.56250000
    696.67388037        1.52832031
    697.91156871        1.59667969
    699.14685332        1.61132813
    700.46681192        1.62109375
    701.71786680        1.50390625
    702.99046401        1.57226563
    704.21639980        1.52343750
    705.42763956        1.73339844
    706.62369605        1.54785156
    707.90643420        1.58691406
    709.15653298        1.38183594
    710.39449071        1.47949219
    711.65353848        1.61132813
    712.88186145        1.44042969
    714.13857497        1.55761719
    715.36059039        1.51367188
    716.57293088        1.59179688
    717.78867658        1.57714844
    719.03681116        1.50878906
    720.31688234        1.45996094
    721.58979243        1.31835938
    722.80006664        1.65527344
    724.05490576        1.42578125
    725.29307097        1.47460938
    726.50252850        1.52343750
    727.75804724        1.58203125
    728.96633032        1.53808594
    730.14266594        1.47949219
    731.33971492        1.44042969
    732.55265800        1.53320313
    733.83415506        1.46484375
    735.08047054        1.51367188
    736.31825907        1.30859375
    737.53137560        1.37207031
    738.74395240        1.51855469
    739.95626595        1.56250000
    741.23551855        1.47949219
    742.47106688        1.45996094
    743.68806407        1.37207031
    744.97159574        1.50878906
    746.20465764        1.39648438
    747.43467872        1.45996094
    748.71331550        1.54785156
    749.96951907        1.43066406
    751.20161588        1.39648438
    752.42950120        1.53320313
    753.64527572        1.52832031
    754.91477069        1.35253906
    756.16483260        1.48925781
    757.41840889        1.68945313
    758.63228917        1.40136719
    759.84383519        1.38183594
    761.05652164        1.49414063
    762.26541817        1.52343750
    763.48151833        1.59179688
    764.71764514        1.31835938
    765.93742604        1.48437500
    767.19166115        1.34277344
    768.41132673        1.32812500
    769.67307740        1.39160156
    770.97508743        1.38183594
    772.21233955        1.49902344
    773.42228482        1.46484375
    774.65913095        1.46484375
    775.85189897        1.34277344
    777.06053604        1.47949219
    778.29671862        1.36230469
    779.52691552        1.40136719
    780.79551392        1.37695313
    782.04473363        1.42578125
    783.22122521        1.40625000
    784.47031731        1.39648438
    785.67889909        1.43554688
    786.86452304        1.50390625
    788.07834660        1.48437500
    789.31361136        1.37695313
    790.52696372        1.48925781
    791.75541099        1.43554688
    792.97267945        1.37695313
    794.17143364        1.36718750
    795.40916545        1.39160156
    796.62169972        1.42089844
    797.83240543        1.45019531
    799.08405439        1.35742188
    800.31450129        1.53808594
    801.59108031        1.46484375
    802.88130281        1.49902344
    804.11387508        1.57226563
    805.32690654        1.49414063
    806.59615196        1.52832031
    807.89512071        1.45996094
    809.12566119        1.31347656
    810.33626245        1.35253906
    811.60599750        1.48925781
    812.84759060        1.50390625
    814.10641861        1.38671875
    815.36281689        1.45019531
    816.57994168        1.51367188
    817.83117899        1.49902344
    819.04380447        1.33300781
    820.31913010        1.56250000
    821.59188517        1.45507813
    822.84690861        1.39648438
    824.07120536        1.48437500
    825.28682061        1.65039063
    826.50148780        1.52343750
    827.74916016        1.46484375
    828.98920827        1.49902344
    830.22168081        1.54785156
    831.43981653        1.54296875
    832.70992542        1.37695313
    833.94185351        1.31835938
    835.21681239        1.39160156
    836.41731431        1.31347656
    837.66144347        1.55273438
    838.87886317        1.48925781
    840.09761376        1.37695313
    841.34901507        1.44531250
    842.54317920        1.51855469
    843.81721790        1.52343750
    845.05601121        1.52832031
    846.29147872        1.36718750
    847.56843252        1.33789063
    848.78488005        1.51855469
    850.03207696        1.47949219
    851.26616727        1.47460938
    852.48037081        1.62109375
    853.73751300        1.26464844
    854.95090317        1.47949219
    856.16561572        1.50390625
    857.41987258        1.49902344
    858.64848148        1.52343750
    859.91989810        1.45019531
    861.16858139        1.38183594
    862.46501078        1.50390625
    863.68308789        1.45996094
    864.98457521        1.42578125
    866.19096971        1.51855469
    867.40555372        1.55273438
    868.65516475        1.45507813
    869.85218774        1.42089844
    871.14771112        1.52832031
    872.38848044        1.55761719
    873.59690247        1.48437500
    874.83062697        1.38183594
    876.06662429        1.61621094
    877.28686315        1.42578125
    878.50047167        1.36230469
    879.73641747        1.46484375
    881.81807286        1.38183594
    883.06038575        1.31835938
    884.30935592        1.49902344
    885.61622209        1.39160156
    886.80528196        1.41113281
    888.03174140        1.48925781
    889.24783400        1.43554688
    890.49724890        1.44531250
    891.75955725        1.43554688
    892.97186655        1.50390625
    894.20746120        1.33789063
    895.41814139        1.44042969
    896.62949553        1.51367188
    897.85786150        1.48437500
    899.08519765        1.54785156
    900.32371921        1.47949219
    901.55520304        1.58691406
    902.79476530        1.46972656
    904.04785716        1.57226563
    905.29557395        1.68945313
    906.52605677        1.60156250
    907.77191145        1.59667969
    909.00188999        1.47460938
    910.22226166        1.51367188
    911.43406809        1.52343750
    912.69186391        1.44042969
    913.90912717        1.54785156
    915.13934297        1.40625000
    916.37535777        1.35742188
    917.61879265        1.59179688
    918.83176503        1.53808594
    920.06530049        1.42578125
    921.31751139        1.67480469
    922.53677052        1.66503906
    923.76445970        1.52343750
    924.97852336        1.57714844
    926.23052678        1.51855469
    927.48557338        1.65039063
    928.69327278        1.48925781
    929.92194926        1.55761719
    931.17454818        1.48925781
    932.40862147        1.44531250
    933.60026939        1.53320313
    934.83270649        1.58691406
    936.05957852        1.61621094
    937.29457105        1.63085938
    938.52718113        1.53320313
    939.76327722        1.46972656
    940.97699822        1.46972656
    942.18782870        1.44042969
    943.40014415        1.57714844
    944.63664669        1.55761719
    945.90126850        1.44531250
    947.09357620        1.61132813
    948.32379530        1.59667969
    950.19920789        1.49414063
    951.48087037        1.53808594
    952.71215050        1.44531250
    953.91212309        1.47949219
    955.10344727        1.58203125
    956.31650188        1.48925781
    957.55636662        1.47460938
    958.81222990        1.45019531
    960.04541042        1.48925781
    961.28069125        1.53808594
    962.49443919        1.54296875
    963.72764098        1.44042969
    964.96860124        1.66992188
    966.19980859        1.59179688
    967.40878594        1.57226563
    968.62926158        1.61132813
    969.93962937        1.45507813
    971.14679046        1.50878906
    972.38776112        1.66992188
    973.59695918        1.64550781
    974.78926877        1.44531250
    976.01874870        1.52343750
    977.27057536        1.46972656
    978.50189945        1.55273438
    979.71997325        1.53320313
    980.93950886        1.68945313
    982.16713661        1.48437500
    983.42637815        1.70898438
    984.63759476        1.59667969
    985.84632352        1.56250000
    987.11436802        1.48437500
    988.34047819        1.51855469
    989.54094845        1.53808594
    990.83020634        1.47949219
    992.06080023        1.59179688
    993.31733321        1.46972656
    994.57003327        1.76757813
    995.82805074        1.50390625
    997.06675426        1.68457031
    998.31480424        1.54785156
    999.54659574        1.71875000
   1000.75497004        1.52832031
   1001.98387999        1.65527344
   1003.21353668        1.60156250
   1004.43230618        1.56738281
   1005.68574872        1.66503906
   1006.90021599        1.70898438
   1008.14883878        1.77734375
   1009.34918237        1.54785156
   1010.61628211        1.73339844
   1011.85510001        1.67968750
   1013.14542176        1.49414063
   1014.41110838        1.66015625
   1015.64448173        1.57226563
   1016.87133533        1.74316406
   1018.09087094        1.48437500
   1019.31824206        1.61132813
   1020.59663024        1.72363281
   1021.84450205        1.55761719
   1023.09529936        1.66992188
   1024.33608948        1.53808594
   1025.62444562        1.63085938
   1026.87845577        1.63085938
   1028.17734607        1.63085938
   1029.41447908        1.56738281
   1030.68510076        1.64062500
   1031.94704000        1.48925781
   1033.19435365        1.55273438
   1034.94923909        1.64062500
   1036.21031675        1.59179688
   1037.46934042        1.62597656
   1038.69908171        1.67968750
   1039.98658478        1.71875000
   1041.22755307        1.82128906
   1042.46203754        1.68457031
   1043.66594183        1.63574219
   1044.91861920        1.63085938
   1046.17564748        1.56250000
   1047.40664026        1.78710938
   1048.66906630        1.62109375
   1049.91600091        1.66503906
   1051.14713878        1.58203125
   1052.41938012        1.66992188
   1053.64307191        1.70898438
   1054.83790291        1.62597656
   1056.03641322        1.81640625
   1057.29162807        1.72363281
   1058.51908804        1.79687500
   1059.75383056        1.82617188
   1060.98502136        1.63085938
   1062.19952124        1.62109375
   1063.43017751        1.50878906
   1064.64201231        1.75292969
   1065.89738454        1.74804688
   1067.10933371        1.60644531
   1068.34738029        1.67968750
   1069.57946103        1.70898438
   1070.82276027        1.57714844
   1072.03954903        1.76269531
   1073.33283693        1.74804688
   1074.58255761        1.74316406
   1075.79187856        1.82128906
   1077.02791226        1.81152344
   1078.24066204        1.79199219
   1079.48071488        1.60644531
   1080.69453324        1.85058594
   1081.95216978        1.62109375
   1083.16118636        1.90429688
   1084.39883547        1.74316406
   1085.63590705        1.69921875
   1086.85223642        1.74804688
   1088.12294459        1.81152344
   1089.38623079        1.66015625
   1090.60506834        1.66015625
   1091.84061194        1.78222656
   1093.07273002        1.76269531
   1094.28610649        1.80664063
   1095.48937558        1.73828125
   1096.70461463        1.72851563
   1097.96251631        1.60156250
   1099.23723179        1.77246094
   1100.52796709        1.86035156
   1101.73544388        1.78710938
   1103.02670567        1.64550781
   1104.24441840        1.52343750
   1105.47823742        1.80664063
   1106.70157145        1.58691406
   1107.89935015        1.69433594
   1109.15862714        1.71386719
   1110.36954411        1.65527344
   1111.63224190        1.73828125
   1112.88455914        1.85546875
   1114.16016457        1.86035156
   1115.36828365        1.76269531
   1116.58673271        1.63574219
   1117.83073898        1.81152344
   1119.06909324        1.65039063
   1120.31510955        1.82617188
   1121.50132569        1.96289063
   1122.75620924        1.76757813
   1123.97123797        1.77246094
   1125.20617426        1.75292969
   1126.44651540        1.93847656
   1127.67838913        1.81640625
   1128.86970858        1.79199219
   1130.10041307        1.89941406
   1131.32387375        1.80664063
   1132.58967002        1.77246094
   1133.80308713        1.69921875
   1135.05658875        1.87500000
   1136.29735713        1.81640625
   1137.51510341        1.83105469
   1138.74477617        1.62597656
   1139.95886062        1.82617188
   1141.24961340        1.86523438
   1142.48530871        1.64062500
   1143.70014226        1.87500000
   1144.92797229        1.73339844
   1146.16280507        1.81640625
   1147.38071819        1.90917969
   1148.57820718        1.84570313
   1149.84815869        1.79687500
   1151.10917916        1.71386719
   1152.35424788        1.77734375
   1153.57289638        1.77734375
   1154.81002136        1.73339844
   1156.02448816        1.70898438
   1157.26490160        1.85058594
   1158.47900164        1.79199219
   1159.69767520        1.91894531
   1160.93950508        1.66992188
   1162.15289572        1.81640625
   1163.40756470        1.74316406
   1164.64071686        1.74804688
   1165.85688177        1.71875000
   1167.06629629        1.77734375
   1168.30321237        1.86035156
   1169.52847468        1.98242188
   1170.74275526        2.04101563
   1171.98412481        1.84082031
   1173.23850975        1.77734375
   1174.49914551        1.89453125
   1175.75364057        1.96777344
   1177.00860162        1.80175781
   1178.21987731        1.78222656
   1179.43333696        1.68457031
   1180.70453476        1.80664063
   1181.99929438        1.90429688
   1183.24613541        1.78222656
   1184.46316001        1.92382813
   1185.69336919        1.86523438
   1186.92882772        1.73828125
   1188.18731592        1.85058594
   1189.43725164        1.90429688
   1190.64907036        1.96289063
   1191.88996777        1.76757813
   1193.14472796        1.76269531
   1194.37708660        1.87011719
   1195.60338488        1.81152344
   1196.83254343        1.93359375
   1198.09246318        1.88476563
   1199.37320784        1.84082031
   1200.60841447        2.04101563
   1201.80763796        1.85546875
   1203.04163043        1.76757813
   1204.26454241        1.86523438
   1205.46570789        1.76757813
   1206.73623268        1.68457031
   1207.95515388        1.66015625
   1209.22064200        1.99218750
   1210.47751007        1.89941406
   1211.72213878        1.78710938
   1212.94031183        1.79687500
   1214.19093663        1.94335938
   1215.40587982        1.80175781
   1216.66508450        1.91894531
   1217.90956198        1.83593750
   1219.12939770        1.84570313
   1220.35776178        1.82128906
   1221.62408501        1.80664063
   1222.87672505        1.88964844
   1224.13522506        1.79687500
   1225.39026079        1.86035156
   1226.60704199        1.86523438
   1227.81454147        1.76269531
   1229.04564058        2.01171875
   1230.23772095        1.97753906
   1231.49803675        1.90429688
   1232.70972598        1.84570313
   1233.96521211        1.80175781
   1235.16153515        1.89453125
   1236.39384322        1.79687500
   1237.64335596        1.69433594
   1238.83942946        2.03125000
   1240.11590969        1.86035156
   1241.34534945        1.83593750
   1242.54404645        1.97265625
   1243.77650765        1.85546875
   1245.00579144        1.83105469
   1246.28069692        1.81152344
   1247.50229739        1.78222656
   1248.78165208        1.81152344
   1249.96511664        1.79687500
   1251.20425969        1.94824219
   1252.41735212        1.93847656
   1253.67398907        2.08984375
   1254.88242433        1.74316406
   1256.12295924        1.77246094
   1257.35020984        1.89941406
   1258.60388207        1.81152344
   1259.81835312        1.87988281
   1261.07962692        1.84570313
   1262.27451651        1.87500000
   1263.48679556        1.85058594
   1264.77124459        2.11425781
   1265.98036892        1.82128906
   1267.23077254        1.88964844
   1268.56120668        1.94824219
   1270.17106547        1.92382813
   1271.80857090        2.02148438
   1273.98912604        1.90917969
   1275.64711468        1.86523438
   1277.49991776        1.89453125
   1279.01843583        1.96289063
   1280.31380749        1.96289063
   1281.97138307        1.80664063
   1283.41945857        1.97265625
   1285.30266225        1.97753906
   1286.96759504        2.06542969
   1288.21971804        2.01660156
   1289.43554171        1.76757813
   1290.69090119        1.96777344
   1291.95087859        1.96289063
   1293.25314621        1.97265625
   1294.49239891        1.88964844
   1295.70719464        1.92871094
   1296.92579021        2.00195313
   1298.17814479        1.95312500
   1299.35990888        1.93847656
   1300.59920033        2.10449219
   1301.88463193        1.80175781
   1303.16521400        1.84570313
   1304.40789979        1.97753906
   1305.67174225        1.87011719
   1306.92328913        1.81640625
   1308.21201628        1.95312500
   1309.39567792        1.99218750
   1310.61653875        1.91894531
   1311.86881581        1.82617188
   1313.12203291        1.90917969
   1314.36833233        2.03125000
   1315.61186079        1.84082031
   1316.83077774        2.02148438
   1318.06518659        1.84082031
   1319.29867762        1.97265625
   1320.55006239        2.08496094
   1321.76849112        1.92871094
   1322.96368225        1.90429688
   1324.20318780        2.02148438
   1325.42027572        1.91406250
   1326.62613948        2.05078125
   1327.84792805        2.01171875
   1329.11388878        2.01171875
   1330.39340511        2.02636719
   1331.69066535        1.98242188
   1332.93613296        1.94824219
   1334.10522478        1.99218750
   1335.59690909        1.90429688
   1336.74690625        2.08984375
   1337.88474016        1.72851563
   1339.06951009        1.93359375
   1340.21943588        1.98242188
   1341.40159461        2.07031250
   1342.51803080        2.01660156
   1343.63927775        2.01660156
   1344.78525058        2.07031250
   1345.88532384        1.95800781
   1347.01013290        1.97753906
   1348.15877885        2.06542969
   1349.31021892        2.06542969
   1350.43176173        1.89453125
   1351.53014065        1.86523438
   1352.69604845        1.92871094
   1353.89678290        1.95312500
   1355.13457474        2.09960938
   1356.35347468        2.07031250
   1357.53934108        1.92382813
   1358.72422916        2.01171875
   1359.92709086        2.03125000
   1361.11353385        1.86035156
   1362.31289818        2.00195313
   1363.45445772        1.87011719
   1364.61525701        2.00195313
   1365.78718973        1.85546875
   1366.99285356        1.98242188
   1368.16207063        2.05566406
   1369.39744314        1.88476563
   1370.58143231        2.12890625
   1371.76859085        2.06054688
   1372.95190323        2.08007813
   1374.15113948        2.05566406
   1375.35454090        2.04101563
   1376.57064200        2.08496094
   1377.75547952        1.94335938
   1378.97578549        1.91894531
   1380.12558983        2.09472656
   1381.32958722        1.93847656
   1382.56290621        1.95800781
   1383.76100866        1.90917969
   1384.96628164        2.08007813
   1386.19656171        1.96777344
   1387.43185436        1.94824219
   1388.71548197        2.07031250
   1389.98562017        2.13867188
   1391.28476615        2.08496094
   1392.50663365        2.07031250
   1393.70339433        1.94824219
   1394.90367081        1.96777344
   1396.09159829        2.06054688
   1397.30536845        2.20214844
   1398.53903719        2.19726563
   1399.70959979        1.98730469
   1400.89494773        2.06542969
   1402.21175728        2.05078125
   1403.41231308        2.07519531
   1404.64418776        2.04101563
   1405.86885220        2.10449219
   1407.08796482        1.92871094
   1408.27340303        1.94335938
   1409.51692535        1.96289063
   1410.66668998        1.96289063
   1411.87147948        1.88964844
   1413.14074617        1.94824219
   1414.37414456        2.15332031
   1415.59658204        2.06054688
   1416.83140443        2.11425781
   1418.06411280        2.05078125
   1419.26645509        2.20703125
   1420.46635301        1.87011719
   1421.73710844        2.05566406
   1422.97225693        2.19726563
   1424.25733312        2.12402344
   1425.43046912        1.96289063
   1426.65301104        1.97753906
   1427.88868792        2.02148438
   1429.09085487        2.07519531
   1430.29150566        2.09472656
   1431.48661975        2.14355469
   1432.69526722        1.99218750
   1433.92910987        2.01171875
   1435.18112558        2.12402344
   1436.39924901        2.10449219
   1437.58518394        2.08984375
   1438.80056005        1.99218750
   1440.00191646        2.24121094
   1441.17129658        2.28515625
   1442.36750761        2.19238281
   1443.69821351        1.99707031
   1444.86973458        2.09472656
   1446.04149999        2.09472656
   1447.21577641        2.16308594
   1448.38839348        2.17285156
   1449.53935762        2.05566406
   1450.71934231        2.07519531
   1451.92108295        2.01171875
   1453.12921858        2.04101563
   1454.29046165        2.14843750
   1455.48201883        2.27050781
   1456.68208027        2.15332031
   1457.88288703        2.03125000
   1459.10189756        2.17285156
   1460.30034076        2.11425781
   1461.51844103        2.17773438
   1462.71574806        2.27050781
   1463.99199813        2.17285156
   1465.22995066        2.09960938
   1466.47783617        2.04589844
   1467.69286207        2.14843750
   1468.92442152        2.04101563
   1470.11234900        2.32421875
   1471.35514254        2.11914063
   1472.61077708        2.06054688
   1473.86266802        2.02148438
   1475.06501976        2.18261719
   1476.28416876        1.98730469
   1477.48515228        2.03613281
   1478.68509320        2.01660156
   1479.92061979        2.06054688
   1481.13542167        2.13867188
   1482.42484215        2.10449219
   1483.67823742        2.06542969
   1484.84354406        2.01171875
   1486.00603862        2.14843750
   1487.25360039        2.14843750
   1488.47686258        2.07031250
   1489.75568369        2.11914063
   1490.92778938        2.10937500
   1492.09902688        2.10449219
   1493.29676447        2.11425781
   1494.48232178        2.13867188
   1495.70015596        1.99707031
   1496.92209294        2.11914063
   1498.13574352        2.06054688
   1499.39462021        2.18750000
   1500.65301057        1.99218750
   1501.86990519        2.06542969
   1503.09380636        2.10449219
   1504.24002590        2.03613281
   1505.44318298        2.14355469
   1506.68578795        2.15332031
   1507.84910675        2.02636719
   1509.06695181        2.05078125
   1510.30414059        2.02148438
   1511.52853517        2.08984375
   1512.70248691        2.08007813
   1513.89020738        2.06054688
   1515.05989990        2.22656250
   1516.20980349        2.00195313
   1517.40519169        2.05566406
   1518.61009084        2.05078125
   1519.79379880        2.07519531
   1520.99694926        2.19238281
   1522.16576460        2.25585938
   1523.38975840        2.16796875
   1524.63261196        2.30957031
   1525.83434174        2.26562500
   1526.98900410        2.24121094
   1528.23340029        2.13378906
   1529.48499253        2.11425781
   1530.68434836        2.09960938
   1531.85850095        2.02636719
   1533.06648156        2.17773438
   1534.29266972        2.10449219
   1535.49291595        2.04589844
   1536.69649791        2.27539063
   1537.93336437        2.05078125
   1539.11873121        2.08496094
   1540.34053065        2.07519531
   1541.57164489        2.03125000
   1542.85450309        2.02636719
   1544.07187081        2.10449219
   1545.30699378        2.17773438
   1546.52399191        2.10937500
   1547.72256981        2.29492188
   1548.99244853        2.22167969
   1550.21049776        2.10449219
   1551.36650897        2.12402344
   1552.55209322        2.24609375
   1553.75203745        2.21191406
   1554.95758502        2.14355469
   1556.15417037        2.31933594
   1557.35775706        2.10449219
   1558.56101717        1.96777344
   1559.79151842        2.17285156
   1560.99600308        2.23144531
   1562.19671910        2.21191406
   1563.36758654        2.16308594
   1564.54951320        2.05566406
   1565.74987050        2.15332031
   1566.95320670        2.08984375
   1568.15937057        2.31933594
   1569.37612955        2.11914063
   1570.57495557        2.16308594
   1571.83741847        2.07519531
   1573.07375702        2.24121094
   1574.30572622        2.23144531
   1575.51116698        2.12890625
   1576.76393368        2.14355469
   1578.01058472        2.23144531
   1579.24958315        2.13378906
   1580.46518612        2.10937500
   1581.71691306        2.20214844
   1582.97312655        2.10937500
   1584.21932482        2.11425781
   1585.42150547        2.09472656
   1586.65557262        2.15332031
   1587.87064247        2.31445313
   1589.11209520        2.13867188
   1590.35975386        2.08984375
   1591.57857015        2.29980469
   1592.77599769        2.16308594
   1593.98138458        2.25585938
   1595.20773343        2.24609375
   1596.48376231        2.13378906
   1597.70237395        1.96777344
   1598.93830794        2.24609375
   1600.25456500        2.16796875
   1601.47130319        2.24121094
   1602.69446566        2.34375000
   1603.94888037        2.03125000
   1605.15231440        2.34375000
   1606.36463788        2.25585938
   1607.60000567        2.22656250
   1608.79644923        2.12890625
   1610.05224020        2.22167969
   1611.32275365        2.23632813
   1612.48766518        2.17285156
   1613.70254457        2.09472656
   1614.92905505        2.11425781
   1616.13086754        2.05078125
   1617.36185322        2.08496094
   1618.61724294        2.11914063
   1619.79816956        2.37792969
   1620.98191533        2.04589844
   1622.20005577        2.27539063
   1623.45658686        2.17285156
   1624.72248190        2.08496094
   1625.95707413        2.08007813
   1627.22161701        2.11914063
   1628.52693017        2.22656250
   1629.82826720        2.06054688
   1631.04942388        2.21191406
   1632.31309810        2.34863281
   1633.55025190        2.00195313
   1634.78207082        2.09960938
   1636.03584088        2.06542969
   1637.26124119        2.14843750
   1638.44330302        2.08496094
   1639.65787096        2.27050781
   1640.85896412        2.20703125
   1642.05988289        2.27050781
   1643.26060126        2.20703125
   1644.52688952        2.41699219
   1645.72386761        2.10937500
   1646.92903236        2.03125000
   1648.13025219        2.26074219
   1649.33771102        2.32421875
   1650.58231941        2.07031250
   1651.76863622        2.13867188
   1652.98677004        2.24609375
   1654.18718169        2.30468750
   1655.37760128        2.28027344
   1656.57803940        2.08984375
   1657.85793807        2.28515625
   1659.04430828        2.10937500
   1660.21319546        2.26074219
   1661.40351532        2.11425781
   1662.64598181        2.12890625
   1663.83403596        2.01171875
   1665.06535531        2.21679688
   1666.30169055        2.26562500
   1667.49313950        2.36328125
   1668.69108787        2.12890625
   1669.94500208        2.20703125
   1671.14645538        2.37792969
   1672.34422652        2.19726563
   1673.54402093        2.11914063
   1674.73407235        2.10449219
   1675.93107218        2.17285156
   1677.13295556        2.19726563
   1678.34194992        2.22656250
   1679.59122304        2.15332031
   1680.80565817        2.23144531
   1681.97942653        2.14355469
   1683.21133854        2.30957031
   1684.48522931        2.16796875
   1685.71276632        2.11914063
   1686.98761745        2.32910156
   1688.18574116        2.35351563
   1689.38787975        2.34375000
   1690.65235363        2.32421875
   1691.94975046        2.26074219
   1693.23695058        2.01660156
   1694.42993695        2.22167969
   1695.67338649        2.20703125
   1696.92147239        2.28027344
   1698.17584362        2.18750000
   1699.44303930        2.23144531
   1700.64502996        2.14843750
   1701.84323827        2.34375000
   1703.02758285        2.23144531
   1704.19682543        2.29980469
   1705.34661370        2.20703125
   1706.50167826        2.10937500
   1707.68404257        2.31933594
   1708.90191599        2.28027344
   1710.10510993        2.40234375
   1711.30493790        2.28027344
   1712.49279874        2.17285156
   1713.65631936        2.18750000
   1714.82474479        2.26562500
   1716.01273135        2.16308594
   1717.18026542        2.29003906
   1718.32815330        2.18261719
   1719.50265658        2.32421875
   1720.71890183        2.34863281
   1721.92082112        2.24121094
   1723.12358262        2.22167969
   1724.30547290        2.30957031
   1725.49274912        2.31445313
   1726.64249343        2.43652344
   1727.84285356        2.40722656
   1729.05147929        2.16308594
   1730.24317353        2.29492188
   1731.37769911        2.23144531
   1732.54770781        2.36328125
   1733.73038547        2.40722656
   1734.90499225        2.15820313
   1736.08335681        2.34375000
   1737.28564805        2.17773438
   1738.45473089        2.49511719
   1739.63913833        2.35839844
   1740.85629100        2.17773438
   1742.11013810        2.28515625
   1743.35834263        2.42187500
   1744.54486077        2.26074219
   1745.74288381        2.15820313
   1746.96252198        2.33886719
   1748.18017090        2.26562500
   1749.37900212        2.26074219
   1750.58343290        2.33398438
   1751.81020190        2.37792969
   1753.00385135        2.24121094
   1754.15265327        2.29003906
   1755.30553292        2.22167969
   1756.48732820        2.40234375
   1757.62466066        2.29003906
   1758.77256602        2.35839844
   1759.91337883        2.22656250
   1761.05460518        2.27539063
   1762.20979120        2.33398438
   1763.36479904        2.41210938
   1764.51490444        2.40234375
   1765.67669055        2.23632813
   1766.79083738        2.28515625
   1768.04704567        2.35351563
   1769.21754967        2.32910156
   1770.39930431        2.36816406
   1771.58202166        2.22656250
   1772.77006446        2.37304688
   1773.97312324        2.24609375
   1775.13700635        2.34375000
   1776.32248899        2.23632813
   1777.52628930        2.24121094
   1778.69343819        2.25585938
   1779.82377356        2.43652344
   1780.99244286        2.37304688
   1782.12799072        2.34375000
   1783.29337628        2.15820313
   1784.51441670        2.19726563
   1785.68302219        2.48046875
   1786.83997864        2.32910156
   1788.03617266        2.23632813
   1789.18728992        2.28515625
   1790.38656871        2.21679688
   1791.53580071        2.18750000
   1792.68873991        2.40234375
   1793.83978865        2.12402344
   1795.00641908        2.36328125
   1796.22764713        2.49023438
   1797.42404059        2.30468750
   1798.54349301        2.24609375
   1799.70004962        2.43652344
   1800.86118353        2.18261719
   1801.99982560        2.06542969
   1803.18152494        2.47558594
   1804.40298457        2.25097656
   1805.58244655        2.30468750
   1806.76830633        2.16308594
   1807.88411063        2.38769531
   1809.05288958        2.33398438
   1810.20897263        2.10937500
   1811.35910543        2.19726563
   1812.51371959        2.42187500
   1813.69178167        2.17285156
   1814.86385712        2.40234375
   1815.99396705        2.26562500
   1817.18300613        2.23632813
   1818.31628873        2.17773438
   1819.49997684        2.36816406
   1820.80076375        2.34375000
   1822.00616859        2.27539063
   1823.19372412        2.31445313
   1824.47449099        2.37792969
   1825.80931622        2.28027344
   1827.01638656        2.30957031
   1828.23964686        2.43652344
   1829.49817097        2.31933594
   1830.69843186        2.37304688
   1831.92096527        2.31933594
   1833.11746224        2.29492188
   1834.34019179        2.21679688
   1835.56142220        2.50000000
   1836.86025531        2.28515625
   1838.02683281        2.40722656
   1839.22858102        2.14355469
   1840.43343951        2.31445313
   1841.63411819        2.26074219
   1842.78955517        2.22167969
   1843.98458514        2.17773438
   1845.18711694        2.35839844
   1846.35195852        2.30468750
   1847.55732225        2.33398438
   1848.87588946        2.23632813
   1850.06160368        2.46582031
   1851.29430402        2.44628906
   1852.55846976        2.35839844
   1853.77590175        2.34375000
   1854.97836456        2.43652344
   1856.18398113        2.20703125
   1857.41727744        2.12402344
   1858.60536325        2.36816406
   1859.78514330        2.31933594
   1860.99222262        2.19238281
   1862.24062045        2.42675781
   1863.47232404        2.32910156
   1864.67222574        2.23144531
   1865.89554748        2.40234375
   1867.11882715        2.24609375
   1868.29034444        2.37304688
   1869.45878169        2.27050781
   1870.63285205        2.39257813
   1871.85537696        2.27539063
   1873.05860162        2.42187500
   1874.25571110        2.42187500
   1875.44530644        2.25097656
   1876.64999338        2.37792969
   1877.85014935        2.38769531
   1879.05269675        2.23144531
   1880.23499253        2.39746094
   1881.43459648        2.19238281
   1882.62535257        2.17773438
   1883.85919145        2.23144531
   1885.05962673        2.38281250
   1886.25980018        2.41210938
   1887.97822466        2.28515625
   1889.27895816        2.43164063
   1890.52090478        2.48046875
   1891.90310036        2.24609375
   1893.16715693        2.19726563
   1894.38608806        2.31445313
   1895.65977986        2.48535156
   1896.87105318        2.36816406
   1898.11965943        2.49511719
   1899.33815717        2.24609375
   1900.52137314        2.53906250
   1901.76073312        2.40722656
   1902.96184613        2.32421875
   1904.18081318        2.51464844
   1905.39772908        2.34863281
   1906.56679916        2.33398438
   1907.78215542        2.29980469
   1909.03195644        2.34375000
   1910.27031259        2.31445313
   1911.53349056        2.30957031
   1912.70570921        2.29003906
   1913.93623977        2.38281250
   1915.12778702        2.18261719
   1916.34973108        2.46093750
   1917.60003403        2.45117188
   1918.81847080        2.33398438
   1920.00065552        2.21679688
   1921.19824990        2.32910156
   1922.42295877        2.43164063
   1923.67413180        2.38281250
   1924.84117908        2.54394531
   1926.02953806        2.44140625
   1927.25920232        2.35839844
   1928.49298259        2.29492188
   1929.69579135        2.33398438
   1930.99669027        2.32910156
   1932.19379549        2.32910156
   1933.50427671        2.20214844
   1934.70362450        2.18750000
   1935.89401715        2.52441406
   1937.10895089        2.36816406
   1938.31200966        2.35351563
   1939.54734673        2.31445313
   1940.79650122        2.46093750
   1941.97390164        2.38769531
   1943.16940800        2.42675781
   1944.37482939        2.56347656
   1945.62837212        2.27050781
   1946.84504934        2.52929688
   1948.04683867        2.40722656
   1949.21658270        2.31445313
   1950.41995245        2.46093750
   1951.68314224        2.39746094
   1952.89765062        2.65625000
   1954.10267832        2.35351563
   1955.25724710        2.52441406
   1956.45934174        2.45117188
   1957.62788202        2.26074219
   1958.77758899        2.34863281
   1959.95025332        2.37304688
   1961.12947568        2.46582031
   1962.29386355        2.34375000
   1963.48371647        2.50976563
   1964.69701543        2.19726563
   1965.89727867        2.44140625
   1967.09932321        2.32421875
   1968.31333110        2.36328125
   1969.51798590        2.41210938
   1970.71800433        2.29003906
   1972.00996276        2.31445313
   1973.28228208        2.40722656
   1974.52504679        2.29003906
   1975.76132059        2.30957031
   1977.01253426        2.39257813
   1978.25007184        2.29003906
   1979.44927501        2.51953125
   1980.68506673        2.34375000
   1981.91536996        2.32421875
   1983.12229994        2.41699219
   1984.33535078        2.52929688
   1985.57630678        2.47070313
   1986.73923332        2.54882813
   1987.92331748        2.49511719
   1989.12471927        2.54394531
   1990.29807172        2.37304688
   1991.52979422        2.23144531
   1992.83167193        2.44628906
   1994.08163270        2.37304688
   1995.33288277        2.50976563
   1996.56856627        2.55371094
   1997.75311785        2.52929688
   1998.96010312        2.51464844
   2000.24274297        2.43652344
   2001.49460886        2.16308594
   2002.67586158        2.53417969
   2003.87877337        2.57812500
   2005.08308033        2.32910156
   2006.25373556        2.44628906
   2007.45852080        2.37792969
   2008.70052649        2.52929688
   2009.95629194        2.28515625
   2011.14119043        2.41210938
   2012.32755733        2.58300781
   2013.52999745        2.50976563
   2014.78785281        2.50000000
   2016.01651275        2.55859375
   2017.23720580        2.56347656
   2018.43643874        2.31933594
   2019.67030834        2.33398438
   2020.90395202        2.45117188
   2022.10646823        2.15332031
   2023.36555145        2.45605469
   2024.61044814        2.52441406
   2025.87527459        2.33398438
   2027.07657429        2.42187500
   2028.27893595        2.51464844
   2029.42800537        2.30468750
   2030.63157788        2.32421875
   2031.78119742        2.35839844
   2033.03240968        2.29492188
   2034.24781509        2.28515625
   2035.47006257        2.41210938
   2036.67196391        2.53417969
   2037.93736412        2.41699219
   2039.15790640        2.46093750
   2040.41174830        2.30957031
   2041.59842855        2.38769531
   2042.77619619        2.39746094
   2044.07699681        2.30468750
   2045.37830879        2.38769531
   2046.56572537        2.32910156
   2047.76349415        2.59277344
   2048.96766452        2.52441406
   2050.18340218        2.37304688
   2051.37303675        2.29003906
   2052.57185852        2.38769531
   2053.79772671        2.52441406
   2055.06143165        2.40722656
   2056.26177997        2.37304688
   2057.46179982        2.29980469
   2058.68743643        2.48535156
   2059.88501238        2.30468750
   2061.08797663        2.36328125
   2062.30749050        2.36816406
   2063.51148600        2.48046875
   2064.74387725        2.45117188
   2065.91364775        2.47070313
   2067.14877498        2.49023438
   2068.34869274        2.53906250
   2069.49679235        2.63183594
   2070.74226090        2.53906250
   2071.93894503        2.43652344
   2073.20444590        2.26562500
   2074.47493100        2.42675781
   2075.70308808        2.46093750
   2076.96566110        2.46093750
   2078.16393274        2.54882813
   2079.48241488        2.45605469
   2080.64532204        2.43652344
   2081.82814148        2.32421875
   2083.04812088        2.55371094
   2084.31954884        2.43652344
   2085.57234626        2.51464844
   2086.77250789        2.32910156
   2087.97174367        2.28515625
   2089.16940327        2.52929688
   2090.35571488        2.34375000
   2091.57400420        2.57812500
   2092.72971341        2.22656250
   2093.96232868        2.63183594
   2095.21708367        2.31445313
   2096.41002562        2.40234375
   2097.63453788        2.51464844
   2098.90609061        2.39746094
   2100.10645972        2.50488281
   2101.30965650        2.28515625
   2102.53987655        2.54394531
   2103.77411006        2.45117188
   2105.02866845        2.31445313
   2106.24681504        2.44140625
   2107.46425837        2.54394531
   2108.67950923        2.47070313
   2109.94986200        2.33886719
   2111.12143883        2.48046875
   2112.34150283        2.34375000
   2113.57899550        2.47070313
   2114.77809375        2.45117188
   2115.97904607        2.52441406
   2117.14991493        2.32910156
   2118.38769779        2.62207031
   2119.73795678        2.46093750
   2121.00599467        2.46582031
   2122.20196561        2.38281250
   2123.57709795        2.46582031
   2125.18366779        2.33886719
   2126.69786661        2.58300781
   2128.12925449        2.41210938
   2129.42302257        2.40234375
   2130.80825330        2.55859375
   2132.12035229        2.56835938
   2133.31187780        2.41699219
   2134.51094675        2.54882813
   2135.72561629        2.65136719
   2136.92617492        2.45605469
   2138.21361608        2.38281250
   2139.38489328        2.50488281
   2140.65009263        2.30468750
   2141.83866146        2.37304688
   2143.10421479        2.54882813
   2144.33899040        2.39746094
   2145.76325595        2.50976563
   2147.60965792        2.51953125
   2149.17403208        2.46582031
   2150.92722697        2.29980469
   2152.34899474        2.59277344
   2153.56535531        2.56347656
   2154.85499839        2.41210938
   2156.31429476        2.51464844
   2157.46262359        2.59765625
   2158.77004225        2.43652344
   2159.97439647        2.43164063
   2161.29824896        2.47070313
   2162.62746281        2.54394531
   2163.93891525        2.50000000
   2165.11547110        2.45605469
   2166.25231866        2.55859375
   2167.41841125        2.37792969
   2168.66571781        2.51464844
   2169.83326181        2.55371094
   2170.95333762        2.45605469
   2172.15408955        2.54394531
   2173.33522033        2.36328125
   2174.55828970        2.50488281
   2175.72468713        2.48046875
   2176.94256716        2.30957031
   2178.14392026        2.41699219
   2179.36404569        2.65625000
   2180.55394446        2.58300781
   2181.79977173        2.65625000
   2182.97090147        2.49511719
   2184.14899947        2.38281250
   2185.34934684        2.32910156
   2186.55327098        2.43652344
   2187.75441755        2.35351563
   2189.01856863        2.54882813
   2190.25371051        2.61718750
   2191.46823497        2.65625000
   2192.82950309        2.44140625
   2194.07213547        2.63183594
   2195.36794336        2.64648438
   2196.63328970        2.56347656
   2197.82101726        2.59277344
   2199.04338620        2.58789063
   2200.57918266        2.62207031
   2201.83408227        2.49023438
   2203.39170558        2.55371094
   2204.53607010        2.37792969
   2205.95863376        2.48535156
   2207.14564767        2.45605469
   2208.42854462        2.41210938
   2209.54685852        2.33398438
   2210.69898576        2.44628906
   2211.83227593        2.57812500
   2212.99250005        2.40234375
   2214.14387158        2.73925781
   2215.27582377        2.54394531
   2216.44560986        2.51953125
   2217.62443050        2.61718750
   2218.79698801        2.28515625
   2219.94893236        2.46093750
   2221.12921810        2.40722656
   2222.41325642        2.54882813
   2223.58519529        2.32910156
   2224.75411271        2.51953125
   2225.98551619        2.53906250
   2227.24106046        2.47070313
   2228.43914022        2.43652344
   2229.62287370        2.45605469
   2230.83957408        2.50976563
   2232.04573889        2.64160156
   2233.24597142        2.45605469
   2234.42552035        2.58300781
   2235.62929608        2.61718750
   2236.89924996        2.46093750
   2238.10130111        2.56835938
   2239.27123277        2.35839844
   2240.47263408        2.46582031
   2241.70440857        2.50488281
   2242.85233709        2.60253906
   2244.06347524        2.43652344
   2245.30577679        2.52441406
   2246.51595034        2.38769531
   2247.71249504        2.40234375
   2248.85969809        2.46093750
   2250.05737755        2.38281250
   2251.29975755        2.32910156
   2252.51426262        2.56835938
   2253.71343035        2.36816406
   2254.88805509        2.48535156
   2256.07719672        2.54882813
   2257.32682099        2.64648438
   2258.51247235        2.51953125
   2259.74464573        2.39257813
   2260.94423171        2.61718750
   2262.35405363        2.51464844
   2263.54390325        2.42187500
   2264.98223954        2.50488281
   2266.15966406        2.49023438
   2267.56688186        2.60742188
   2268.93670624        2.51953125
   2270.52807626        2.70019531
   2271.86691258        2.43652344
   2273.12134620        2.53906250
   2274.53059058        2.39746094
   2276.36756101        2.60253906
   2277.55270478        2.47070313
   2279.17040617        2.47070313
   2280.56179037        2.75390625
   2281.73961472        2.57812500
   2282.85769892        2.41699219
   2284.04176087        2.45117188
   2285.67166144        2.51953125
   2287.13247396        2.48046875
   2288.35767340        2.61718750
   2289.94957275        2.60742188
   2291.10723198        2.41699219
   2292.29313997        2.47070313
   2293.74756981        2.51464844
   2295.14634667        2.56347656
   2296.53416734        2.56347656
   2297.68346315        2.37304688
   2298.84393302        2.67578125
   2299.99666380        2.47070313
   2301.17461813        2.78808594
   2302.33370465        2.61718750
   2303.48173857        2.38281250
   2304.66656805        2.59765625
   2305.86338734        2.39746094
   2307.07580345        2.52929688
   2308.26668289        2.70019531
   2309.45490198        2.46093750
   2310.67047659        2.47558594
   2311.83275280        2.61230469
   2313.04410505        2.55371094
   2314.18917094        2.58789063
   2315.38986190        2.51464844
   2316.59326899        2.46582031
   2317.77936272        2.60742188
   2319.03217716        2.48046875
   2320.22063397        2.65625000
   2321.45039794        2.48535156
   2322.68231138        2.58789063
   2323.85226336        2.52929688
   2325.00211118        2.48046875
   2326.18623740        2.61718750
   2327.39242632        2.47070313
   2328.60481171        2.49511719
   2329.87550003        2.71484375
   2331.10807702        2.55371094
   2332.36421962        2.45117188
   2333.59555221        2.73437500
   2334.79754759        2.64160156
   2335.99786377        2.64160156
   2337.24079815        2.63671875
   2338.50810632        2.63183594
   2339.77885419        2.50000000
   2341.06260185        2.70996094
   2342.33237802        2.50488281
   2343.60111821        2.63183594
   2344.87445413        2.60742188
   2346.12418426        2.64160156
   2347.40375116        2.31933594
   2348.68588720        2.51953125
   2349.96706524        2.55859375
   2351.22353914        2.46093750
   2352.50357109        2.61230469
   2353.78359501        2.42675781
   2355.05014604        2.24121094
   2356.31762576        2.64160156
   2357.64163610        2.52929688
   2358.93286292        2.70996094
   2360.25480131        2.44628906
   2361.52140575        2.53906250
   2362.75203650        2.58300781
   2364.05257434        2.68066406
   2365.24267917        2.63671875
   2366.46435337        2.50000000
   2367.67643203        2.52929688
   2368.87882158        2.61718750
   2370.07873603        2.50000000
   2371.29579844        2.50000000
   2372.48949562        2.67578125
   2373.68625347        2.50976563
   2374.90190606        2.42675781
   2376.11441859        2.54882813
   2377.34504934        2.59765625
   2378.56157438        2.44140625
   2379.76731053        2.70996094
   2380.98498497        2.65625000
   2382.19543169        2.48046875
   2383.41383916        2.51953125
   2384.61900060        2.49023438
   2385.82172382        2.57812500
   2387.00222366        2.63183594
   2388.17676286        2.37304688
   2389.42329102        2.59277344
   2390.67036836        2.63671875
   2391.84277842        2.62207031
   2393.04600403        2.54394531
   2394.32444042        2.46093750
   2395.58445469        2.62695313
   2396.83387149        2.64160156
   2398.05369822        2.44628906
   2399.28309970        2.54882813
   2400.51680766        2.45117188
   2401.71716733        2.57812500
   2402.89063699        2.63183594
   2404.08983496        2.56347656
   2405.34197119        2.47558594
   2406.59368112        2.49511719
   2407.76256782        2.40722656
   2409.06100535        2.50488281
   2410.31803599        2.57812500
   2411.49912471        2.64648438
   2412.70193017        2.69042969
   2413.89762274        2.55371094
   2415.08317674        2.44628906
   2416.25615394        2.59765625
   2417.45576734        2.72460938
   2418.68981511        2.49023438
   2419.85575931        2.41699219
   2421.03008488        2.54882813
   2422.29263238        2.47558594
   2423.49246318        2.67089844
   2424.74890069        2.51953125
   2425.93608995        2.43652344
   2427.15034454        2.66601563
   2428.33515748        2.60253906
   2429.51548386        2.41210938
   2430.76142503        2.47070313
   2431.97317334        2.49023438
   2433.22053850        2.71972656
   2434.42335860        2.64160156
   2435.65596395        2.73437500
   2436.89463816        2.57812500
   2438.05977182        2.28515625
   2439.24573983        2.62695313
   2440.44545201        2.56835938
   2441.61565448        2.58300781
   2442.86149782        2.45605469
   2444.04883122        2.72460938
   2445.22023130        2.56835938
   2446.45066214        2.51953125
   2447.70403993        2.59765625
   2448.91065750        2.66601563
   2450.07533509        2.42675781
   2451.25871647        2.64160156
   2452.45961728        2.59765625
   2453.62017789        2.64648438
   2454.80379747        2.47558594
   2456.08453457        2.49023438
   2457.30072830        2.39746094
   2458.48502562        2.49023438
   2459.71003507        2.63183594
   2460.90464251        2.55371094
   2462.10747443        2.44628906
   2463.34931329        2.59277344
   2464.61395022        2.50976563
   2465.81407878        2.67578125
   2466.97123703        2.50000000
   2468.15784071        2.48535156
   2469.35806993        2.54394531
   2470.56371675        2.67578125
   2471.74456302        2.45117188
   2472.92765327        2.42187500
   2474.12024548        2.40234375
   2475.27888585        2.73437500
   2476.49729285        2.55371094
   2477.72990860        2.48535156
   2478.93004849        2.44140625
   2480.15395202        2.48535156
   2481.37156644        2.72460938
   2482.59013271        2.47558594
   2483.72770573        2.56835938
   2484.92379719        2.40722656
   2486.13014963        2.50000000
   2487.33003620        2.64160156
   2488.53015341        2.63183594
   2489.74606830        2.67089844
   2490.91306312        2.81250000
   2492.09706080        2.50000000
   2493.31676182        2.61230469
   2494.51595223        2.62207031
   2495.73824224        2.52929688
   2496.93903955        2.62695313
   2498.17198187        2.64160156
   2499.37329291        2.61230469
   2500.57823979        2.66601563
   2501.74792805        2.55371094
   2502.93161238        2.58300781
   2504.11196145        2.72460938
   2505.33407755        2.54882813
   2506.55306775        2.37304688
   2507.72713670        2.63183594
   2508.91662193        2.63671875
   2510.12590931        2.56347656
   2511.32512099        2.68554688
   2512.56301161        2.52929688
   2513.76298845        2.55859375
   2514.98158922        2.56347656
   2516.20080439        2.66601563
   2517.37047848        2.52929688
   2518.55415052        2.57812500
   2519.77411999        2.55859375
   2520.95731138        2.77343750
   2522.15894900        2.40234375
   2523.35481596        2.52929688
   2524.61065420        2.69531250
   2525.85614638        2.77343750
   2527.16441953        2.67578125
   2528.41924920        2.48046875
   2529.65010398        2.40722656
   2531.26897225        2.47558594
   2532.86465111        2.52441406
   2534.21472390        2.55859375
   2535.66939997        2.46093750
   2536.89133883        2.50976563
   2538.28170454        2.67089844
   2539.60545447        2.67089844
   2541.00778967        2.65136719
   2542.37025162        2.39257813
   2543.57772794        2.60253906
   2544.83241441        2.73925781
   2546.03531108        2.70507813
   2547.23776348        2.64160156
   2548.53746101        2.81738281
   2549.87552697        2.70019531
   2551.12672978        2.67578125
   2552.36225259        2.71972656
   2553.66305131        2.53906250
   2554.93451992        2.65625000
   2556.13339792        2.66601563
   2557.32218179        2.87597656
   2558.55503431        2.60742188
   2559.77040239        2.59765625
   2560.98658100        2.68554688
   2562.15531977        2.60742188
   2563.39010530        2.60742188
   2564.59157939        2.53906250
   2565.76616680        2.70507813
   2566.96719143        2.63671875
   2568.14594731        2.44628906
   2569.33579031        2.50976563
   2570.56592009        2.48535156
   2571.73641322        2.74902344
   2572.98534700        2.58789063
   2574.25101707        2.69531250
   2575.42554398        2.72949219
   2576.67128098        2.63671875
   2577.87262794        2.54394531
   2579.07475424        2.54394531
   2580.30903265        2.50488281
   2581.60791491        2.84179688
   2582.81530711        2.65625000
   2584.06939571        2.51464844
   2585.26776566        2.51953125
   2586.45938002        2.63671875
   2587.65640254        2.70996094
   2588.87449855        2.65136719
   2590.05823204        2.58789063
   2591.29189321        2.62207031
   2592.46454430        2.76855469
   2593.62469091        2.67089844
   2594.82545986        2.72460938
   2596.04548037        2.57324219
   2597.30069333        2.67578125
   2598.46982579        2.65136719
   2599.67349188        2.67089844
   2600.85013139        2.43164063
   2602.05096792        2.61718750
   2603.27590601        2.44628906
   2604.54041534        2.61230469
   2605.75957710        2.62695313
   2606.96621642        2.59765625
   2608.21831767        2.63671875
   2609.41879880        2.50000000
   2610.62284156        2.75390625
   2611.83587396        2.44628906
   2613.00711761        2.53906250
   2614.24285735        2.67089844
   2615.44487778        2.83691406
   2616.67307125        2.71972656
   2617.82882111        2.73925781
   2619.01603872        2.54882813
   2620.24495482        2.65136719
   2621.48188886        2.57812500
   2622.66336040        2.51953125
   2623.85862809        2.55859375
   2625.08973666        2.57324219
   2626.35848489        2.52441406
   2627.53917235        2.66601563
   2628.72635546        2.54394531
   2629.92698263        2.56347656
   2631.13003620        2.46582031
   2632.36291236        2.51953125
   2633.56480424        2.69531250
   2634.79838696        2.46582031
   2635.97167231        2.60253906
   2637.16915373        2.52929688
   2638.37033527        2.50488281
   2639.59234219        2.75878906
   2640.76420307        2.53417969
   2641.97994026        2.51953125
   2643.14745543        2.72949219
   2644.40555703        2.58789063
   2645.67495463        2.52929688
   2646.84021022        2.71972656
   2648.12227347        2.56347656
   2649.31713046        2.73925781
   2650.52496550        2.63183594
   2651.73173999        2.76367188
   2652.92937832        2.50488281
   2654.14622616        2.51953125
   2655.34975282        2.62695313
   2656.59217016        2.55371094
   2657.84068425        2.60742188
   2659.03606963        2.71484375
   2660.21037819        2.66113281
   2661.44192062        2.54394531
   2662.62934098        2.59765625
   2663.84499499        2.70996094
   2665.01589410        2.72460938
   2666.24706836        2.56347656
   2667.51630764        2.81250000
   2668.73440696        2.74902344
   2669.92679358        2.40234375
   2671.15283901        2.74902344
   2672.34997401        2.50488281
   2673.56769382        2.64160156
   2674.83711694        2.70507813
   2676.03270081        2.79785156
   2677.24767898        2.54882813
   2678.44698329        2.48046875
   2679.61508072        2.65625000
   2680.81380702        2.77343750
   2682.06842165        2.62207031
   2683.23328780        2.74414063
   2684.42074881        2.68554688
   2685.62037214        2.70019531
   2686.82926631        2.62695313
   2688.06030635        2.57324219
   2689.27971719        2.77832031
   2690.48169981        2.79296875
   2691.66565968        2.74902344
   2692.92175832        2.74414063
   2694.11204652        2.60253906
   2695.30714455        2.79296875
   2696.51405656        2.68554688
   2697.71607133        2.65625000
   2698.94854340        2.58300781
   2700.16481606        2.68554688
