      0.21307163       3.23126181
      1.47691882       3.22658516
      2.63835851       3.22224010
      3.81029879       3.21821143
      4.99130575       3.21448398
      6.17609033       3.21104253
      7.33110195       3.20787191
      8.51220202       3.20495691
      9.70307106       3.20228234
     10.88163837       3.19983301
     12.04075656       3.19759374
     13.18977541       3.19554931
     14.35903690       3.19368455
     15.53071488       3.19198425
     16.69871732       3.19043322
     17.84795121       3.18901628
     19.00684916       3.18771823
     20.16397953       3.18652386
     21.33370276       3.18541801
     22.50042394       3.18438545
     23.67500803       3.18338530
     24.83134582       3.18241554
     26.01449042       3.18146004
     27.19408662       3.18050321
     28.37663478       3.17952993
     29.53572556       3.17852667
     30.69639630       3.17748031
     31.87675435       3.17637892
     33.04079768       3.17521211
     34.21561289       3.17397118
     35.37977248       3.17264894
     36.54144753       3.17123882
     37.71130830       3.16973550
     38.86927283       3.16813446
     40.05026325       3.16643217
     41.22928238       3.16462627
     42.41709501       3.16271573
     43.59168384       3.16070088
     44.75630187       3.15858346
     45.93923947       3.15636656
     47.10793145       3.15405380
     48.28253162       3.15164962
     49.44536552       3.14915968
     50.61467285       3.14659070
     51.76270488       3.14395033
     52.91087963       3.14124722
     54.06937917       3.13849008
     55.22564938       3.13568706
     56.39501153       3.13284605
     57.57256839       3.12997426
     58.72384162       3.12707865
     59.89047394       3.12416570
     61.06850530       3.12124064
     62.25542091       3.11830884
     63.44005095       3.11537550
     64.61537044       3.11244503
     65.78998006       3.10952196
     66.95730476       3.10660940
     68.12627228       3.10370993
     69.29820453       3.10082628
     70.45927226       3.09796123
     71.62087642       3.09511832
     72.79334509       3.09230169
     73.97336900       3.08951644
     75.13737121       3.08676663
     76.30020795       3.08405776
     77.47248332       3.08139508
     78.65790593       3.07878324
     79.83503460       3.07622561
     81.00135783       3.07372428
     82.15815216       3.07128213
     83.31018961       3.06890230
     84.46327155       3.06658839
     85.64401762       3.06434532
     86.81393416       3.06217878
     87.98101499       3.06009504
     89.16341428       3.05810052
     90.34398832       3.05620173
     91.54758115       3.05440564
     92.71060930       3.05271827
     93.88468202       3.05114646
     95.04149574       3.04969668
     96.22008951       3.04837516
     97.36537138       3.04718711
     98.54397178       3.04613551
     99.72706344       3.04522315
    100.89957984       3.04445183
    102.07056260       3.04382195
    103.22517487       3.04333213
    104.38710796       3.04297899
    105.55043623       3.04275778
    106.72436575       3.04266247
    107.88229815       3.04268548
    109.07661871       3.04281774
    110.25662278       3.04304885
    111.41450271       3.04336672
    112.57019491       3.04375883
    113.75058274       3.04421245
    114.92278579       3.04471297
    116.10375636       3.04524460
    117.26968070       3.04579005
    118.44453230       3.04633049
    119.59876127       3.04684546
    120.75714124       3.04731373
    121.92281604       3.04771166
    123.10430837       3.04801525
    124.25784969       3.04820087
    125.44570344       3.04824606
    126.61435478       3.04813036
    127.78156370       3.04783416
    129.03260582       3.04733874
    130.28034293       3.04662765
    131.45532450       3.04568503
    132.60951283       3.04449671
    133.78178819       3.04305014
    134.95031429       3.04133564
    136.13040343       3.03934655
    137.27607048       3.03707875
    138.44984782       3.03453157
    139.61136548       3.03170738
    140.77177014       3.02861099
    141.94544587       3.02524915
    143.09821162       3.02163139
    144.27115810       3.01777092
    145.43989120       3.01368161
    146.59599836       3.00937919
    147.76583975       3.00488070
    148.93698083       3.00020532
    150.11335851       2.99537415
    151.27796850       2.99040906
    152.45313108       2.98533357
    153.62889578       2.98017117
    154.80948967       2.97494494
    155.97868499       2.96967835
    157.14214133       2.96439386
    158.32233019       2.95911299
    159.48135953       2.95385511
    160.63396176       2.94863875
    161.78692223       2.94348111
    162.95041827       2.93839767
    164.13038547       2.93340202
    165.29758871       2.92850522
    166.48992665       2.92371690
    167.67541354       2.91904612
    168.85775847       2.91450030
    170.03939637       2.91008457
    171.21780630       2.90580168
    172.39323119       2.90165260
    173.57426650       2.89763674
    174.74754901       2.89375248
    175.92651946       2.88999676
    177.10110640       2.88636583
    178.25750232       2.88285578
    179.42265062       2.87946306
    180.60451632       2.87618377
    181.75547432       2.87301308
    182.93595053       2.86994561
    184.10727404       2.86697558
    185.28965868       2.86409610
    186.48541316       2.86130022
    187.66423379       2.85858105
    188.83814441       2.85593069
    190.00684821       2.85334016
    191.16948126       2.85080124
    192.34469346       2.84830516
    193.51066223       2.84584333
    194.67470745       2.84340684
    195.86117360       2.84098666
    197.03706354       2.83857407
    198.20602917       2.83615948
    199.39153260       2.83373391
    200.57498582       2.83128955
    201.79199907       2.82881841
    202.98124232       2.82631415
    204.19278645       2.82377085
    205.39405448       2.82118380
    206.60521438       2.81854899
    207.77978335       2.81586327
    208.93682203       2.81312408
    210.10773721       2.81032962
    211.28358130       2.80748002
    212.45966548       2.80457570
    213.61961973       2.80161755
    214.78706118       2.79860681
    215.95360181       2.79554591
    217.12154328       2.79243901
    218.30043528       2.78929054
    219.46638751       2.78610616
    220.64571573       2.78289264
    221.81833752       2.77965656
    222.99122020       2.77640570
    224.17488326       2.77314753
    225.35357345       2.76988823
    226.50552820       2.76663292
    227.66157958       2.76338650
    228.83858914       2.76015302
    229.97325415       2.75693538
    231.14627106       2.75373580
    232.30287634       2.75055554
    233.47653175       2.74739465
    234.64938276       2.74425303
    235.81541486       2.74112961
    236.98432756       2.73802202
    238.17961510       2.73492727
    239.35416990       2.73184191
    240.53645386       2.72876210
    241.73530304       2.72568311
    242.93247490       2.72259957
    244.13942615       2.71950687
    245.32430998       2.71640018
    246.50161446       2.71327481
    247.66540447       2.71012678
    248.84982891       2.70695140
    250.03842798       2.70374405
    251.20851182       2.70050017
    252.37921621       2.69721539
    253.54085818       2.69388529
    254.71863244       2.69050617
    255.88715475       2.68707490
    257.07717026       2.68358786
    258.27033622       2.68004239
    259.44612076       2.67643579
    260.60176570       2.67276648
    261.78135055       2.66903381
    262.95510284       2.66523785
    264.13890202       2.66138021
    265.30755194       2.65746240
    266.47961179       2.65348556
    267.63624591       2.64945228
    268.79753625       2.64536432
    269.97287984       2.64122402
    271.13855653       2.63703490
    272.31297096       2.63280157
    273.48835236       2.62852924
    274.66786160       2.62422424
    275.90162816       2.61989415
    277.13313042       2.61554736
    278.28942993       2.61119250
    279.46267227       2.60683904
    280.62078426       2.60249618
    281.81174310       2.59817377
    282.97955224       2.59388181
    284.14147872       2.58963036
    285.36367611       2.58542930
    286.52598021       2.58128797
    287.71723396       2.57721626
    288.88629459       2.57322395
    290.06328714       2.56931970
    291.23256423       2.56551199
    292.39738596       2.56180753
    293.57343942       2.55821133
    294.75122171       2.55472740
    295.92085846       2.55135867
    297.09027355       2.54810713
    298.27289875       2.54497343
    299.42966284       2.54195686
    300.60126850       2.53905488
    301.76084088       2.53626321
    302.92608891       2.53357678
    304.08455205       2.53098881
    305.26519557       2.52849242
    306.44388576       2.52608045
    307.61108853       2.52374479
    308.76932482       2.52147616
    309.93851258       2.51926410
    311.10770507       2.51709853
    312.28025408       2.51496992
    313.45304223       2.51286813
    314.61265762       2.51078475
    315.76860550       2.50871172
    316.93578889       2.50664133
    318.10793523       2.50456632
    319.28446226       2.50248010
    320.44996503       2.50037692
    321.62961888       2.49825107
    322.77464932       2.49609746
    323.94207375       2.49391178
    325.10914797       2.49168996
    326.26789515       2.48942899
    327.43805320       2.48712596
    328.61274741       2.48477884
    329.77930601       2.48238639
    330.94060769       2.47994767
    332.11539549       2.47746213
    333.27092179       2.47492859
    334.43050835       2.47234601
    335.61444931       2.46971342
    336.80003119       2.46702904
    337.98844216       2.46429183
    339.13010757       2.46150102
    340.28476520       2.45865586
    341.44760572       2.45575534
    342.61381553       2.45279752
    343.77739758       2.44978017
    344.95596206       2.44670103
    346.17041042       2.44355794
    347.37358735       2.44034911
    348.56853130       2.43707299
    349.74714870       2.43372927
    350.91308061       2.43031786
    352.07960329       2.42683821
    353.24145746       2.42329071
    354.41526599       2.41967674
    355.56987731       2.41599856
    356.76587377       2.41225842
    357.93980093       2.40845893
    359.09510038       2.40460361
    360.27156455       2.40069511
    361.45341371       2.39673662
    362.62617918       2.39273165
    363.79054247       2.38868435
    364.96833658       2.38459917
    366.14061856       2.38047993
    367.31989338       2.37633120
    368.50583681       2.37215741
    369.68708150       2.36796309
    370.85819045       2.36375302
    372.03566601       2.35953177
    373.20855861       2.35530465
    374.37434212       2.35107647
    375.53243662       2.34685122
    376.69481303       2.34263287
    377.87540929       2.33842522
    379.05453759       2.33423232
    380.22122899       2.33005785
    381.38577424       2.32590556
    382.55233142       2.32177975
    383.72575619       2.31768402
    384.91735779       2.31362119
    386.07195540       2.30959377
    387.25248785       2.30560381
    388.41357213       2.30165378
    389.57848838       2.29774563
    390.76485576       2.29388120
    391.94342165       2.29006214
    393.12560353       2.28628983
    394.28257321       2.28256554
    395.45432066       2.27888959
    396.62622266       2.27526199
    397.79715579       2.27168297
    398.97792644       2.26815165
    400.15821219       2.26466620
    401.32589088       2.26122402
    402.50975575       2.25782231
    403.69250855       2.25445805
    404.84229588       2.25112775
    406.01481322       2.24782847
    407.18882120       2.24455677
    408.34665671       2.24130892
    409.51609070       2.23808044
    410.67397631       2.23486660
    411.83029000       2.23166339
    413.00018290       2.22846642
    414.16907953       2.22527156
    415.36000766       2.22207537
    416.52725060       2.21887514
    417.69984924       2.21566899
    418.86664934       2.21245445
    420.04413766       2.20922990
    421.19997353       2.20599488
    422.38395089       2.20274927
    423.57144781       2.19949363
    424.74008781       2.19622904
    425.90664074       2.19295767
    427.06814848       2.18968209
    428.22410014       2.18640478
    429.38562348       2.18312838
    430.54324773       2.17985637
    431.74512874       2.17659211
    432.93715759       2.17333883
    434.10295811       2.17009922
    435.28776585       2.16687640
    436.46488128       2.16367301
    437.63911375       2.16049166
    438.82514698       2.15733517
    440.00236497       2.15420633
    441.19188754       2.15110792
    442.36404380       2.14804187
    443.53662590       2.14500961
    444.70568605       2.14201259
    445.86589693       2.13905221
    447.02363556       2.13613004
    448.19470291       2.13324749
    449.37296728       2.13040529
    450.55280120       2.12760343
    451.73048944       2.12484095
    452.89386591       2.12211617
    454.08012884       2.11942748
    455.24558340       2.11677330
    456.39694028       2.11415207
    457.56930261       2.11156166
    458.76722593       2.10900029
    459.93475197       2.10646653
    461.10862478       2.10395870
    462.27454392       2.10147505
    463.47406611       2.09901332
    464.65763276       2.09657235
    465.82751385       2.09415092
    466.97410486       2.09174762
    468.13689292       2.08936139
    469.29879341       2.08699101
    470.46040182       2.08463534
    471.63588389       2.08229271
    472.80340284       2.07996092
    473.95698527       2.07763721
    475.12467484       2.07531861
    476.29597283       2.07300128
    477.48043745       2.07068105
    478.72588852       2.06835401
    479.90183895       2.06601668
    481.09141823       2.06366549
    482.26519226       2.06129745
    483.44259977       2.05891001
    484.60272700       2.05650012
    485.77653364       2.05406419
    486.92588710       2.05159825
    488.08475764       2.04909914
    489.24511078       2.04656363
    490.40234749       2.04398882
    491.56655481       2.04137198
    492.75381638       2.03871026
    493.92512855       2.03600105
    495.08159678       2.03324222
    496.24682165       2.03043228
    497.40242878       2.02757047
    498.58063879       2.02465725
    499.75548850       2.02169311
    500.90944997       2.01867907
    502.08083540       2.01561668
    503.24195465       2.01250870
    504.40071790       2.00935865
    505.61172089       2.00617091
    506.82876675       2.00295085
    507.97387895       1.99970408
    509.13910099       1.99643672
    510.31670274       1.99315460
    511.47193083       1.98986357
    512.64078539       1.98656920
    513.82792597       1.98327602
    514.99159640       1.97998855
    516.16281500       1.97671059
    517.33443863       1.97344471
    518.52648449       1.97019257
    519.70378330       1.96695556
    520.87537006       1.96373436
    522.04534425       1.96052948
    523.21443985       1.95734127
    524.39817239       1.95416897
    525.56417094       1.95101068
    526.72781632       1.94786336
    527.89587075       1.94472326
    529.10275772       1.94158537
    530.29530881       1.93844462
    531.46549379       1.93529573
    532.62891846       1.93213384
    533.78892896       1.92895346
    534.94604467       1.92574976
    536.12375513       1.92251751
    537.34965026       1.91925200
    538.54545721       1.91594963
    539.72294648       1.91260693
    540.97144781       1.90922081
    542.15031996       1.90578883
    543.32758190       1.90230937
    544.49959639       1.89878157
    545.67485680       1.89520609
    546.84494206       1.89158474
    548.01334291       1.88792135
    549.18783674       1.88422079
    550.35410562       1.88048930
    551.52648827       1.87673391
    552.71107672       1.87296211
    553.87102624       1.86918264
    555.02448910       1.86540507
    556.19700078       1.86163992
    557.35852837       1.85789817
    558.52476558       1.85419142
    559.70306964       1.85053188
    560.89130480       1.84693116
    562.05464771       1.84340034
    563.21687147       1.83995041
    564.37506286       1.83659190
    565.55014273       1.83333418
    566.72622739       1.83018499
    567.90726695       1.82715021
    569.12241526       1.82423339
    570.54093238       1.82143663
    571.87889247       1.81876110
    573.12910893       1.81620692
    574.39030143       1.81377230
    575.61209993       1.81145391
    576.87535115       1.80924561
    578.09285404       1.80713949
    579.37536344       1.80512566
    580.66253001       1.80319284
    581.93851873       1.80132730
    583.20507968       1.79951481
    584.50662987       1.79774011
    585.79984593       1.79598586
    587.05208377       1.79423452
    588.32869492       1.79246901
    589.63811180       1.79067310
    590.93858773       1.78883139
    592.18594202       1.78692894
    593.53455205       1.78495226
    594.85945564       1.78288975
    596.20155066       1.78073127
    597.50940554       1.77846952
    598.82284203       1.77609950
    600.12364359       1.77361891
    601.41393652       1.77102838
    602.71849632       1.76833052
    603.97019916       1.76553081
    605.25387876       1.76263655
    606.56204605       1.75965668
    607.90059833       1.75660087
    609.21709407       1.75347996
    610.53088171       1.75030578
    611.84458334       1.74709035
    613.13430677       1.74384569
    614.42999178       1.74058366
    615.77695238       1.73731605
    617.11138344       1.73405537
    618.43075600       1.73081380
    619.74190266       1.72760364
    621.04804289       1.72443688
    622.35168582       1.72132329
    623.66355039       1.71827072
    625.00133467       1.71528474
    626.32005596       1.71236879
    627.61871893       1.70952550
    628.89006276       1.70675564
    630.12929608       1.70405740
    631.36545078       1.70142682
    632.60399928       1.69885942
    633.85821502       1.69634844
    635.12638902       1.69388563
    636.33683385       1.69146301
    637.56796227       1.68907189
    638.81841551       1.68670267
    640.04933503       1.68434439
    641.26954884       1.68198571
    642.47844301       1.67961631
    643.79604514       1.67722658
    644.99254164       1.67480817
    646.19733775       1.67235408
    647.41068350       1.66985723
    648.66956396       1.66731124
    649.91130688       1.66471053
    651.12957540       1.66205097
    652.38669868       1.65933023
    653.59659054       1.65654612
    654.85403236       1.65369735
    656.06832382       1.65078372
    657.32438465       1.64780726
    658.57632994       1.64477048
    659.78381714       1.64167737
    661.00130017       1.63853413
    662.24867100       1.63534880
    663.48326417       1.63213167
    664.71497013       1.62889403
    665.95085355       1.62564760
    667.19201467       1.62240529
    668.42588474       1.61917984
    669.63449156       1.61598249
    670.88324669       1.61282468
    672.09379974       1.60971665
    673.29932274       1.60666858
    674.49186107       1.60368942
    675.72326691       1.60078599
    676.92995728       1.59796330
    678.18375570       1.59522542
    679.37357223       1.59257509
    680.60884360       1.59001234
    681.84714634       1.58753552
    683.08041288       1.58514103
    684.29692610       1.58282241
    685.51480046       1.58057161
    686.78851494       1.57837912
    688.02190389       1.57623535
    689.23218235       1.57413007
    690.45480037       1.57205179
    691.68794591       1.56998837
    692.92265960       1.56792691
    694.17634365       1.56585367
    695.38045163       1.56375601
    696.67388037       1.56162253
    697.91156871       1.55944340
    699.14685332       1.55720882
    700.46681192       1.55490982
    701.71786680       1.55253939
    702.99046401       1.55009305
    704.21639980       1.54756876
    705.42763956       1.54496550
    706.62369605       1.54228643
    707.90643420       1.53953658
    709.15653298       1.53672288
    710.39449071       1.53385452
    711.65353848       1.53094126
    712.88186145       1.52799455
    714.13857497       1.52502650
    715.36059039       1.52204869
    716.57293088       1.51907259
    717.78867658       1.51611082
    719.03681116       1.51317525
    720.31688234       1.51027809
    721.58979243       1.50743002
    722.80006664       1.50464090
    724.05490576       1.50191874
    725.29307097       1.49927018
    726.50252850       1.49670011
    727.75804724       1.49421098
    728.96633032       1.49180375
    730.14266594       1.48947801
    731.33971492       1.48723314
    732.55265800       1.48506798
    733.83415506       1.48298027
    735.08047054       1.48096675
    736.31825907       1.47902200
    737.53137560       1.47713981
    738.74395240       1.47531323
    739.95626595       1.47353426
    741.23551855       1.47179452
    742.47106688       1.47008621
    743.68806407       1.46840153
    744.97159574       1.46673252
    746.20465764       1.46507086
    747.43467872       1.46340972
    748.71331550       1.46174358
    749.96951907       1.46006876
    751.20161588       1.45838249
    752.42950120       1.45668315
    753.64527572       1.45497141
    754.91477069       1.45324781
    756.16483260       1.45151505
    757.41840889       1.44977708
    758.63228917       1.44803789
    759.84383519       1.44630319
    761.05652164       1.44457960
    762.26541817       1.44287436
    763.48151833       1.44119621
    764.71764514       1.43955527
    765.93742604       1.43796156
    767.19166115       1.43642548
    768.41132673       1.43495690
    769.67307740       1.43356598
    770.97508743       1.43226241
    772.21233955       1.43105731
    773.42228482       1.42996180
    774.65913095       1.42898698
    775.85189897       1.42814517
    777.06053604       1.42744911
    778.29671862       1.42691153
    779.52691552       1.42654194
    780.79551392       1.42634790
    782.04473363       1.42633455
    783.22122521       1.42650402
    784.47031731       1.42685636
    785.67889909       1.42738862
    786.86452304       1.42809549
    788.07834660       1.42897051
    789.31361136       1.43000577
    790.52696372       1.43119056
    791.75541099       1.43251214
    792.97267945       1.43395600
    794.17143364       1.43550663
    795.40916545       1.43714782
    796.62169972       1.43886256
    797.83240543       1.44063262
    799.08405439       1.44243938
    800.31450129       1.44426423
    801.59108031       1.44608873
    802.88130281       1.44789579
    804.11387508       1.44966776
    805.32690654       1.45138788
    806.59615196       1.45304165
    807.89512071       1.45461537
    809.12566119       1.45609613
    810.33626245       1.45747359
    811.60599750       1.45873940
    812.84759060       1.45988694
    814.10641861       1.46091211
    815.36281689       1.46181392
    816.57994168       1.46259426
    817.83117899       1.46325745
    819.04380447       1.46381091
    820.31913010       1.46426407
    821.59188517       1.46462812
    822.84690861       1.46491549
    824.07120536       1.46513780
    825.28682061       1.46530503
    826.50148780       1.46542549
    827.74916016       1.46550814
    828.98920827       1.46556019
    830.22168081       1.46558777
    831.43981653       1.46559644
    832.70992542       1.46559084
    833.94185351       1.46557445
    835.21681239       1.46555066
    836.41731431       1.46552116
    837.66144347       1.46548520
    838.87886317       1.46544141
    840.09761376       1.46538809
    841.34901507       1.46532357
    842.54317920       1.46524543
    843.81721790       1.46515065
    845.05601121       1.46503600
    846.29147872       1.46489819
    847.56843252       1.46473413
    848.78488005       1.46454074
    850.03207696       1.46431505
    851.26616727       1.46405371
    852.48037081       1.46375531
    853.73751300       1.46341968
    854.95090317       1.46304681
    856.16561572       1.46263852
    857.41987258       1.46219961
    858.64848148       1.46173577
    859.91989810       1.46125421
    861.16858139       1.46076358
    862.46501078       1.46027305
    863.68308789       1.45979247
    864.98457521       1.45933286
    866.19096971       1.45890663
    867.40555372       1.45852669
    868.65516475       1.45820473
    869.85218774       1.45795240
    871.14771112       1.45778080
    872.38848044       1.45770141
    873.59690247       1.45772711
    874.83062697       1.45787041
    876.06662429       1.45814233
    877.28686315       1.45855361
    878.50047167       1.45911410
    879.73641747       1.45983232
    881.81807286       1.46071606
    883.06038575       1.46177315
    884.30935592       1.46300886
    885.61622209       1.46442633
    886.80528196       1.46602794
    888.03174140       1.46781492
    889.24783400       1.46978549
    890.49724890       1.47193496
    891.75955725       1.47425731
    892.97186655       1.47674406
    894.20746120       1.47938391
    895.41814139       1.48216370
    896.62949553       1.48506772
    897.85786150       1.48807847
    899.08519765       1.49117727
    900.32371921       1.49434465
    901.55520304       1.49755917
    902.79476530       1.50079748
    904.04785716       1.50403587
    905.29557395       1.50725008
    906.52605677       1.51041377
    907.77191145       1.51350096
    909.00188999       1.51648552
    910.22226166       1.51934198
    911.43406809       1.52204780
    912.69186391       1.52458311
    913.90912717       1.52693013
    915.13934297       1.52907301
    916.37535777       1.53099907
    917.61879265       1.53269986
    918.83176503       1.53417072
    920.06530049       1.53541092
    921.31751139       1.53642267
    922.53677052       1.53720971
    923.76445970       1.53777870
    924.97852336       1.53813881
    926.23052678       1.53830174
    927.48557338       1.53828165
    928.69327278       1.53809543
    929.92194926       1.53776104
    931.17454818       1.53729594
    932.40862147       1.53671893
    933.60026939       1.53604984
    934.83270649       1.53530822
    936.05957852       1.53451241
    937.29457105       1.53368170
    938.52718113       1.53283487
    939.76327722       1.53198962
    940.97699822       1.53116241
    942.18782870       1.53036970
    943.40014415       1.52962608
    944.63664669       1.52894545
    945.90126850       1.52834064
    947.09357620       1.52782182
    948.32379530       1.52739740
    950.19920789       1.52707421
    951.48087037       1.52685891
    952.71215050       1.52675726
    953.91212309       1.52677367
    955.10344727       1.52691318
    956.31650188       1.52717982
    957.55636662       1.52757835
    958.81222990       1.52811384
    960.04541042       1.52879114
    961.28069125       1.52961395
    962.49443919       1.53058611
    963.72764098       1.53171194
    964.96860124       1.53299467
    966.19980859       1.53443681
    967.40878594       1.53603901
    968.62926158       1.53779967
    969.93962937       1.53971551
    971.14679046       1.54178212
    972.38776112       1.54399270
    973.59695918       1.54633955
    974.78926877       1.54881311
    976.01874870       1.55140260
    977.27057536       1.55409501
    978.50189945       1.55687573
    979.71997325       1.55973062
    980.93950886       1.56264431
    982.16713661       1.56560040
    983.42637815       1.56858261
    984.63759476       1.57157559
    985.84632352       1.57456340
    987.11436802       1.57753145
    988.34047819       1.58046536
    989.54094845       1.58335168
    990.83020634       1.58617672
    992.06080023       1.58892824
    993.31733321       1.59159478
    994.57003327       1.59416549
    995.82805074       1.59663230
    997.06675426       1.59898809
    998.31480424       1.60122904
    999.54659574       1.60335220
   1000.75497004       1.60535599
   1001.98387999       1.60724109
   1003.21353668       1.60900940
   1004.43230618       1.61066535
   1005.68574872       1.61221396
   1006.90021599       1.61366138
   1008.14883878       1.61501401
   1009.34918237       1.61628031
   1010.61628211       1.61746914
   1011.85510001       1.61858979
   1013.14542176       1.61965153
   1014.41110838       1.62066368
   1015.64448173       1.62163537
   1016.87133533       1.62257601
   1018.09087094       1.62349477
   1019.31824206       1.62440066
   1020.59663024       1.62530419
   1021.84450205       1.62621543
   1023.09529936       1.62714593
   1024.33608948       1.62810627
   1025.62444562       1.62910785
   1026.87845577       1.63016335
   1028.17734607       1.63128472
   1029.41447908       1.63248425
   1030.68510076       1.63377451
   1031.94704000       1.63516769
   1033.19435365       1.63667455
   1034.94923909       1.63830507
   1036.21031675       1.64006673
   1037.46934042       1.64196561
   1038.69908171       1.64400605
   1039.98658478       1.64619097
   1041.22755307       1.64852108
   1042.46203754       1.65099463
   1043.66594183       1.65360815
   1044.91861920       1.65635539
   1046.17564748       1.65922993
   1047.40664026       1.66222130
   1048.66906630       1.66531763
   1049.91600091       1.66850526
   1051.14713878       1.67176861
   1052.41938012       1.67509064
   1053.64307191       1.67845214
   1054.83790291       1.68183284
   1056.03641322       1.68521227
   1057.29162807       1.68857022
   1058.51908804       1.69188577
   1059.75383056       1.69513806
   1060.98502136       1.69830602
   1062.19952124       1.70137024
   1063.43017751       1.70431163
   1064.64201231       1.70711364
   1065.89738454       1.70976133
   1067.10933371       1.71224252
   1068.34738029       1.71454810
   1069.57946103       1.71667135
   1070.82276027       1.71860981
   1072.03954903       1.72036258
   1073.33283693       1.72193348
   1074.58255761       1.72332976
   1075.79187856       1.72456084
   1077.02791226       1.72563839
   1078.24066204       1.72657552
   1079.48071488       1.72738681
   1080.69453324       1.72808810
   1081.95216978       1.72869640
   1083.16118636       1.72922957
   1084.39883547       1.72970674
   1085.63590705       1.73014649
   1086.85223642       1.73056732
   1088.12294459       1.73098702
   1089.38623079       1.73142276
   1090.60506834       1.73189204
   1091.84061194       1.73241200
   1093.07273002       1.73299907
   1094.28610649       1.73366650
   1095.48937558       1.73442734
   1096.70461463       1.73529201
   1097.96251631       1.73626979
   1099.23723179       1.73736776
   1100.52796709       1.73859060
   1101.73544388       1.73994067
   1103.02670567       1.74141965
   1104.24441840       1.74302629
   1105.47823742       1.74475676
   1106.70157145       1.74660486
   1107.89935015       1.74856269
   1109.15862714       1.75062090
   1110.36954411       1.75276741
   1111.63224190       1.75498902
   1112.88455914       1.75726990
   1114.16016457       1.75959411
   1115.36828365       1.76194615
   1116.58673271       1.76431100
   1117.83073898       1.76667366
   1119.06909324       1.76901842
   1120.31510955       1.77133151
   1121.50132569       1.77359890
   1122.75620924       1.77580642
   1123.97123797       1.77793985
   1125.20617426       1.77998594
   1126.44651540       1.78193282
   1127.67838913       1.78377070
   1128.86970858       1.78549173
   1130.10041307       1.78709017
   1131.32387375       1.78856174
   1132.58967002       1.78990399
   1133.80308713       1.79111761
   1135.05658875       1.79220594
   1136.29735713       1.79317553
   1137.51510341       1.79403561
   1138.74477617       1.79479706
   1139.95886062       1.79547225
   1141.24961340       1.79607533
   1142.48530871       1.79662230
   1143.70014226       1.79713004
   1144.92797229       1.79761794
   1146.16280507       1.79810501
   1147.38071819       1.79861051
   1148.57820718       1.79915287
   1149.84815869       1.79975063
   1151.10917916       1.80041879
   1152.35424788       1.80117061
   1153.57289638       1.80201709
   1154.81002136       1.80296698
   1156.02448816       1.80402586
   1157.26490160       1.80519580
   1158.47900164       1.80647715
   1159.69767520       1.80786799
   1160.93950508       1.80936573
   1162.15289572       1.81096612
   1163.40756470       1.81266202
   1164.64071686       1.81444341
   1165.85688177       1.81629836
   1167.06629629       1.81821329
   1168.30321237       1.82017212
   1169.52847468       1.82215766
   1170.74275526       1.82415116
   1171.98412481       1.82613401
   1173.23850975       1.82808824
   1174.49914551       1.82999763
   1175.75364057       1.83184598
   1177.00860162       1.83361748
   1178.21987731       1.83529732
   1179.43333696       1.83687355
   1180.70453476       1.83833559
   1181.99929438       1.83967517
   1183.24613541       1.84088643
   1184.46316001       1.84196573
   1185.69336919       1.84291279
   1186.92882772       1.84373037
   1188.18731592       1.84442393
   1189.43725164       1.84500109
   1190.64907036       1.84547210
   1191.88996777       1.84584850
   1193.14472796       1.84614108
   1194.37708660       1.84636054
   1195.60338488       1.84651650
   1196.83254343       1.84661961
   1198.09246318       1.84667951
   1199.37320784       1.84670660
   1200.60841447       1.84671105
   1201.80763796       1.84670228
   1203.04163043       1.84668912
   1204.26454241       1.84668005
   1205.46570789       1.84668376
   1206.73623268       1.84670674
   1207.95515388       1.84675500
   1209.22064200       1.84683320
   1210.47751007       1.84694389
   1211.72213878       1.84708869
   1212.94031183       1.84726836
   1214.19093663       1.84748282
   1215.40587982       1.84773229
   1216.66508450       1.84801666
   1217.90956198       1.84833446
   1219.12939770       1.84868492
   1220.35776178       1.84906733
   1221.62408501       1.84948050
   1222.87672505       1.84992175
   1224.13522506       1.85038918
   1225.39026079       1.85088234
   1226.60704199       1.85140204
   1227.81454147       1.85194929
   1229.04564058       1.85252782
   1230.23772095       1.85314268
   1231.49803675       1.85380031
   1232.70972598       1.85450839
   1233.96521211       1.85527418
   1235.16153515       1.85610465
   1236.39384322       1.85700651
   1237.64335596       1.85798560
   1238.83942946       1.85904680
   1240.11590969       1.86019432
   1241.34534945       1.86143212
   1242.54404645       1.86276427
   1243.77650765       1.86419654
   1245.00579144       1.86573363
   1246.28069692       1.86737920
   1247.50229739       1.86913507
   1248.78165208       1.87100122
   1249.96511664       1.87297655
   1251.20425969       1.87505778
   1252.41735212       1.87723949
   1253.67398907       1.87951405
   1254.88242433       1.88187395
   1256.12295924       1.88430986
   1257.35020984       1.88681099
   1258.60388207       1.88936617
   1259.81835312       1.89196307
   1261.07962692       1.89458862
   1262.27451651       1.89722879
   1263.48679556       1.89986753
   1264.77124459       1.90248775
   1265.98036892       1.90507295
   1267.23077254       1.90760677
   1268.56120668       1.91007378
   1270.17106547       1.91245946
   1271.80857090       1.91475143
   1273.98912604       1.91693921
   1275.64711468       1.91901350
   1277.49991776       1.92096733
   1279.01843583       1.92279603
   1280.31380749       1.92449598
   1281.97138307       1.92606469
   1283.41945857       1.92750196
   1285.30266225       1.92880868
   1286.96759504       1.92998747
   1288.21971804       1.93104346
   1289.43554171       1.93198381
   1290.69090119       1.93281830
   1291.95087859       1.93355847
   1293.25314621       1.93421768
   1294.49239891       1.93481126
   1295.70719464       1.93535562
   1296.92579021       1.93586635
   1298.17814479       1.93635787
   1299.35990888       1.93684455
   1300.59920033       1.93734097
   1301.88463193       1.93786171
   1303.16521400       1.93841998
   1304.40789979       1.93902878
   1305.67174225       1.93970036
   1306.92328913       1.94044610
   1308.21201628       1.94127460
   1309.39567792       1.94219300
   1310.61653875       1.94320638
   1311.86881581       1.94431696
   1313.12203291       1.94552489
   1314.36833233       1.94682743
   1315.61186079       1.94822006
   1316.83077774       1.94969598
   1318.06518659       1.95124732
   1319.29867762       1.95286523
   1320.55006239       1.95453927
   1321.76849112       1.95625686
   1322.96368225       1.95800499
   1324.20318780       1.95977002
   1325.42027572       1.96153795
   1326.62613948       1.96329512
   1327.84792805       1.96502733
   1329.11388878       1.96672065
   1330.39340511       1.96836166
   1331.69066535       1.96993926
   1332.93613296       1.97144207
   1334.10522478       1.97286047
   1335.59690909       1.97418728
   1336.74690625       1.97541697
   1337.88474016       1.97654631
   1339.06951009       1.97757394
   1340.21943588       1.97850013
   1341.40159461       1.97932687
   1342.51803080       1.98005756
   1343.63927775       1.98069795
   1344.78525058       1.98125603
   1345.88532384       1.98174318
   1347.01013290       1.98217292
   1348.15877885       1.98255995
   1349.31021892       1.98291954
   1350.43176173       1.98326884
   1351.53014065       1.98362482
   1352.69604845       1.98400387
   1353.89678290       1.98442132
   1355.13457474       1.98489244
   1356.35347468       1.98543077
   1357.53934108       1.98604754
   1358.72422916       1.98675261
   1359.92709086       1.98755299
   1361.11353385       1.98845417
   1362.31289818       1.98945886
   1363.45445772       1.99056942
   1364.61525701       1.99178569
   1365.78718973       1.99310437
   1366.99285356       1.99452046
   1368.16207063       1.99602817
   1369.39744314       1.99762051
   1370.58143231       1.99928947
   1371.76859085       2.00102496
   1372.95190323       2.00281550
   1374.15113948       2.00464873
   1375.35454090       2.00651145
   1376.57064200       2.00839056
   1377.75547952       2.01027092
   1378.97578549       2.01213833
   1380.12558983       2.01397861
   1381.32958722       2.01577790
   1382.56290621       2.01752315
   1383.76100866       2.01920125
   1384.96628164       2.02080090
   1386.19656171       2.02231383
   1387.43185436       2.02373514
   1388.71548197       2.02506315
   1389.98562017       2.02629793
   1391.28476615       2.02744182
   1392.50663365       2.02849908
   1393.70339433       2.02947569
   1394.90367081       2.03037997
   1396.09159829       2.03122184
   1397.30536845       2.03201078
   1398.53903719       2.03275673
   1399.70959979       2.03347095
   1400.89494773       2.03416598
   1402.21175728       2.03485359
   1403.41231308       2.03554594
   1404.64418776       2.03625633
   1405.86885220       2.03699796
   1407.08796482       2.03778496
   1408.27340303       2.03863132
   1409.51692535       2.03955172
   1410.66668998       2.04055953
   1411.87147948       2.04166845
   1413.14074617       2.04289230
   1414.37414456       2.04424409
   1415.59658204       2.04573554
   1416.83140443       2.04737655
   1418.06411280       2.04917404
   1419.26645509       2.05113323
   1420.46635301       2.05325689
   1421.73710844       2.05554430
   1422.97225693       2.05799100
   1424.25733312       2.06058826
   1425.43046912       2.06332515
   1426.65301104       2.06618755
   1427.88868792       2.06915963
   1429.09085487       2.07222400
   1430.29150566       2.07536208
   1431.48661975       2.07855635
   1432.69526722       2.08178909
   1433.92910987       2.08504202
   1435.18112558       2.08829495
   1436.39924901       2.09152689
   1437.58518394       2.09471683
   1438.80056005       2.09784431
   1440.00191646       2.10088841
   1441.17129658       2.10382848
   1442.36750761       2.10664258
   1443.69821351       2.10930980
   1444.86973458       2.11181083
   1446.04149999       2.11412845
   1447.21577641       2.11624637
   1448.38839348       2.11814914
   1449.53935762       2.11982410
   1450.71934231       2.12126134
   1451.92108295       2.12245343
   1453.12921858       2.12339545
   1454.29046165       2.12408527
   1455.48201883       2.12452461
   1456.68208027       2.12471818
   1457.88288703       2.12467279
   1459.10189756       2.12439698
   1460.30034076       2.12390106
   1461.51844103       2.12319727
   1462.71574806       2.12229909
   1463.99199813       2.12122023
   1465.22995066       2.11997478
   1466.47783617       2.11857634
   1467.69286207       2.11703776
   1468.92442152       2.11537279
   1470.11234900       2.11359691
   1471.35514254       2.11172780
   1472.61077708       2.10978428
   1473.86266802       2.10778744
   1475.06501976       2.10575987
   1476.28416876       2.10372494
   1477.48515228       2.10170742
   1478.68509320       2.09973147
   1479.92061979       2.09781983
   1481.13542167       2.09599378
   1482.42484215       2.09427433
   1483.67823742       2.09268145
   1484.84354406       2.09123387
   1486.00603862       2.08994736
   1487.25360039       2.08883540
   1488.47686258       2.08790803
   1489.75568369       2.08717397
   1490.92778938       2.08663808
   1492.09902688       2.08630211
   1493.29676447       2.08616492
   1494.48232178       2.08622396
   1495.70015596       2.08647591
   1496.92209294       2.08691625
   1498.13574352       2.08753925
   1499.39462021       2.08833706
   1500.65301057       2.08930185
   1501.86990519       2.09042550
   1503.09380636       2.09169756
   1504.24002590       2.09310513
   1505.44318298       2.09463521
   1506.68578795       2.09627401
   1507.84910675       2.09800736
   1509.06695181       2.09982002
   1510.30414059       2.10169561
   1511.52853517       2.10361749
   1512.70248691       2.10556992
   1513.89020738       2.10753913
   1515.05989990       2.10951389
   1516.20980349       2.11148422
   1517.40519169       2.11344163
   1518.61009084       2.11537878
   1519.79379880       2.11729016
   1520.99694926       2.11917106
   1522.16576460       2.12101751
   1523.38975840       2.12282668
   1524.63261196       2.12459520
   1525.83434174       2.12632030
   1526.98900410       2.12800032
   1528.23340029       2.12963369
   1529.48499253       2.13121882
   1530.68434836       2.13275316
   1531.85850095       2.13423311
   1533.06648156       2.13565483
   1534.29266972       2.13701403
   1535.49291595       2.13830745
   1536.69649791       2.13953198
   1537.93336437       2.14068624
   1539.11873121       2.14177166
   1540.34053065       2.14279176
   1541.57164489       2.14375070
   1542.85450309       2.14465356
   1544.07187081       2.14550584
   1545.30699378       2.14631264
   1546.52399191       2.14708102
   1547.72256981       2.14781763
   1548.99244853       2.14852814
   1550.21049776       2.14921850
   1551.36650897       2.14989618
   1552.55209322       2.15056821
   1553.75203745       2.15124114
   1554.95758502       2.15192064
   1556.15417037       2.15261200
   1557.35775706       2.15332053
   1558.56101717       2.15405190
   1559.79151842       2.15481190
   1560.99600308       2.15560509
   1562.19671910       2.15643466
   1563.36758654       2.15730381
   1564.54951320       2.15821438
   1565.74987050       2.15916707
   1566.95320670       2.16016138
   1568.15937057       2.16119554
   1569.37612955       2.16226615
   1570.57495557       2.16336873
   1571.83741847       2.16449802
   1573.07375702       2.16564639
   1574.30572622       2.16680418
   1575.51116698       2.16796200
   1576.76393368       2.16910945
   1578.01058472       2.17023681
   1579.24958315       2.17133399
   1580.46518612       2.17239141
   1581.71691306       2.17340030
   1582.97312655       2.17435295
   1584.21932482       2.17524212
   1585.42150547       2.17606134
   1586.65557262       2.17680242
   1587.87064247       2.17745736
   1589.11209520       2.17801980
   1590.35975386       2.17848361
   1591.57857015       2.17884359
   1592.77599769       2.17909738
   1593.98138458       2.17924310
   1595.20773343       2.17927974
   1596.48376231       2.17920822
   1597.70237395       2.17903066
   1598.93830794       2.17874956
   1600.25456500       2.17836849
   1601.47130319       2.17789287
   1602.69446566       2.17733023
   1603.94888037       2.17668970
   1605.15231440       2.17598180
   1606.36463788       2.17521839
   1607.60000567       2.17441101
   1608.79644923       2.17357188
   1610.05224020       2.17271401
   1611.32275365       2.17184984
   1612.48766518       2.17099226
   1613.70254457       2.17015455
   1614.92905505       2.16934977
   1616.13086754       2.16859102
   1617.36185322       2.16789217
   1618.61724294       2.16726538
   1619.79816956       2.16672200
   1620.98191533       2.16627357
   1622.20005577       2.16593186
   1623.45658686       2.16570620
   1624.72248190       2.16560416
   1625.95707413       2.16563076
   1627.22161701       2.16578962
   1628.52693017       2.16608248
   1629.82826720       2.16650901
   1631.04942388       2.16706542
   1632.31309810       2.16774602
   1633.55025190       2.16854290
   1634.78207082       2.16944978
   1636.03584088       2.17045984
   1637.26124119       2.17156467
   1638.44330302       2.17275551
   1639.65787096       2.17402329
   1640.85896412       2.17535719
   1642.05988289       2.17674563
   1643.26060126       2.17817775
   1644.52688952       2.17964173
   1645.72386761       2.18112642
   1646.92903236       2.18262176
   1648.13025219       2.18411838
   1649.33771102       2.18560741
   1650.58231941       2.18707936
   1651.76863622       2.18852518
   1652.98677004       2.18993624
   1654.18718169       2.19130423
   1655.37760128       2.19262297
   1656.57803940       2.19388822
   1657.85793807       2.19509747
   1659.04430828       2.19625121
   1660.21319546       2.19735203
   1661.40351532       2.19840382
   1662.64598181       2.19941175
   1663.83403596       2.20038186
   1665.06535531       2.20131976
   1666.30169055       2.20223248
   1667.49313950       2.20312740
   1668.69108787       2.20401169
   1669.94500208       2.20489170
   1671.14645538       2.20577338
   1672.34422652       2.20666354
   1673.54402093       2.20756883
   1674.73407235       2.20849556
   1675.93107218       2.20944892
   1677.13295556       2.21043355
   1678.34194992       2.21145506
   1679.59122304       2.21251976
   1680.80565817       2.21363517
   1681.97942653       2.21480684
   1683.21133854       2.21603923
   1684.48522931       2.21733631
   1685.71276632       2.21870139
   1686.98761745       2.22013623
   1688.18574116       2.22164171
   1689.38787975       2.22321826
   1690.65235363       2.22486448
   1691.94975046       2.22657873
   1693.23695058       2.22835843
   1694.42993695       2.23019907
   1695.67338649       2.23209503
   1696.92147239       2.23403983
   1698.17584362       2.23602802
   1699.44303930       2.23805421
   1700.64502996       2.24011305
   1701.84323827       2.24220064
   1703.02758285       2.24431366
   1704.19682543       2.24644941
   1705.34661370       2.24860575
   1706.50167826       2.25077902
   1707.68404257       2.25296412
   1708.90191599       2.25515566
   1710.10510993       2.25734845
   1711.30493790       2.25953738
   1712.49279874       2.26171757
   1713.65631936       2.26388430
   1714.82474479       2.26603230
   1716.01273135       2.26815690
   1717.18026542       2.27025348
   1718.32815330       2.27231895
   1719.50265658       2.27434909
   1720.71890183       2.27633977
   1721.92082112       2.27828707
   1723.12358262       2.28018830
   1724.30547290       2.28204143
   1725.49274912       2.28384466
   1726.64249343       2.28559607
   1727.84285356       2.28729321
   1729.05147929       2.28893428
   1730.24317353       2.29051674
   1731.37769911       2.29203777
   1732.54770781       2.29349379
   1733.73038547       2.29488244
   1734.90499225       2.29620214
   1736.08335681       2.29745141
   1737.28564805       2.29862851
   1738.45473089       2.29973255
   1739.63913833       2.30076266
   1740.85629100       2.30171891
   1742.11013810       2.30260301
   1743.35834263       2.30341754
   1744.54486077       2.30416479
   1745.74288381       2.30484779
   1746.96252198       2.30547153
   1748.18017090       2.30604014
   1749.37900212       2.30655685
   1750.58343290       2.30702373
   1751.81020190       2.30744160
   1753.00385135       2.30781134
   1754.15265327       2.30813412
   1755.30553292       2.30841108
   1756.48732820       2.30864315
   1757.62466066       2.30883044
   1758.77256602       2.30897305
   1759.91337883       2.30906977
   1761.05460518       2.30911977
   1762.20979120       2.30912128
   1763.36479904       2.30907265
   1764.51490444       2.30897030
   1765.67669055       2.30881132
   1766.79083738       2.30859297
   1768.04704567       2.30831232
   1769.21754967       2.30796593
   1770.39930431       2.30755140
   1771.58202166       2.30706640
   1772.77006446       2.30650906
   1773.97312324       2.30587789
   1775.13700635       2.30517172
   1776.32248899       2.30439146
   1777.52628930       2.30354026
   1778.69343819       2.30262402
   1779.82377356       2.30164875
   1780.99244286       2.30062119
   1782.12799072       2.29954960
   1783.29337628       2.29844505
   1784.51441670       2.29731922
   1785.68302219       2.29618505
   1786.83997864       2.29505693
   1788.03617266       2.29394851
   1789.18728992       2.29287306
   1790.38656871       2.29184408
   1791.53580071       2.29087435
   1792.68873991       2.28997429
   1793.83978865       2.28915376
   1795.00641908       2.28842172
   1796.22764713       2.28778667
   1797.42404059       2.28725597
   1798.54349301       2.28683515
   1799.70004962       2.28652994
   1800.86118353       2.28634526
   1801.99982560       2.28628378
   1803.18152494       2.28634645
   1804.40298457       2.28653239
   1805.58244655       2.28683932
   1806.76830633       2.28726379
   1807.88411063       2.28780076
   1809.05288958       2.28844367
   1810.20897263       2.28918631
   1811.35910543       2.29002127
   1812.51371959       2.29093995
   1813.69178167       2.29193324
   1814.86385712       2.29299161
   1815.99396705       2.29410343
   1817.18300613       2.29525743
   1818.31628873       2.29644273
   1819.49997684       2.29764933
   1820.80076375       2.29886775
   1822.00616859       2.30008946
   1823.19372412       2.30130602
   1824.47449099       2.30250848
   1825.80931622       2.30368943
   1827.01638656       2.30484288
   1828.23964686       2.30596279
   1829.49817097       2.30704233
   1830.69843186       2.30807549
   1831.92096527       2.30905620
   1833.11746224       2.30997702
   1834.34019179       2.31083198
   1835.56142220       2.31161669
   1836.86025531       2.31232745
   1838.02683281       2.31296124
   1839.22858102       2.31351706
   1840.43343951       2.31399434
   1841.63411819       2.31439465
   1842.78955517       2.31472079
   1843.98458514       2.31497745
   1845.18711694       2.31517259
   1846.35195852       2.31531395
   1847.55732225       2.31540973
   1848.87588946       2.31546937
   1850.06160368       2.31550441
   1851.29430402       2.31552678
   1852.55846976       2.31554960
   1853.77590175       2.31558505
   1854.97836456       2.31564608
   1856.18398113       2.31574531
   1857.41727744       2.31589365
   1858.60536325       2.31610063
   1859.78514330       2.31637459
   1860.99222262       2.31672271
   1862.24062045       2.31715133
   1863.47232404       2.31766694
   1864.67222574       2.31827474
   1865.89554748       2.31897889
   1867.11882715       2.31978139
   1868.29034444       2.32068350
   1869.45878169       2.32168480
   1870.63285205       2.32278298
   1871.85537696       2.32397400
   1873.05860162       2.32525206
   1874.25571110       2.32660898
   1875.44530644       2.32803531
   1876.64999338       2.32952097
   1877.85014935       2.33105344
   1879.05269675       2.33261933
   1880.23499253       2.33420613
   1881.43459648       2.33580042
   1882.62535257       2.33738738
   1883.85919145       2.33895194
   1885.05962673       2.34048021
   1886.25980018       2.34195826
   1887.97822466       2.34337557
   1889.27895816       2.34472261
   1890.52090478       2.34599197
   1891.90310036       2.34717867
   1893.16715693       2.34827864
   1894.38608806       2.34929021
   1895.65977986       2.35021341
   1896.87105318       2.35105010
   1898.11965943       2.35180243
   1899.33815717       2.35247430
   1900.52137314       2.35307115
   1901.76073312       2.35360100
   1902.96184613       2.35407194
   1904.18081318       2.35449338
   1905.39772908       2.35487615
   1906.56679916       2.35523220
   1907.78215542       2.35557484
   1909.03195644       2.35591767
   1910.27031259       2.35627476
   1911.53349056       2.35665991
   1912.70570921       2.35708704
   1913.93623977       2.35756837
   1915.12778702       2.35811645
   1916.34973108       2.35874247
   1917.60003403       2.35945513
   1918.81847080       2.36026213
   1920.00065552       2.36116914
   1921.19824990       2.36217930
   1922.42295877       2.36329242
   1923.67413180       2.36450587
   1924.84117908       2.36581343
   1926.02953806       2.36720691
   1927.25920232       2.36867544
   1928.49298259       2.37020528
   1929.69579135       2.37178036
   1930.99669027       2.37338447
   1932.19379549       2.37500191
   1933.50427671       2.37661671
   1934.70362450       2.37821434
   1935.89401715       2.37977886
   1937.10895089       2.38129533
   1938.31200966       2.38274941
   1939.54734673       2.38412717
   1940.79650122       2.38541572
   1941.97390164       2.38660350
   1943.16940800       2.38768122
   1944.37482939       2.38864228
   1945.62837212       2.38948252
   1946.84504934       2.39019966
   1948.04683867       2.39079334
   1949.21658270       2.39126459
   1950.41995245       2.39161816
   1951.68314224       2.39186075
   1952.89765062       2.39200143
   1954.10267832       2.39205205
   1955.25724710       2.39202626
   1956.45934174       2.39194039
   1957.62788202       2.39181273
   1958.77758899       2.39166408
   1959.95025332       2.39151538
   1961.12947568       2.39139023
   1962.29386355       2.39131176
   1963.48371647       2.39130202
   1964.69701543       2.39138356
   1965.89727867       2.39157595
   1967.09932321       2.39189703
   1968.31333110       2.39236212
   1969.51798590       2.39298492
   1970.71800433       2.39377574
   1972.00996276       2.39474220
   1973.28228208       2.39588898
   1974.52504679       2.39721816
   1975.76132059       2.39872919
   1977.01253426       2.40041968
   1978.25007184       2.40228416
   1979.44927501       2.40431198
   1980.68506673       2.40648920
   1981.91536996       2.40879751
   1983.12229994       2.41121651
   1984.33535078       2.41372313
   1985.57630678       2.41629204
   1986.73923332       2.41889624
   1987.92331748       2.42150682
   1989.12471927       2.42409406
   1990.29807172       2.42662577
   1991.52979422       2.42906762
   1992.83167193       2.43138570
   1994.08163270       2.43354811
   1995.33288277       2.43552431
   1996.56856627       2.43728605
   1997.75311785       2.43880727
   1998.96010312       2.44006610
   2000.24274297       2.44104455
   2001.49460886       2.44172873
   2002.67586158       2.44210991
   2003.87877337       2.44218385
   2005.08308033       2.44195035
   2006.25373556       2.44141183
   2007.45852080       2.44057598
   2008.70052649       2.43945297
   2009.95629194       2.43805679
   2011.14119043       2.43640604
   2012.32755733       2.43452116
   2013.52999745       2.43242704
   2014.78785281       2.43015097
   2016.01651275       2.42772243
   2017.23720580       2.42517279
   2018.43643874       2.42253592
   2019.67030834       2.41984637
   2020.90395202       2.41713900
   2022.10646823       2.41444839
   2023.36555145       2.41180859
   2024.61044814       2.40925204
   2025.87527459       2.40680834
   2027.07657429       2.40450721
   2028.27893595       2.40237614
   2029.42800537       2.40044146
   2030.63157788       2.39872664
   2031.78119742       2.39725137
   2033.03240968       2.39603157
   2034.24781509       2.39507798
   2035.47006257       2.39439830
   2036.67196391       2.39399454
   2037.93736412       2.39386715
   2039.15790640       2.39401528
   2040.41174830       2.39443513
   2041.59842855       2.39511913
   2042.77619619       2.39605707
   2044.07699681       2.39723727
   2045.37830879       2.39864523
   2046.56572537       2.40026339
   2047.76349415       2.40207207
   2048.96766452       2.40404928
   2050.18340218       2.40616995
   2051.37303675       2.40840732
   2052.57185852       2.41073395
   2053.79772671       2.41312343
   2055.06143165       2.41554902
   2056.26177997       2.41798451
   2057.46179982       2.42040459
   2058.68743643       2.42278352
   2059.88501238       2.42509836
   2061.08797663       2.42732627
   2062.30749050       2.42944712
   2063.51148600       2.43144387
   2064.74387725       2.43330133
   2065.91364775       2.43500556
   2067.14877498       2.43654578
   2068.34869274       2.43791410
   2069.49679235       2.43910562
   2070.74226090       2.44011820
   2071.93894503       2.44095189
   2073.20444590       2.44161043
   2074.47493100       2.44209878
   2075.70308808       2.44242374
   2076.96566110       2.44259274
   2078.16393274       2.44261486
   2079.48241488       2.44250153
   2080.64532204       2.44226597
   2081.82814148       2.44192494
   2083.04812088       2.44149601
   2084.31954884       2.44100005
   2085.57234626       2.44045796
   2086.77250789       2.43988955
   2087.97174367       2.43931359
   2089.16940327       2.43874838
   2090.35571488       2.43821164
   2091.57400420       2.43771864
   2092.72971341       2.43728356
   2093.96232868       2.43691970
   2095.21708367       2.43663856
   2096.41002562       2.43644975
   2097.63453788       2.43636305
   2098.90609061       2.43638723
   2100.10645972       2.43652943
   2101.30965650       2.43679407
   2102.53987655       2.43718353
   2103.77411006       2.43769919
   2105.02866845       2.43834034
   2106.24681504       2.43910659
   2107.46425837       2.43999421
   2108.67950923       2.44099951
   2109.94986200       2.44211604
   2111.12143883       2.44333478
   2112.34150283       2.44464596
   2113.57899550       2.44603922
   2114.77809375       2.44750303
   2115.97904607       2.44902476
   2117.14991493       2.45059098
   2118.38769779       2.45218677
   2119.73795678       2.45379677
   2121.00599467       2.45540491
   2122.20196561       2.45699674
   2123.57709795       2.45856003
   2125.18366779       2.46008481
   2126.69786661       2.46156271
   2128.12925449       2.46298635
   2129.42302257       2.46434946
   2130.80825330       2.46564538
   2132.12035229       2.46686837
   2133.31187780       2.46801285
   2134.51094675       2.46907426
   2135.72561629       2.47004971
   2136.92617492       2.47093868
   2138.21361608       2.47174254
   2139.38489328       2.47246376
   2140.65009263       2.47310684
   2141.83866146       2.47367921
   2143.10421479       2.47418936
   2144.33899040       2.47464761
   2145.76325595       2.47506703
   2147.60965792       2.47546108
   2149.17403208       2.47584364
   2150.92722697       2.47622933
   2152.34899474       2.47663394
   2153.56535531       2.47707243
   2154.85499839       2.47755777
   2156.31429476       2.47810130
   2157.46262359       2.47871036
   2158.77004225       2.47939125
   2159.97439647       2.48014786
   2161.29824896       2.48098350
   2162.62746281       2.48190073
   2163.93891525       2.48290011
   2165.11547110       2.48398030
   2166.25231866       2.48513763
   2167.41841125       2.48636690
   2168.66571781       2.48766098
   2169.83326181       2.48901227
   2170.95333762       2.49041333
   2172.15408955       2.49185722
   2173.33522033       2.49333556
   2174.55828970       2.49483728
   2175.72468713       2.49634974
   2176.94256716       2.49785883
   2178.14392026       2.49934930
   2179.36404569       2.50080595
   2180.55394446       2.50221431
   2181.79977173       2.50356111
   2182.97090147       2.50483421
   2184.14899947       2.50602270
   2185.34934684       2.50711714
   2186.55327098       2.50810976
   2187.75441755       2.50899399
   2189.01856863       2.50976524
   2190.25371051       2.51042175
   2191.46823497       2.51096128
   2192.82950309       2.51138339
   2194.07213547       2.51168941
   2195.36794336       2.51188012
   2196.63328970       2.51195738
   2197.82101726       2.51192282
   2199.04338620       2.51177653
   2200.57918266       2.51151657
   2201.83408227       2.51114082
   2203.39170558       2.51064755
   2204.53607010       2.51003637
   2205.95863376       2.50930980
   2207.14564767       2.50847317
   2208.42854462       2.50753309
   2209.54685852       2.50649714
   2210.69898576       2.50537363
   2211.83227593       2.50417181
   2212.99250005       2.50290185
   2214.14387158       2.50157588
   2215.27582377       2.50020717
   2216.44560986       2.49880999
   2217.62443050       2.49739881
   2218.79698801       2.49598734
   2219.94893236       2.49458766
   2221.12921810       2.49321058
   2222.41325642       2.49186738
   2223.58519529       2.49056880
   2224.75411271       2.48932544
   2225.98551619       2.48814889
   2227.24106046       2.48705034
   2228.43914022       2.48604089
   2229.62287370       2.48513077
   2230.83957408       2.48432994
   2232.04573889       2.48364774
   2233.24597142       2.48309206
   2234.42552035       2.48266839
   2235.62929608       2.48238106
   2236.89924996       2.48223316
   2238.10130111       2.48222440
   2239.27123277       2.48235409
   2240.47263408       2.48261976
   2241.70440857       2.48301637
   2242.85233709       2.48353848
   2244.06347524       2.48417826
   2245.30577679       2.48492700
   2246.51595034       2.48577664
   2247.71249504       2.48672047
   2248.85969809       2.48775343
   2250.05737755       2.48887219
   2251.29975755       2.49007351
   2252.51426262       2.49135409
   2253.71343035       2.49270882
   2254.88805509       2.49413315
   2256.07719672       2.49562249
   2257.32682099       2.49717191
   2258.51247235       2.49877609
   2259.74464573       2.50042942
   2260.94423171       2.50212502
   2262.35405363       2.50385414
   2263.54390325       2.50560718
   2264.98223954       2.50737332
   2266.15966406       2.50914062
   2267.56688186       2.51089830
   2268.93670624       2.51263659
   2270.52807626       2.51434592
   2271.86691258       2.51601829
   2273.12134620       2.51764750
   2274.53059058       2.51922709
   2276.36756101       2.52075136
   2277.55270478       2.52221533
   2279.17040617       2.52361525
   2280.56179037       2.52494755
   2281.73961472       2.52620918
   2282.85769892       2.52739849
   2284.04176087       2.52851638
   2285.67166144       2.52956533
   2287.13247396       2.53054871
   2288.35767340       2.53147218
   2289.94957275       2.53234323
   2291.10723198       2.53317073
   2292.29313997       2.53396528
   2293.74756981       2.53473769
   2295.14634667       2.53549976
   2296.53416734       2.53626492
   2297.68346315       2.53704693
   2298.84393302       2.53785821
   2299.99666380       2.53870893
   2301.17461813       2.53960578
   2302.33370465       2.54055409
   2303.48173857       2.54155734
   2304.66656805       2.54261832
   2305.86338734       2.54373681
   2307.07580345       2.54491001
   2308.26668289       2.54613282
   2309.45490198       2.54739819
   2310.67047659       2.54869702
   2311.83275280       2.55001834
   2313.04410505       2.55135091
   2314.18917094       2.55268193
   2315.38986190       2.55399939
   2316.59326899       2.55529257
   2317.77936272       2.55654947
   2319.03217716       2.55775783
   2320.22063397       2.55890607
   2321.45039794       2.55998245
   2322.68231138       2.56097461
   2323.85226336       2.56187137
   2325.00211118       2.56266279
   2326.18623740       2.56334088
   2327.39242632       2.56389928
   2328.60481171       2.56433389
   2329.87550003       2.56464304
   2331.10807702       2.56482678
   2332.36421962       2.56488612
   2333.59555221       2.56482397
   2334.79754759       2.56464545
   2335.99786377       2.56435792
   2337.24079815       2.56396898
   2338.50810632       2.56348730
   2339.77885419       2.56292237
   2341.06260185       2.56228481
   2342.33237802       2.56158610
   2343.60111821       2.56083612
   2344.87445413       2.56004335
   2346.12418426       2.55921641
   2347.40375116       2.55836392
   2348.68588720       2.55749658
   2349.96706524       2.55662516
   2351.22353914       2.55576003
   2352.50357109       2.55491020
   2353.78359501       2.55408463
   2355.05014604       2.55329203
   2356.31762576       2.55254106
   2357.64163610       2.55183952
   2358.93286292       2.55119463
   2360.25480131       2.55061299
   2361.52140575       2.55010043
   2362.75203650       2.54966196
   2364.05257434       2.54929975
   2365.24267917       2.54901354
   2366.46435337       2.54880153
   2367.67643203       2.54866070
   2368.87882158       2.54858623
   2370.07873603       2.54857100
   2371.29579844       2.54860797
   2372.48949562       2.54869001
   2373.68625347       2.54881031
   2374.90190606       2.54896080
   2376.11441859       2.54913231
   2377.34504934       2.54931552
   2378.56157438       2.54950034
   2379.76731053       2.54967773
   2380.98498497       2.54984045
   2382.19543169       2.54998215
   2383.41383916       2.55009727
   2384.61900060       2.55018021
   2385.82172382       2.55022722
   2387.00222366       2.55023602
   2388.17676286       2.55020491
   2389.42329102       2.55013282
   2390.67036836       2.55001929
   2391.84277842       2.54986612
   2393.04600403       2.54967762
   2394.32444042       2.54946003
   2395.58445469       2.54922189
   2396.83387149       2.54897182
   2398.05369822       2.54871902
   2399.28309970       2.54847322
   2400.51680766       2.54824524
   2401.71716733       2.54804619
   2402.89063699       2.54788610
   2404.08983496       2.54777450
   2405.34197119       2.54772123
   2406.59368112       2.54773461
   2407.76256782       2.54782176
   2409.06100535       2.54798621
   2410.31803599       2.54823006
   2411.49912471       2.54855412
   2412.70193017       2.54895674
   2413.89762274       2.54943446
   2415.08317674       2.54998151
   2416.25615394       2.55059071
   2417.45576734       2.55125604
   2418.68981511       2.55196870
   2419.85575931       2.55271782
   2421.03008488       2.55349040
   2422.29263238       2.55427282
   2423.49246318       2.55505159
   2424.74890069       2.55581240
   2425.93608995       2.55654201
   2427.15034454       2.55722726
   2428.33515748       2.55785482
   2429.51548386       2.55841172
   2430.76142503       2.55888507
   2431.97317334       2.55926376
   2433.22053850       2.55953704
   2434.42335860       2.55969445
   2435.65596395       2.55972815
   2436.89463816       2.55963222
   2438.05977182       2.55940386
   2439.24573983       2.55904330
   2440.44545201       2.55855279
   2441.61565448       2.55793692
   2442.86149782       2.55720192
   2444.04883122       2.55635595
   2445.22023130       2.55540923
   2446.45066214       2.55437419
   2447.70403993       2.55326467
   2448.91065750       2.55209616
   2450.07533509       2.55088835
   2451.25871647       2.54966221
   2452.45961728       2.54843735
   2453.62017789       2.54723415
   2454.80379747       2.54607247
   2456.08453457       2.54497381
   2457.30072830       2.54395857
   2458.48502562       2.54304648
   2459.71003507       2.54225725
   2460.90464251       2.54161005
   2462.10747443       2.54112307
   2463.34931329       2.54081314
   2464.61395022       2.54069214
   2465.81407878       2.54077166
   2466.97123703       2.54106125
   2468.15784071       2.54156782
   2469.35806993       2.54229470
   2470.56371675       2.54324164
   2471.74456302       2.54440577
   2472.92765327       2.54578096
   2474.12024548       2.54735822
   2475.27888585       2.54912515
   2476.49729285       2.55106554
   2477.72990860       2.55316087
   2478.93004849       2.55538898
   2480.15395202       2.55772615
   2481.37156644       2.56014789
   2482.59013271       2.56262753
   2483.72770573       2.56513853
   2484.92379719       2.56765373
   2486.13014963       2.57014454
   2487.33003620       2.57258246
   2488.53015341       2.57493889
   2489.74606830       2.57718701
   2490.91306312       2.57930289
   2492.09706080       2.58126522
   2493.31676182       2.58305556
   2494.51595223       2.58465950
   2495.73824224       2.58606737
   2496.93903955       2.58727087
   2498.17198187       2.58826482
   2499.37329291       2.58904941
   2500.57823979       2.58962877
   2501.74792805       2.59001192
   2502.93161238       2.59021135
   2504.11196145       2.59024417
   2505.33407755       2.59013110
   2506.55306775       2.58989491
   2507.72713670       2.58956084
   2508.91662193       2.58915636
   2510.12590931       2.58870904
   2511.32512099       2.58824885
   2512.56301161       2.58780348
   2513.76298845       2.58739928
   2514.98158922       2.58706128
   2516.20080439       2.58681342
   2517.37047848       2.58667841
   2518.55415052       2.58667789
   2519.77411999       2.58683060
   2520.95731138       2.58715112
   2522.15894900       2.58764964
   2523.35481596       2.58833381
   2524.61065420       2.58920762
   2525.85614638       2.59027252
   2527.16441953       2.59152600
   2528.41924920       2.59296135
   2529.65010398       2.59456905
   2531.26897225       2.59633561
   2532.86465111       2.59824360
   2534.21472390       2.60027377
   2535.66939997       2.60240512
   2536.89133883       2.60461647
   2538.28170454       2.60688515
   2539.60545447       2.60918724
   2541.00778967       2.61149902
   2542.37025162       2.61379819
   2543.57772794       2.61606377
   2544.83241441       2.61827433
   2546.03531108       2.62041004
   2547.23776348       2.62245293
   2548.53746101       2.62438571
   2549.87552697       2.62619317
   2551.12672978       2.62786183
   2552.36225259       2.62938053
   2553.66305131       2.63073964
   2554.93451992       2.63193169
   2556.13339792       2.63295235
   2557.32218179       2.63379815
   2558.55503431       2.63446618
   2559.77040239       2.63495640
   2560.98658100       2.63527038
   2562.15531977       2.63541337
   2563.39010530       2.63539430
   2564.59157939       2.63522494
   2565.76616680       2.63491957
   2566.96719143       2.63449456
   2568.14594731       2.63396582
   2569.33579031       2.63334976
   2570.56592009       2.63266358
   2571.73641322       2.63192648
   2572.98534700       2.63115644
   2574.25101707       2.63037026
   2575.42554398       2.62958283
   2576.67128098       2.62880718
   2577.87262794       2.62805478
   2579.07475424       2.62733476
   2580.30903265       2.62665419
   2581.60791491       2.62601848
   2582.81530711       2.62542945
   2584.06939571       2.62488682
   2585.26776566       2.62438760
   2586.45938002       2.62392782
   2587.65640254       2.62350253
   2588.87449855       2.62310572
   2590.05823204       2.62272891
   2591.29189321       2.62236113
   2592.46454430       2.62198974
   2593.62469091       2.62160088
   2594.82545986       2.62117942
   2596.04548037       2.62071227
   2597.30069333       2.62018736
   2598.46982579       2.61959339
   2599.67349188       2.61891991
   2600.85013139       2.61815836
   2602.05096792       2.61730127
   2603.27590601       2.61634245
   2604.54041534       2.61527944
   2605.75957710       2.61411409
   2606.96621642       2.61285160
   2608.21831767       2.61150055
   2609.41879880       2.61007284
   2610.62284156       2.60858158
   2611.83587396       2.60704176
   2613.00711761       2.60547075
   2614.24285735       2.60388632
   2615.44487778       2.60230767
   2616.67307125       2.60075450
   2617.82882111       2.59924607
   2619.01603872       2.59779949
   2620.24495482       2.59643185
   2621.48188886       2.59515967
   2622.66336040       2.59399797
   2623.85862809       2.59295991
   2625.08973666       2.59205736
   2626.35848489       2.59129990
   2627.53917235       2.59069480
   2628.72635546       2.59024739
   2629.92698263       2.58996397
   2631.13003620       2.58985020
   2632.36291236       2.58991057
   2633.56480424       2.59014762
   2634.79838696       2.59056223
   2635.97167231       2.59115292
   2637.16915373       2.59191680
   2638.37033527       2.59284930
   2639.59234219       2.59394555
   2640.76420307       2.59520020
   2641.97994026       2.59660890
   2643.14745543       2.59816492
   2644.40555703       2.59985989
   2645.67495463       2.60168486
   2646.84021022       2.60363050
   2648.12227347       2.60568687
   2649.31713046       2.60784431
   2650.52496550       2.61009351
   2651.73173999       2.61242487
   2652.92937832       2.61482836
   2654.14622616       2.61729366
   2655.34975282       2.61981203
   2656.59217016       2.62237062
   2657.84068425       2.62495747
   2659.03606963       2.62756106
   2660.21037819       2.63016943
   2661.44192062       2.63277116
   2662.62934098       2.63535517
   2663.84499499       2.63791085
   2665.01589410       2.64042864
   2666.24706836       2.64290060
   2667.51630764       2.64531938
   2668.73440696       2.64767831
   2669.92679358       2.64997193
   2671.15283901       2.65219661
   2672.34997401       2.65434970
   2673.56769382       2.65643060
   2674.83711694       2.65844088
   2676.03270081       2.66038414
   2677.24767898       2.66226433
   2678.44698329       2.66406617
   2679.61508072       2.66583490
   2680.81380702       2.66757494
   2682.06842165       2.66929074
   2683.23328780       2.67098673
   2684.42074881       2.67266734
   2685.62037214       2.67433701
   2686.82926631       2.67600018
   2688.06030635       2.67766128
   2689.27971719       2.67932474
   2690.48169981       2.68099500
   2691.66565968       2.68267650
   2692.92175832       2.68437367
   2694.11204652       2.68609095
   2695.30714455       2.68783277
   2696.51405656       2.68960356
   2697.71607133       2.69140777
   2698.94854340       2.69324982
   2700.16481606       2.69513416
