      0.41918682       2.78286200
      1.64253597       2.78425198
      2.79914693       2.78552044
      3.97797701       2.78667029
      5.15587462       2.78770443
      6.34332713       2.78862579
      7.49722432       2.78943726
      8.67622455       2.79014177
      9.86981020       2.79074222
     11.04506541       2.79124153
     12.20743946       2.79164260
     13.35990085       2.79194835
     14.52522969       2.79216168
     15.70202044       2.79228552
     16.86420402       2.79232276
     18.02010275       2.79227633
     19.17204284       2.79214913
     20.33510738       2.79194407
     21.50101943       2.79166407
     22.66622871       2.79131203
     23.82966709       2.79088943
     25.00360039       2.79039954
     26.18292531       2.78984532
     27.36663232       2.78922947
     28.54244192       2.78855473
     29.69974526       2.78782422
     30.86714464       2.78704098
     32.04653052       2.78620815
     33.20425591       2.78532926
     34.38046345       2.78440826
     35.55095941       2.78344907
     36.70463920       2.78245579
     37.87873320       2.78143281
     39.03823232       2.78038413
     40.22003185       2.77931407
     41.39244002       2.77822682
     42.58241252       2.77712635
     43.75533584       2.77601631
     44.92679547       2.77490048
     46.10804913       2.77378259
     47.27369416       2.77266564
     48.44677959       2.77155334
     49.61298703       2.77044937
     50.77620470       2.76935719
     51.92636444       2.76827993
     53.07721988       2.76722126
     54.23671995       2.76618452
     55.38769070       2.76517279
     56.56406271       2.76418925
     57.74168478       2.76323678
     58.88957313       2.76231791
     60.05582264       2.76143520
     61.23915345       2.76059021
     62.42749542       2.75978376
     63.60646209       2.75901690
     64.78163648       2.75829035
     65.95249825       2.75760430
     67.12148137       2.75695773
     68.28974186       2.75634886
     69.46581753       2.75577557
     70.62539747       2.75523528
     71.78497741       2.75472535
     72.95926045       2.75424350
     74.14027261       2.75378747
     75.30234371       2.75335419
     76.46835028       2.75294085
     77.64293864       2.75254458
     78.82446736       2.75216227
     79.99836853       2.75179001
     81.16127947       2.75142415
     82.31167741       2.75106092
     83.47251876       2.75069619
     84.62874690       2.75032626
     85.81013006       2.74994681
     86.98019500       2.74955391
     88.14634478       2.74914419
     89.32784799       2.74871547
     90.51202762       2.74826561
     91.71051619       2.74779319
     92.87690843       2.74729770
     94.04891015       2.74677869
     95.20870985       2.74623656
     96.37290820       2.74567290
     97.53273862       2.74509071
     98.71196004       2.74449262
     99.89599646       2.74388222
    101.06617956       2.74326364
    102.22863726       2.74264099
    103.39371609       2.74201852
    104.54423928       2.74140068
    105.71328998       2.74079151
    106.89090213       2.74019532
    108.04837562       2.73961699
    109.24428654       2.73906061
    110.42408218       2.73852980
    111.57934760       2.73802829
    112.73677524       2.73756020
    113.92044870       2.73712989
    115.08202970       2.73674150
    116.26673961       2.73639876
    117.43587774       2.73610422
    118.61540210       2.73585921
    119.76628731       2.73566437
    120.92229947       2.73552028
    122.08975273       2.73542637
    123.27089722       2.73538155
    124.42965575       2.73538352
    125.61115092       2.73542960
    126.77428257       2.73551614
    127.94949194       2.73563838
    129.22184103       2.73579021
    130.44977929       2.73596501
    131.62144640       2.73615623
    132.77240439       2.73635657
    133.94390892       2.73655832
    135.11709171       2.73675277
    136.28352884       2.73693189
    137.44264798       2.73708780
    138.61259618       2.73721275
    139.77421404       2.73729989
    140.93929098       2.73734242
    142.11224597       2.73733328
    143.25949250       2.73726489
    144.43864775       2.73713102
    145.60742670       2.73692540
    146.76586338       2.73664234
    147.92828327       2.73627719
    149.10249211       2.73582645
    150.28031079       2.73528742
    151.44368064       2.73465844
    152.61939619       2.73393876
    153.80581555       2.73312825
    154.97391015       2.73222803
    156.13548831       2.73124068
    157.31055636       2.73016920
    158.48454213       2.72901681
    159.64289515       2.72778713
    160.80101093       2.72648407
    161.95579475       2.72511210
    163.11783797       2.72367735
    164.29070410       2.72218685
    165.46401308       2.72064775
    166.65604240       2.71906639
    167.84564862       2.71744927
    169.02854037       2.71580206
    170.20632975       2.71413050
    171.38122578       2.71243960
    172.56640594       2.71073346
    173.74243105       2.70901570
    174.92173375       2.70729017
    176.09575307       2.70555983
    177.26502968       2.70382679
    178.42503781       2.70209269
    179.59082273       2.70035886
    180.76945715       2.69862633
    181.92129894       2.69689521
    183.10336976       2.69516435
    184.27967560       2.69343186
    185.45937151       2.69169492
    186.64884209       2.68995086
    187.82691504       2.68819712
    189.00163242       2.68643167
    190.16666824       2.68465196
    191.33807305       2.68285598
    192.50724852       2.68104183
    193.67420411       2.67920774
    194.84596527       2.67735177
    196.03054616       2.67547206
    197.19155812       2.67356718
    198.37237131       2.67163673
    199.56275450       2.66968114
    200.74298117       2.66770151
    201.96067499       2.66569937
    203.14829527       2.66367718
    204.39524973       2.66163929
    205.56856674       2.65959121
    206.77594901       2.65753990
    207.93990207       2.65549345
    209.10063898       2.65345966
    210.27308448       2.65144649
    211.44685568       2.64946259
    212.62525852       2.64751777
    213.78370749       2.64562195
    214.94598559       2.64378555
    216.12157542       2.64201859
    217.28700541       2.64033066
    218.46751659       2.63873089
    219.63195219       2.63722749
    220.81119865       2.63582739
    221.98043178       2.63453658
    223.16063198       2.63335971
    224.34364992       2.63230014
    225.52414362       2.63135929
    226.66943636       2.63053738
    227.82651332       2.62983310
    228.99665907       2.62924466
    230.13716232       2.62876914
    231.31148695       2.62840231
    232.46832382       2.62813771
    233.64600497       2.62796711
    234.80263153       2.62788055
    235.97669386       2.62786679
    237.15119147       2.62791323
    238.34597520       2.62800628
    239.52020247       2.62813132
    240.72633042       2.62827317
    241.90717574       2.62841670
    243.10144762       2.62854678
    244.31151200       2.62864763
    245.48768597       2.62870373
    246.65726081       2.62870042
    247.83229862       2.62862410
    249.01235278       2.62846271
    250.20386931       2.62820472
    251.37516447       2.62784009
    252.54237480       2.62736017
    253.70694416       2.62675764
    254.88496276       2.62602750
    256.05348177       2.62516659
    257.24944515       2.62417284
    258.43896488       2.62304522
    259.61302815       2.62178395
    260.76743719       2.62039009
    261.94927217       2.61886566
    263.12545277       2.61721369
    264.30607454       2.61543824
    265.47358168       2.61354467
    266.64184264       2.61153959
    267.80417368       2.60943003
    268.96440677       2.60722415
    270.14143713       2.60493103
    271.30256347       2.60256102
    272.47833667       2.60012483
    273.65292266       2.59763331
    274.82445791       2.59509686
    276.10517704       2.59252550
    277.29347222       2.58992897
    278.45544171       2.58731739
    279.62759892       2.58470079
    280.78878906       2.58208881
    281.97430809       2.57949048
    283.14441556       2.57691400
    284.31385145       2.57436670
    285.53044927       2.57185522
    286.68963788       2.56938528
    287.87968032       2.56696159
    289.05206912       2.56458815
    290.23246073       2.56226902
    291.39713453       2.56000780
    292.56253994       2.55780735
    293.73586451       2.55567003
    294.91758512       2.55359735
    296.08010615       2.55159049
    297.26133713       2.54964990
    298.43501853       2.54777481
    299.59249532       2.54596365
    300.76905023       2.54421358
    301.92733284       2.54252075
    303.09288996       2.54088092
    304.25306256       2.53928915
    305.42776433       2.53773996
    306.60988525       2.53622727
    307.77720050       2.53474486
    308.93246781       2.53328646
    310.10621680       2.53184598
    311.27491493       2.53041727
    312.44356769       2.52899424
    313.62010558       2.52757195
    314.77034000       2.52614599
    315.93144838       2.52471205
    317.10599656       2.52326590
    318.28102066       2.52180348
    319.45242216       2.52032176
    320.61800244       2.51881822
    321.79612643       2.51729103
    322.93073142       2.51573875
    324.10537790       2.51415984
    325.27786217       2.51255276
    326.42737584       2.51091646
    327.60370720       2.50925005
    328.78005700       2.50755317
    329.94172118       2.50582581
    331.10540437       2.50406815
    332.28306757       2.50228119
    333.43768125       2.50046636
    334.59599977       2.49862551
    335.78108777       2.49676032
    336.97110469       2.49487271
    338.15417084       2.49296454
    339.29683300       2.49103752
    340.44874095       2.48909322
    341.61360569       2.48713306
    342.78073709       2.48515818
    343.93125650       2.48317015
    345.13042611       2.48117049
    346.34275951       2.47916079
    347.54175237       2.47714245
    348.73448825       2.47511680
    349.91311227       2.47308502
    351.07985944       2.47104824
    352.24880239       2.46900810
    353.41315576       2.46696634
    354.57907726       2.46492463
    355.73346031       2.46288465
    356.93161285       2.46084848
    358.09421092       2.45881831
    359.26390202       2.45679568
    360.44060344       2.45478164
    361.61957672       2.45277733
    362.79002117       2.45078378
    363.95753965       2.44880209
    365.13375333       2.44683252
    366.30885305       2.44487505
    367.48715617       2.44292916
    368.66980453       2.44099422
    369.85381402       2.43906950
    371.02918360       2.43715414
    372.20347279       2.43524655
    373.37339310       2.43334497
    374.54186674       2.43144742
    375.69856466       2.42955173
    376.86661531       2.42765585
    378.04166919       2.42575719
    379.22097898       2.42385308
    380.38863924       2.42194065
    381.54791529       2.42001694
    382.71806199       2.41807868
    383.89098767       2.41612287
    385.08020918       2.41414677
    386.24609335       2.41214788
    387.41557981       2.41012383
    388.57967796       2.40807260
    389.74633202       2.40599201
    390.94072490       2.40388003
    392.11624620       2.40173480
    393.28557716       2.39955483
    394.44918994       2.39733854
    395.61862677       2.39508477
    396.79176040       2.39279244
    397.96404995       2.39046055
    399.14517364       2.38808810
    400.32650717       2.38567466
    401.49502949       2.38322011
    402.67897612       2.38072436
    403.84534567       2.37818758
    405.00951850       2.37561043
    406.18021249       2.37299437
    407.35502864       2.37034106
    408.51333157       2.36765269
    409.68275375       2.36493141
    410.83903530       2.36218005
    411.99612549       2.35940180
    413.16717678       2.35660027
    414.33609987       2.35377904
    415.52300461       2.35094201
    416.69347033       2.34809334
    417.87179377       2.34523769
    419.03655217       2.34238016
    420.20929448       2.33952586
    421.37015001       2.33667998
    422.54895079       2.33384763
    423.73741280       2.33103427
    424.90625933       2.32824517
    426.08170643       2.32548549
    427.23283031       2.32276065
    428.39159499       2.32007614
    429.55393170       2.31743732
    430.70676787       2.31484894
    431.92940479       2.31231523
    433.10054634       2.30984000
    434.26976908       2.30742634
    435.45544643       2.30507659
    436.63733246       2.30279224
    437.80482069       2.30057370
    438.99079815       2.29842025
    440.17395552       2.29633057
    441.35580231       2.29430252
    442.53283693       2.29233349
    443.70286028       2.29041998
    444.87246725       2.28855832
    446.03213840       2.28674411
    447.18842987       2.28497274
    448.36053037       2.28323914
    449.53822570       2.28153802
    450.72115810       2.27986404
    451.89622805       2.27821139
    453.06108522       2.27657400
    454.24682543       2.27494531
    455.40963665       2.27331918
    456.56636246       2.27168922
    457.74258086       2.27004924
    458.92917462       2.26839315
    460.10337496       2.26671541
    461.27322580       2.26501074
    462.43732348       2.26327436
    463.64475490       2.26150212
    464.82696703       2.25969008
    465.98651483       2.25783521
    467.13860663       2.25593523
    468.30248974       2.25398872
    469.46669943       2.25199487
    470.62874879       2.24995396
    471.79860247       2.24786727
    472.97010416       2.24573668
    474.12326502       2.24356460
    475.28268475       2.24135357
    476.46327958       2.23910664
    477.67133628       2.23682715
    478.89192015       2.23451837
    480.06988912       2.23218342
    481.25974063       2.22982573
    482.43523262       2.22744897
    483.60529189       2.22505729
    484.77197336       2.22265535
    485.94209360       2.22024804
    487.10228227       2.21784034
    488.25169764       2.21543692
    489.40782937       2.21304275
    490.56900108       2.21066235
    491.73945640       2.20830012
    492.92002855       2.20595966
    494.09098673       2.20364451
    495.25056336       2.20135775
    496.41382309       2.19910134
    497.56558264       2.19687634
    498.74776830       2.19468264
    499.92225079       2.19251955
    501.07631576       2.19038545
    502.24420147       2.18827810
    503.40798013       2.18619427
    504.56692913       2.18413002
    505.81110082       2.18208095
    506.99171928       2.18004223
    508.14466274       2.17800859
    509.30957947       2.17597431
    510.48570996       2.17393376
    511.63309450       2.17188117
    512.80777171       2.16981091
    513.99354169       2.16771742
    515.16546969       2.16559564
    516.32963022       2.16344019
    517.50069805       2.16124586
    518.69304450       2.15900747
    519.87151682       2.15672007
    521.04126652       2.15437922
    522.21568520       2.15198191
    523.38347543       2.14952640
    524.55981577       2.14701286
    525.73072717       2.14444391
    526.89188659       2.14182407
    528.07778371       2.13915953
    529.26959279       2.13645820
    530.46618712       2.13372948
    531.63167760       2.13098393
    532.79577953       2.12823354
    533.95702875       2.12549203
    535.11417472       2.12277382
    536.30060684       2.12009447
    537.52335057       2.11746979
    538.71316001       2.11491643
    539.90838942       2.11244987
    541.15780006       2.11008444
    542.31909371       2.10783322
    543.49921546       2.10570774
    544.66511003       2.10371882
    545.84186201       2.10187595
    547.01634025       2.10018646
    548.18025313       2.09865546
    549.35025569       2.09728638
    550.52135896       2.09608121
    551.70065127       2.09503907
    552.87715986       2.09415642
    554.03742320       2.09342728
    555.19235732       2.09284275
    556.36416763       2.09239129
    557.51644753       2.09205869
    558.68979148       2.09182783
    559.87436906       2.09167894
    561.05729815       2.09158973
    562.22126869       2.09153707
    563.38030559       2.09149637
    564.54073624       2.09144244
    565.71767728       2.09135049
    566.89683961       2.09119737
    568.06867214       2.09096106
    569.33476331       2.09062110
    570.74488440       2.09015877
    572.05005813       2.08955640
    573.29270847       2.08879820
    574.55697582       2.08787110
    575.80090033       2.08676479
    577.05650179       2.08547157
    578.27965764       2.08398724
    579.56884133       2.08230998
    580.86343413       2.08044038
    582.12570467       2.07838181
    583.40202422       2.07613972
    584.71476218       2.07372186
    585.99016863       2.07113664
    587.24516419       2.06839518
    588.52928663       2.06551063
    589.84086290       2.06249852
    591.10526164       2.05937680
    592.39315557       2.05616536
    593.73449250       2.05288484
    595.06892121       2.04955728
    596.40480557       2.04620561
    597.71154177       2.04285220
    599.02494140       2.03951772
    600.30786434       2.03622213
    601.62278626       2.03298409
    602.91460622       2.02982002
    604.15509906       2.02674476
    605.46305887       2.02377054
    606.76845379       2.02090657
    608.09520767       2.01815999
    609.42391960       2.01553563
    610.73422359       2.01303595
    612.03104288       2.01065974
    613.33758011       2.00840421
    614.64954156       2.00626523
    616.01194349       2.00423724
    617.31459535       2.00231238
    618.63516362       2.00048044
    619.95104117       1.99872901
    621.24551251       1.99704382
    622.54906989       1.99541024
    623.86850058       1.99381289
    625.18882545       1.99223477
    626.50687185       1.99065764
    627.82016750       1.98906261
    629.07109193       1.98742941
    630.31226062       1.98573912
    631.54843564       1.98397355
    632.78625773       1.98211561
    634.04937756       1.98014965
    635.28483279       1.97806217
    636.49842760       1.97584372
    637.73096253       1.97348727
    638.98414608       1.97098912
    640.21051666       1.96834859
    641.43015908       1.96556834
    642.63857969       1.96265253
    643.95610243       1.95960758
    645.15530985       1.95644189
    646.36073407       1.95316509
    647.57513942       1.94978892
    648.83372119       1.94632700
    650.07481662       1.94279409
    651.28970216       1.93920501
    652.54866722       1.93557527
    653.76028650       1.93192004
    655.01446065       1.92825465
    656.23424533       1.92459479
    657.48630877       1.92095499
    658.73690758       1.91734887
    659.94525918       1.91378943
    661.18595383       1.91029051
    662.41046373       1.90686417
    663.64486927       1.90352083
    664.88055892       1.90026837
    666.11602218       1.89711280
    667.35342222       1.89405765
    668.58871392       1.89110445
    669.79874000       1.88825256
    671.04604278       1.88549774
    672.25129591       1.88283267
    673.46183196       1.88024830
    674.65469970       1.87773404
    675.88523309       1.87527850
    677.09154347       1.87287107
    678.34462115       1.87049997
    679.53692128       1.86815348
    680.77180700       1.86582028
    682.00768947       1.86349009
    683.24139601       1.86115361
    684.45876326       1.85880146
    685.67804649       1.85642544
    686.94805140       1.85401815
    688.18585459       1.85157311
    689.39433191       1.84908406
    690.61930261       1.84654671
    691.85473562       1.84395869
    693.08797758       1.84131896
    694.34005284       1.83862849
    695.54269098       1.83588901
    696.83956274       1.83310294
    698.07307409       1.83027338
    699.30838800       1.82740570
    700.64983458       1.82450716
    701.88111141       1.82158697
    703.15227990       1.81865454
    704.37836928       1.81571972
    705.58917094       1.81279338
    706.78885806       1.80988762
    708.06672543       1.80701489
    709.31735590       1.80418571
    710.55660104       1.80141062
    711.81846182       1.79869858
    713.04724795       1.79605834
    714.30446008       1.79349612
    715.52219455       1.79101700
    716.73883632       1.78862429
    717.95020795       1.78631944
    719.19951604       1.78410266
    720.48127588       1.78197277
    721.75318449       1.77992766
    722.96452304       1.77796394
    724.22396544       1.77607742
    725.45217356       1.77426238
    726.66259760       1.77251240
    727.91752982       1.77082027
    729.12905127       1.76917776
    730.31138439       1.76757572
    731.50179831       1.76600395
    732.71735873       1.76445163
    733.99535134       1.76290683
    735.24521145       1.76135733
    736.48001304       1.75979071
    737.69281859       1.75819507
    738.90886345       1.75655803
    740.11855635       1.75486709
    741.39825604       1.75311002
    742.63306048       1.75127460
    743.85427813       1.74934938
    745.13554786       1.74732516
    746.36942738       1.74519535
    747.59599032       1.74295477
    748.87854793       1.74059867
    750.13841522       1.73812321
    751.36229796       1.73552727
    752.59113655       1.73281199
    753.80681560       1.72998067
    755.07962692       1.72703761
    756.32912831       1.72398771
    757.57871807       1.72083900
    758.79518687       1.71760114
    760.00632503       1.71428638
    761.21708604       1.71090760
    762.42775488       1.70747959
    763.64615290       1.70401803
    764.87874076       1.70053915
    766.09825652       1.69705991
    767.35308524       1.69359800
    768.57595421       1.69017291
    769.83973524       1.68680442
    771.13941433       1.68351375
    772.37241526       1.68032151
    773.58623977       1.67724738
    774.82314451       1.67431005
    776.01233671       1.67152651
    777.22507656       1.66891170
    778.45882517       1.66647794
    779.68820444       1.66423453
    780.95507118       1.66218733
    782.20601641       1.66033966
    783.38239787       1.65869128
    784.63367819       1.65723892
    785.84033168       1.65597508
    787.02567962       1.65488968
    788.24252557       1.65396986
    789.47821757       1.65320040
    790.69048434       1.65256366
    791.91933664       1.65204100
    793.13370371       1.65161252
    794.33289837       1.65125613
    795.57576422       1.65094947
    796.78629743       1.65067088
    797.99288948       1.65039904
    799.24385693       1.65011249
    800.47570373       1.64979013
    801.75441660       1.64941144
    803.04427000       1.64895769
    804.27715560       1.64841310
    805.49240741       1.64776302
    806.76091083       1.64699464
    808.05891166       1.64609680
    809.28896109       1.64506028
    810.49729191       1.64387844
    811.77107161       1.64254763
    813.00926423       1.64106850
    814.27173422       1.63944507
    815.52306794       1.63768504
    816.73941292       1.63579878
    817.99382526       1.63379918
    819.20842250       1.63169982
    820.47955697       1.62951575
    821.75462786       1.62726371
    823.00736006       1.62496057
    824.23620007       1.62262265
    825.44723519       1.62026609
    826.66681428       1.61790609
    827.91673819       1.61555692
    829.15126661       1.61323255
    830.38731450       1.61094515
    831.59805802       1.60870587
    832.87163119       1.60652397
    834.10253701       1.60440824
    835.38292767       1.60236617
    836.57833715       1.60040336
    837.82650056       1.59852438
    839.04441273       1.59673364
    840.25800754       1.59503507
    841.51331645       1.59343041
    842.72728085       1.59192084
    843.98009055       1.59050393
    845.21861826       1.58917445
    846.45641057       1.58792515
    847.73368480       1.58674694
    848.94773286       1.58562917
    850.19508715       1.58455984
    851.42934760       1.58352529
    852.64493355       1.58251054
    853.89842288       1.58150087
    855.11356551       1.58048169
    856.33003100       1.57943869
    857.58272681       1.57835926
    858.81095431       1.57723242
    860.08584419       1.57604878
    861.35418597       1.57479913
    862.62960234       1.57347618
    863.84626869       1.57207447
    865.14708065       1.57058977
    866.35271802       1.56901855
    867.56689604       1.56735905
    868.82026580       1.56561074
    870.03776679       1.56377290
    871.31354472       1.56184592
    872.54769032       1.55983218
    873.76251583       1.55773468
    874.99667703       1.55555803
    876.22769344       1.55330834
    877.44676399       1.55099289
    878.66233009       1.54862086
    879.91655292       1.54620295
    881.98062272       1.54375108
    883.22158865       1.54127847
    884.46883755       1.53879888
    885.78031788       1.53632783
    886.98476662       1.53388050
    888.19611273       1.53147123
    889.42833478       1.52911144
    890.66456746       1.52681062
    891.92211326       1.52457500
    893.13649498       1.52241050
    894.37041515       1.52032226
    895.57746564       1.51831378
    896.79415137       1.51638741
    898.02043216       1.51454490
    899.24622994       1.51278650
    900.48687686       1.51111244
    901.71933002       1.50952283
    902.95693943       1.50801722
    904.21001616       1.50659486
    905.45746214       1.50525508
    906.68972248       1.50399639
    907.93524066       1.50281660
    909.16625518       1.50171302
    910.38650443       1.50068452
    911.59729238       1.49972930
    912.85578908       1.49884458
    914.07206505       1.49802551
    915.30380126       1.49726726
    916.53739437       1.49656417
    917.78217243       1.49591069
    918.99378745       1.49530247
    920.22864009       1.49473566
    921.48131510       1.49420635
    922.69771490       1.49371251
    923.92857440       1.49325270
    925.14302749       1.49282708
    926.39383944       1.49243648
    927.64462021       1.49208194
    928.85507968       1.49176454
    930.08429637       1.49148611
    931.33802011       1.49124756
    932.56854075       1.49104941
    933.76187544       1.49088994
    934.99381817       1.49076662
    936.22352922       1.49067505
    937.46055022       1.49061049
    938.69030096       1.49056780
    939.92703509       1.49054287
    941.14063983       1.49053136
    942.35153978       1.49052775
    943.56441953       1.49052664
    944.79848101       1.49052270
    946.06063246       1.49050903
    947.25578341       1.49048020
    948.48728756       1.49043107
    950.36320916       1.49035656
    951.64572755       1.49025126
    952.87766556       1.49010960
    954.07452171       1.48992546
    955.26718670       1.48969344
    956.47818071       1.48940859
    957.72073322       1.48906641
    958.97486341       1.48866075
    960.20898397       1.48818551
    961.44215267       1.48763441
    962.66004121       1.48700393
    963.88579220       1.48629192
    965.13193139       1.48549832
    966.35985311       1.48462429
    967.57382791       1.48367183
    968.79013129       1.48264421
    970.10236592       1.48154661
    971.30969148       1.48038402
    972.54996361       1.47916299
    973.75751980       1.47788932
    974.94875607       1.47656963
    976.18022525       1.47521089
    977.43423115       1.47382026
    978.66536146       1.47240397
    979.88724691       1.47096849
    981.10255922       1.46951979
    982.32831730       1.46806446
    983.59763550       1.46660889
    984.79862090       1.46516039
    986.00670643       1.46372677
    987.27447351       1.46231707
    988.50533348       1.46093919
    989.72349094       1.45960019
    990.99135253       1.45830771
    992.22664140       1.45706923
    993.48031741       1.45589182
    994.73435781       1.45478412
    995.99388670       1.45375332
    997.22874076       1.45280563
    998.47434873       1.45194616
    999.70668847       1.45117914
   1000.91613277       1.45050864
   1002.14715674       1.44993862
   1003.37531854       1.44947239
   1004.59768796       1.44911273
   1005.85091404       1.44886187
   1007.06461661       1.44872315
   1008.31151719       1.44869966
   1009.50932236       1.44879520
   1010.77737348       1.44901237
   1012.01696552       1.44935282
   1013.30634110       1.44981675
   1014.57449383       1.45040286
   1015.80732225       1.45110874
   1017.03535361       1.45193085
   1018.25576261       1.45286376
   1019.48142428       1.45390239
   1020.76106348       1.45503951
   1022.00564210       1.45626803
   1023.25906904       1.45757939
   1024.50091593       1.45896391
   1025.78626576       1.46041097
   1027.03944033       1.46191037
   1028.34470008       1.46345175
   1029.57871713       1.46502562
   1030.87074787       1.46662262
   1032.10815216       1.46823412
   1033.35653014       1.46985132
   1035.11389635       1.47146543
   1036.37560306       1.47306605
   1037.63052300       1.47464375
   1038.86053462       1.47619013
   1040.14794884       1.47769692
   1041.39275810       1.47915564
   1042.62838110       1.48055851
   1043.82939912       1.48189719
   1045.08086990       1.48316450
   1046.33719965       1.48435408
   1047.56504858       1.48546187
   1048.83191438       1.48648602
   1050.07876392       1.48742585
   1051.31106821       1.48828265
   1052.57995538       1.48905947
   1053.80318733       1.48976082
   1055.00132616       1.49039262
   1056.20120659       1.49096082
   1057.45802456       1.49147220
   1058.68236337       1.49193389
   1059.91565495       1.49235391
   1061.14574881       1.49274007
   1062.35986445       1.49310079
   1063.59185634       1.49344497
   1064.80614685       1.49378231
   1066.05807654       1.49412274
   1067.27289780       1.49447699
   1068.50851277       1.49485436
   1069.73884199       1.49526488
   1070.98629790       1.49571820
   1072.20354226       1.49622378
   1073.49408426       1.49679153
   1074.74228926       1.49743146
   1075.95677401       1.49815295
   1077.19028726       1.49896421
   1078.40488686       1.49987101
   1079.64225901       1.50087722
   1080.85752547       1.50198364
   1082.11374747       1.50318910
   1083.32445082       1.50449024
   1084.56332448       1.50588292
   1085.79980954       1.50736058
   1087.01839755       1.50891342
   1088.28788211       1.51053042
   1089.54707923       1.51220020
   1090.76731195       1.51391007
   1092.00237490       1.51564695
   1093.23595053       1.51739728
   1094.44462068       1.51914841
   1095.65210456       1.52088623
   1096.86641208       1.52259639
   1098.12485632       1.52426511
   1099.39835010       1.52587854
   1100.69218339       1.52742274
   1101.89588824       1.52888434
   1103.18864066       1.53024974
   1104.40922548       1.53150663
   1105.64124572       1.53264379
   1106.86578398       1.53365098
   1108.06382214       1.53451859
   1109.32477882       1.53524011
   1110.53514093       1.53581043
   1111.79580364       1.53622675
   1113.04741384       1.53648821
   1114.32297106       1.53659681
   1115.53357563       1.53655675
   1116.74821918       1.53637584
   1117.99612265       1.53606442
   1119.23005416       1.53563463
   1120.47719483       1.53510124
   1121.66514453       1.53447966
   1122.91869388       1.53378603
   1124.13060760       1.53303667
   1125.37056497       1.53224861
   1126.60935450       1.53143990
   1127.84027969       1.53062919
   1129.03045163       1.52983695
   1130.26208055       1.52908402
   1131.49160349       1.52839068
   1132.75209795       1.52777564
   1133.96794478       1.52725715
   1135.22016560       1.52685427
   1136.46098786       1.52658447
   1137.67520748       1.52646334
   1138.90874388       1.52650516
   1140.12207970       1.52672194
   1141.41476927       1.52712369
   1142.65052460       1.52771590
   1143.86346059       1.52850205
   1145.09158837       1.52948214
   1146.32575949       1.53065205
   1147.54598087       1.53200382
   1148.73945923       1.53352585
   1150.01277294       1.53520221
   1151.27243653       1.53701487
   1152.51811445       1.53894251
   1153.74073482       1.54096170
   1154.97098370       1.54304739
   1156.18909626       1.54517374
   1157.42896005       1.54731225
   1158.64120082       1.54943419
   1159.86534539       1.55151124
   1161.10086394       1.55351505
   1162.31810830       1.55541659
   1163.58329867       1.55718838
   1164.80130726       1.55880385
   1166.01866316       1.56023727
   1167.23025124       1.56146501
   1168.47060561       1.56246495
   1169.69281765       1.56321872
   1170.90426915       1.56371168
   1172.15988950       1.56393406
   1173.40349925       1.56388034
   1174.66118542       1.56354938
   1175.91830775       1.56294443
   1177.17036552       1.56207160
   1178.38260535       1.56094012
   1179.59663072       1.55956336
   1180.86927047       1.55795963
   1182.15980065       1.55615022
   1183.40777738       1.55415924
   1184.62734465       1.55201348
   1185.85650179       1.54974147
   1187.09308893       1.54737244
   1188.34981048       1.54493690
   1189.60032232       1.54246490
   1190.81315056       1.53998762
   1192.05449647       1.53753515
   1193.31017591       1.53513682
   1194.54380825       1.53282155
   1195.76694709       1.53061718
   1196.99409985       1.52854986
   1198.25874010       1.52664485
   1199.54000699       1.52492471
   1200.77446122       1.52341000
   1201.96877517       1.52211801
   1203.20306114       1.52106158
   1204.42853281       1.52024976
   1205.63099278       1.51968854
   1206.89644451       1.51937977
   1208.11877611       1.51932014
   1209.38467257       1.51950340
   1210.64220939       1.51992097
   1211.88321786       1.52055989
   1213.10284610       1.52140414
   1214.35184982       1.52243578
   1215.57155226       1.52363544
   1216.82621226       1.52498239
   1218.07424051       1.52645476
   1219.29534047       1.52803077
   1220.51875579       1.52968708
   1221.78950224       1.53139997
   1223.04273919       1.53314572
   1224.29602246       1.53490033
   1225.55456737       1.53664078
   1226.77063917       1.53834561
   1227.97609553       1.53999482
   1229.20681797       1.54156941
   1230.40302049       1.54305275
   1231.65935214       1.54442948
   1232.87335529       1.54568692
   1234.12309346       1.54681528
   1235.32402972       1.54780830
   1236.55860682       1.54866218
   1237.80843290       1.54937692
   1239.00382914       1.54995563
   1240.27684273       1.55040527
   1241.50793523       1.55073587
   1242.70590960       1.55095932
   1243.93924088       1.55108962
   1245.17096291       1.55114224
   1246.44138704       1.55113349
   1247.66551789       1.55108033
   1248.94647286       1.55099935
   1250.12781301       1.55090661
   1251.36508120       1.55081913
   1252.58445848       1.55075330
   1253.83492637       1.55072489
   1255.04252462       1.55074940
   1256.28368338       1.55084220
   1257.51507978       1.55101715
   1258.76698773       1.55128662
   1259.98339131       1.55166312
   1261.24141634       1.55215770
   1262.44129535       1.55277987
   1263.69214086       1.55353702
   1264.93555353       1.55443595
   1266.14286727       1.55548099
   1267.41785073       1.55667277
   1268.78327599       1.55801006
   1270.37952719       1.55948936
   1272.19218718       1.56110477
   1274.23158544       1.56284871
   1275.92844112       1.56471199
   1277.75327003       1.56668331
   1279.17319035       1.56875007
   1280.49900231       1.57089852
   1282.21053321       1.57311439
   1283.73812882       1.57538374
   1285.55895939       1.57769186
   1287.16165803       1.58002382
   1288.37253200       1.58236466
   1289.60478997       1.58470044
   1290.85225013       1.58701777
   1292.11914144       1.58930334
   1293.40878689       1.59154387
   1294.65533112       1.59372622
   1295.86097605       1.59583823
   1297.07679122       1.59786729
   1298.33131179       1.59980237
   1299.54853016       1.60163342
   1300.76267889       1.60335161
   1302.10073775       1.60495007
   1303.31967456       1.60642447
   1304.56914806       1.60777123
   1305.83921725       1.60898833
   1307.09222168       1.61007500
   1308.36175445       1.61103172
   1309.56523952       1.61186012
   1310.80136539       1.61256263
   1312.01881628       1.61314213
   1313.29280205       1.61360120
   1314.53201363       1.61394353
   1315.76469649       1.61417347
   1317.00984319       1.61429556
   1318.22001673       1.61431276
   1319.46714464       1.61422866
   1320.70042772       1.61404758
   1321.91998554       1.61377366
   1323.12132399       1.61341105
   1324.37216619       1.61296388
   1325.59141350       1.61243647
   1326.77798930       1.61183288
   1328.02583842       1.61115869
   1329.27023650       1.61041975
   1330.57958769       1.60962267
   1331.86659357       1.60877400
   1333.09060202       1.60788029
   1334.26726705       1.60694877
   1335.75106244       1.60598772
   1336.89931140       1.60500610
   1338.05382583       1.60401291
   1339.23313042       1.60301774
   1340.38520237       1.60203108
   1341.56658175       1.60106295
   1342.66613797       1.60012293
   1343.78908776       1.59922016
   1344.93736318       1.59836530
   1346.04338526       1.59756858
   1347.17294270       1.59683983
   1348.31744475       1.59618792
   1349.47537148       1.59562014
   1350.59494206       1.59514124
   1351.67903047       1.59475487
   1352.84800887       1.59446335
   1354.06683886       1.59426751
   1355.28326370       1.59416593
   1356.50372044       1.59415551
   1357.69362015       1.59423254
   1358.88920638       1.59439326
   1360.07883954       1.59463363
   1361.28210343       1.59494859
   1362.46564550       1.59533214
   1363.61452209       1.59577781
   1364.76865512       1.59627929
   1365.94093474       1.59682922
   1367.14491512       1.59741997
   1368.31051430       1.59804445
   1369.56398189       1.59869543
   1370.74626491       1.59936642
   1371.91775762       1.60005091
   1373.10386837       1.60074347
   1374.30353423       1.60143865
   1375.52084145       1.60213227
   1376.72197856       1.60282146
   1377.90858177       1.60350453
   1379.12448012       1.60418121
   1380.28004660       1.60485304
   1381.48401138       1.60552230
   1382.71568473       1.60619268
   1383.93200560       1.60686958
   1385.13435214       1.60755830
   1386.35225769       1.60826328
   1387.61537091       1.60898973
   1388.88311766       1.60974398
   1390.15460329       1.61053259
   1391.43363092       1.61136087
   1392.69033121       1.61223274
   1393.85711193       1.61315154
   1395.05430837       1.61412031
   1396.26024538       1.61514167
   1397.45408104       1.61621887
   1398.69695068       1.61735492
   1399.85999868       1.61855238
   1401.06228614       1.61981412
   1402.36133949       1.62114372
   1403.56828695       1.62254541
   1404.79886477       1.62402320
   1406.03006031       1.62557983
   1407.24993620       1.62721696
   1408.45359283       1.62893471
   1409.66892593       1.63073145
   1410.83863452       1.63260380
   1412.02613333       1.63454714
   1413.30681749       1.63655617
   1414.53962559       1.63862420
   1415.75781046       1.64074212
   1416.98748842       1.64290050
   1418.21561289       1.64508853
   1419.42080316       1.64729595
   1420.63731686       1.64951256
   1421.90929590       1.65172820
   1423.12731440       1.65393218
   1424.41472106       1.65611336
   1425.58379020       1.65826145
   1426.81808798       1.66036670
   1428.03811511       1.66241922
   1429.23994603       1.66441019
   1430.44231053       1.66633040
   1431.64023858       1.66816976
   1432.84561601       1.66991887
   1434.09717848       1.67157008
   1435.33118655       1.67311665
   1436.54981048       1.67455240
   1437.75098777       1.67587259
   1438.95340048       1.67707454
   1440.15270857       1.67815844
   1441.33715381       1.67912644
   1442.55574938       1.67998274
   1443.87014292       1.68073426
   1445.02871902       1.68138994
   1446.20336314       1.68195967
   1447.38544814       1.68245510
   1448.55784544       1.68288778
   1449.70195521       1.68326980
   1450.88914920       1.68361217
   1452.10690587       1.68392499
   1453.30702450       1.68421714
   1454.45946935       1.68449597
   1455.66347808       1.68476831
   1456.86637664       1.68504011
   1458.06846229       1.68531644
   1459.26811303       1.68560131
   1460.47245685       1.68589642
   1461.67182118       1.68620244
   1462.88496134       1.68652044
   1464.15779676       1.68685029
   1465.39592841       1.68719149
   1466.64366788       1.68754196
   1467.85058888       1.68789807
   1469.09072112       1.68825540
   1470.28192667       1.68860845
   1471.50843999       1.68895135
   1472.77829272       1.68927656
   1474.02987268       1.68957597
   1475.23271830       1.68984118
   1476.43391969       1.69006279
   1477.63502136       1.69023205
   1478.84119279       1.69034166
   1480.08884530       1.69038602
   1481.29400060       1.69036051
   1482.60027081       1.69026216
   1483.82851060       1.69008987
   1485.00763796       1.68984472
   1486.17443239       1.68953015
   1487.40766537       1.68915169
   1488.65506220       1.68871619
   1489.90828733       1.68823230
   1491.07611159       1.68770848
   1492.26082292       1.68715260
   1493.44631548       1.68657383
   1494.66126104       1.68598097
   1495.84922018       1.68538400
   1497.08029094       1.68479232
   1498.29028253       1.68421577
   1499.56794336       1.68366411
   1500.82452549       1.68314737
   1502.02327306       1.68267679
   1503.24208887       1.68226261
   1504.39307758       1.68191456
   1505.59477144       1.68164151
   1506.84690105       1.68145102
   1508.00130631       1.68135130
   1509.23222536       1.68134997
   1510.48205002       1.68145276
   1511.70136775       1.68166355
   1512.87310812       1.68198469
   1514.04057981       1.68241656
   1515.20862998       1.68295754
   1516.36119629       1.68360317
   1517.57742405       1.68434816
   1518.76121803       1.68518553
   1519.94830283       1.68610820
   1521.14894228       1.68710707
   1522.32908293       1.68817234
   1523.56170010       1.68929389
   1524.81094486       1.69046224
   1525.98398444       1.69166813
   1527.15043008       1.69290070
   1528.40171040       1.69414949
   1529.63730174       1.69540482
   1530.83522979       1.69665819
   1532.01634734       1.69790193
   1533.23586262       1.69912763
   1534.44471945       1.70032645
   1535.64720684       1.70149030
   1536.86334008       1.70261037
   1538.08294090       1.70367917
   1539.26820803       1.70469139
   1540.49966302       1.70564215
   1541.75689926       1.70652863
   1543.00446103       1.70734878
   1544.23144602       1.70810247
   1545.47693395       1.70879086
   1546.67674396       1.70941628
   1547.87447823       1.70998259
   1549.16260421       1.71049322
   1550.36267652       1.71095233
   1551.53321928       1.71136430
   1552.71289251       1.71173463
   1553.91443891       1.71206992
   1555.11975821       1.71237601
   1556.31870947       1.71265809
   1557.52780073       1.71292054
   1558.72379388       1.71316780
   1559.94111197       1.71340297
   1561.15064181       1.71362825
   1562.34585752       1.71384568
   1563.52978572       1.71405872
   1564.71238728       1.71426998
   1565.91806530       1.71448204
   1567.10432586       1.71469610
   1568.33567877       1.71491422
   1569.53683621       1.71513864
   1570.73531628       1.71537223
   1572.01090894       1.71561626
   1573.23898756       1.71587025
   1574.47486814       1.71613535
   1575.69182137       1.71641310
   1576.94123249       1.71670494
   1578.16461141       1.71701195
   1579.41515681       1.71733402
   1580.64597142       1.71767196
   1581.89912613       1.71802612
   1583.14882035       1.71839691
   1584.37798268       1.71878589
   1585.57223850       1.71919523
   1586.80897972       1.71962770
   1588.04241450       1.72008756
   1589.27558699       1.72057897
   1590.51283721       1.72110681
   1591.73424722       1.72167563
   1592.93008630       1.72229061
   1594.16748965       1.72295796
   1595.37873178       1.72368341
   1596.65023253       1.72447242
   1597.86474847       1.72533056
   1599.09474072       1.72626402
   1600.42538849       1.72727823
   1601.62404720       1.72837745
   1602.87222054       1.72956526
   1604.11396677       1.73084409
   1605.32894399       1.73221631
   1606.53071913       1.73368266
   1607.75452436       1.73524325
   1608.96688139       1.73689895
   1610.23908067       1.73865028
   1611.48487816       1.74049573
   1612.65412074       1.74243308
   1613.87279241       1.74445826
   1615.09033594       1.74656680
   1616.29576488       1.74875279
   1617.54987996       1.75100834
   1618.76687572       1.75332327
   1619.96547110       1.75568653
   1621.15037100       1.75808701
   1622.35420203       1.76051286
   1623.62303155       1.76295137
   1624.90254126       1.76538895
   1626.12492863       1.76781087
   1627.40713226       1.77020237
   1628.70520871       1.77254802
   1629.97832391       1.77483370
   1631.21179178       1.77704573
   1632.47920440       1.77917134
   1633.72743492       1.78119906
   1634.93613296       1.78311800
   1636.21747405       1.78491747
   1637.43402887       1.78658832
   1638.62001768       1.78812268
   1639.81981067       1.78951536
   1641.02131784       1.79076196
   1642.22329196       1.79185762
   1643.42356797       1.79279832
   1644.68210910       1.79358187
   1645.89394484       1.79420715
   1647.08010379       1.79467429
   1648.28308269       1.79498470
   1649.50040881       1.79514126
   1650.73721478       1.79514830
   1651.93522601       1.79501235
   1653.13619581       1.79474053
   1654.34578851       1.79434293
   1655.53782209       1.79383208
   1656.73855134       1.79322114
   1658.01025814       1.79252388
   1659.19721203       1.79175519
   1660.36493374       1.79092989
   1661.56762151       1.79006449
   1662.81588512       1.78917524
   1664.00251763       1.78827832
   1665.21873688       1.78739007
   1666.45685767       1.78652660
   1667.66583644       1.78570419
   1668.85107851       1.78493951
   1670.09931990       1.78424793
   1671.30021362       1.78364432
   1672.51071942       1.78314254
   1673.71383396       1.78275595
   1674.88942426       1.78249733
   1676.08733246       1.78237887
   1677.28981700       1.78241117
   1678.50669178       1.78260385
   1679.75884029       1.78296495
   1680.95907849       1.78350042
   1682.14126605       1.78421415
   1683.39762368       1.78510851
   1684.64645207       1.78618354
   1685.90210456       1.78743713
   1687.14710995       1.78886309
   1688.35076375       1.79045258
   1689.55304082       1.79219565
   1690.80373982       1.79408079
   1692.11230646       1.79609490
   1693.41504197       1.79822456
   1694.58333129       1.80045389
   1695.83614194       1.80276626
   1697.09259504       1.80514391
   1698.34215787       1.80756846
   1699.59375248       1.81002148
   1700.82275318       1.81248554
   1702.02573823       1.81494225
   1703.19573511       1.81737197
   1704.34842099       1.81975471
   1705.50000284       1.82207040
   1706.68286812       1.82429912
   1707.85231582       1.82642206
   1709.08839584       1.82841961
   1710.27356419       1.83027275
   1711.48957502       1.83196252
   1712.65785252       1.83347116
   1713.82304951       1.83478313
   1714.99543263       1.83588490
   1716.17973042       1.83676494
   1717.34267870       1.83741505
   1718.49678243       1.83782867
   1719.66976105       1.83800202
   1720.90074721       1.83793474
   1722.11078038       1.83762886
   1723.30532166       1.83708902
   1724.47395552       1.83632320
   1725.65576829       1.83534163
   1726.80982948       1.83415657
   1728.03006267       1.83278217
   1729.23029378       1.83123469
   1730.41307305       1.82953155
   1731.55047120       1.82769218
   1732.71368225       1.82573676
   1733.88829376       1.82368747
   1735.06656143       1.82156822
   1736.26621311       1.81940395
   1737.46899021       1.81722085
   1738.62207356       1.81504527
   1739.82419372       1.81290230
   1741.03642976       1.81081848
   1742.29844178       1.80881948
   1743.52687487       1.80693147
   1744.71608740       1.80518049
   1745.91367374       1.80359007
   1747.14710239       1.80218083
   1748.34869511       1.80097112
   1749.54890400       1.79997737
   1750.76965943       1.79921339
   1751.98236053       1.79868955
   1753.16451217       1.79841252
   1754.32153478       1.79838479
   1755.47210239       1.79860589
   1756.63863877       1.79907231
   1757.77958013       1.79977871
   1758.92681485       1.80071765
   1760.07509736       1.80187977
   1761.21111878       1.80325365
   1762.37546553       1.80482572
   1763.54465423       1.80657979
   1764.67751952       1.80849951
   1765.82883150       1.81056783
   1766.96414589       1.81276613
   1768.20081006       1.81507536
   1769.38309639       1.81747503
   1770.54915118       1.81994225
   1771.77097142       1.82245314
   1772.93627474       1.82498377
   1774.12777190       1.82751032
   1775.32162646       1.83000901
   1776.49223018       1.83245742
   1777.69193527       1.83483336
   1778.85863943       1.83711703
   1779.99122304       1.83929146
   1781.14126132       1.84134195
   1782.29244664       1.84325576
   1783.46249551       1.84502209
   1784.68979810       1.84663324
   1785.84503564       1.84808547
   1787.01578587       1.84937693
   1788.20154546       1.85050936
   1789.34981379       1.85148658
   1790.54897206       1.85231230
   1791.70357771       1.85299249
   1792.83783390       1.85353425
   1794.00445441       1.85394494
   1795.17680161       1.85423210
   1796.41004736       1.85440317
   1797.57848035       1.85446652
   1798.71198508       1.85443088
   1799.85801321       1.85430635
   1801.01557933       1.85410344
   1802.16165425       1.85383346
   1803.36353101       1.85350847
   1804.56690030       1.85314057
   1805.75137201       1.85274154
   1806.93945167       1.85232315
   1808.05606131       1.85189705
   1809.22615838       1.85147560
   1810.37409967       1.85106910
   1811.51368603       1.85068594
   1812.67519755       1.85033210
   1813.86089381       1.85001080
   1815.03039728       1.84972422
   1816.16747264       1.84947440
   1817.33299336       1.84926231
   1818.48174188       1.84908732
   1819.65210125       1.84894793
   1820.95502628       1.84884304
   1822.15460707       1.84877204
   1823.36922368       1.84873580
   1824.64577339       1.84873546
   1825.96258058       1.84877120
   1827.19424920       1.84884373
   1828.41299790       1.84895476
   1829.65250392       1.84910677
   1830.85182714       1.84930297
   1832.07459213       1.84954599
   1833.28612020       1.84983909
   1834.50650179       1.85018406
   1835.71509112       1.85058039
   1837.01027894       1.85102815
   1838.18062934       1.85152597
   1839.38457994       1.85207282
   1840.58256234       1.85266879
   1841.78212989       1.85331422
   1842.95520115       1.85400993
   1844.13515039       1.85475637
   1845.33821578       1.85555522
   1846.51876808       1.85640781
   1847.72314120       1.85731629
   1849.02482986       1.85828263
   1850.22587718       1.85930739
   1851.45661994       1.86039077
   1852.72972049       1.86153234
   1853.94447937       1.86273128
   1855.13182506       1.86398542
   1856.33656729       1.86528934
   1857.58446746       1.86663646
   1858.76857525       1.86801840
   1859.93814867       1.86942638
   1861.16934562       1.87085189
   1862.39671012       1.87228511
   1863.62448012       1.87371524
   1864.84103163       1.87513261
   1866.06650850       1.87652877
   1867.27688999       1.87789649
   1868.43996021       1.87922866
   1869.61039662       1.88051806
   1870.78589665       1.88175686
   1872.00713604       1.88293795
   1873.20676551       1.88405578
   1874.40849103       1.88510492
   1875.61023829       1.88608076
   1876.81178706       1.88697948
   1878.01152712       1.88779713
   1879.23022856       1.88853103
   1880.38983165       1.88917822
   1881.58543112       1.88973690
   1882.78061327       1.89020808
   1884.01259098       1.89059453
   1885.21283958       1.89090146
   1886.48253682       1.89113444
   1888.15580515       1.89129974
   1889.46102756       1.89140474
   1890.75253086       1.89145789
   1892.05273976       1.89146947
   1893.33716279       1.89144963
   1894.55442511       1.89140857
   1895.82341768       1.89135543
   1897.03811558       1.89129880
   1898.28974564       1.89124786
   1899.48790952       1.89121161
   1900.69250950       1.89119851
   1901.92275460       1.89121538
   1903.12684368       1.89126777
   1904.34670397       1.89136221
   1905.54661559       1.89150442
   1906.73020634       1.89170063
   1907.94944846       1.89195675
   1909.21778456       1.89227729
   1910.43432378       1.89266715
   1911.69131520       1.89313129
   1912.88954005       1.89367246
   1914.08887130       1.89429193
   1915.28233170       1.89498922
   1916.53508280       1.89576311
   1917.75570165       1.89661151
   1918.98337996       1.89753242
   1920.15414296       1.89852287
   1921.35230401       1.89957908
   1922.60261830       1.90069728
   1923.84144706       1.90187241
   1924.99478987       1.90309894
   1926.19261820       1.90437138
   1927.41405231       1.90568360
   1928.64822532       1.90703028
   1929.86207866       1.90840634
   1931.16581422       1.90980629
   1932.38865011       1.91122305
   1933.67031873       1.91264830
   1934.87230939       1.91407509
   1936.06485812       1.91549652
   1937.27722602       1.91690544
   1938.46550088       1.91829386
   1939.70216836       1.91965253
   1940.94991162       1.92097232
   1942.13732301       1.92224478
   1943.33933163       1.92346274
   1944.54134214       1.92462010
   1945.78131936       1.92571136
   1946.99748521       1.92673146
   1948.19663639       1.92767612
   1949.38066667       1.92854209
   1950.58271168       1.92932779
   1951.83866382       1.93003157
   1953.05153317       1.93065249
   1954.25303845       1.93118966
   1955.42548160       1.93164269
   1956.61007997       1.93201206
   1957.79246413       1.93229805
   1958.94829811       1.93250159
   1960.12354576       1.93262486
   1961.29633297       1.93267107
   1962.46570269       1.93264475
   1963.64717942       1.93255118
   1964.86499660       1.93239698
   1966.05229644       1.93218953
   1967.28197866       1.93193734
   1968.47403303       1.93164893
   1969.70726317       1.93133293
   1970.90307721       1.93099903
   1972.20552063       1.93065696
   1973.44335501       1.93031700
   1974.67948371       1.92998926
   1975.93780413       1.92968266
   1977.16718765       1.92940510
   1978.39888982       1.92916323
   1979.61383112       1.92896378
   1980.85391705       1.92881430
   1982.07148373       1.92872033
   1983.27197525       1.92868604
   1984.50492561       1.92871424
   1985.74158553       1.92880800
   1986.89164367       1.92897093
   1988.07833289       1.92920591
   1989.27881732       1.92951519
   1990.45942350       1.92989960
   1991.71290243       1.93035886
   1993.01305934       1.93089099
   1994.25532875       1.93149321
   1995.48731355       1.93216166
   1996.72072849       1.93289165
   1997.92435866       1.93367695
   1999.12617682       1.93450985
   2000.42845010       1.93538212
   2001.64382526       1.93628508
   2002.83085288       1.93720943
   2004.05126661       1.93814627
   2005.23565467       1.93908776
   2006.40709728       1.94002569
   2007.62130130       1.94095272
   2008.85862384       1.94186129
   2010.10592898       1.94274472
   2011.29206666       1.94359745
   2012.49196599       1.94441434
   2013.69175284       1.94519062
   2014.94813127       1.94592120
   2016.17136180       1.94660243
   2017.39955432       1.94723145
   2018.59671201       1.94780617
   2019.82015757       1.94832542
   2021.05838091       1.94878809
   2022.26272048       1.94919362
   2023.52354056       1.94954260
   2024.79016012       1.94983720
   2026.02933248       1.95008083
   2027.23058349       1.95027821
   2028.42984290       1.95043375
   2029.58263370       1.95055300
   2030.78157977       1.95064222
   2031.94605932       1.95070931
   2033.19858593       1.95076231
   2034.41828317       1.95080825
   2035.65104826       1.95085448
   2036.82371590       1.95090747
   2038.10751035       1.95097349
   2039.30909929       1.95105798
   2040.56413502       1.95116660
   2041.76093966       1.95130417
   2042.95020323       1.95147463
   2044.24577386       1.95168114
   2045.53239834       1.95192555
   2046.72773267       1.95221005
   2047.92972947       1.95253682
   2049.12819300       1.95290775
   2050.35344065       1.95332503
   2051.53316587       1.95379048
   2052.74130480       1.95430450
   2053.96043821       1.95486733
   2055.23179906       1.95547808
   2056.41492901       1.95613750
   2057.63267860       1.95684582
   2058.86461661       1.95760248
   2060.03799176       1.95840704
   2061.24199387       1.95925887
   2062.47140244       1.96015873
   2063.67210806       1.96110684
   2064.89350294       1.96210407
   2066.07900259       1.96315097
   2067.30523895       1.96424843
   2068.50059408       1.96539802
   2069.65260034       1.96660164
   2070.90358669       1.96786154
   2072.14414192       1.96917920
   2073.39822249       1.97055596
   2074.65552063       1.97199218
   2075.88789487       1.97348785
   2077.13750118       1.97504182
   2078.38718500       1.97665262
   2079.64660236       1.97831671
   2080.79613494       1.98002918
   2081.98024557       1.98178507
   2083.21369785       1.98357792
   2084.47734134       1.98540038
   2085.72578832       1.98724387
   2086.92389502       1.98909989
   2088.13598550       1.99095880
   2089.34043660       1.99281006
   2090.52783759       1.99464250
   2091.72785460       1.99644455
   2092.88276084       1.99820534
   2094.11542526       1.99991423
   2095.38141577       2.00156040
   2096.58211902       2.00313345
   2097.78865531       2.00462277
   2099.06776235       2.00601690
   2100.26852799       2.00730588
   2101.47124175       2.00848121
   2102.69273305       2.00953633
   2103.94042006       2.01046402
   2105.18309734       2.01125828
   2106.40125621       2.01191558
   2107.63105327       2.01243305
   2108.84966491       2.01281002
   2110.10196892       2.01304628
   2111.28978061       2.01314392
   2112.49127644       2.01310656
   2113.73016286       2.01294049
   2114.93295272       2.01265309
   2116.13043320       2.01225256
   2117.31314536       2.01174819
   2118.53780602       2.01115036
   2119.93116103       2.01047082
   2121.16011210       2.00972213
   2122.35374076       2.00891747
   2123.94067102       2.00807042
   2125.54698896       2.00719566
   2126.89155812       2.00630820
   2128.35236923       2.00542462
   2129.61123504       2.00456168
   2131.07129469       2.00373533
   2132.29022676       2.00296111
   2133.47675861       2.00225473
   2134.67810698       2.00163194
   2135.87955602       2.00110688
   2137.09604798       2.00069268
   2138.36451878       2.00040190
   2139.54785479       2.00024619
   2140.80327003       2.00023482
   2142.00242405       2.00037474
   2143.25857374       2.00066981
   2144.50689453       2.00112109
   2146.22387990       2.00172637
   2147.89942152       2.00248082
   2149.53471133       2.00337893
   2151.21715787       2.00441270
   2152.50432113       2.00557099
   2153.75001701       2.00684014
   2155.03813118       2.00820609
   2156.47970915       2.00965363
   2157.63120120       2.01116495
   2158.96100299       2.01272239
   2160.15437265       2.01430743
   2161.52630915       2.01590261
   2162.83950791       2.01749032
   2164.09795026       2.01905343
   2165.27224039       2.02057463
   2166.40149630       2.02203821
   2167.57282785       2.02342972
   2168.83258502       2.02473670
   2169.98535928       2.02594781
   2171.11857194       2.02705281
   2172.31653733       2.02804262
   2173.50488355       2.02891059
   2174.72147948       2.02965278
   2175.89506210       2.03026696
   2177.11132720       2.03075241
   2178.31327533       2.03110940
   2179.51492996       2.03134047
   2180.71521778       2.03145030
   2181.94930714       2.03144594
   2183.12442057       2.03133579
   2184.30344585       2.03112860
   2185.51812721       2.03083428
   2186.70608399       2.03046263
   2187.90716061       2.03002203
   2189.25509055       2.02951903
   2190.41668148       2.02896015
   2191.63464894       2.02835111
   2193.03629459       2.02769747
   2194.24302796       2.02700462
   2195.52725155       2.02627768
   2196.78877866       2.02552208
   2197.99242679       2.02474173
   2199.44087566       2.02394006
   2200.78861372       2.02312140
   2201.98523168       2.02229024
   2203.55637654       2.02145022
   2204.71725240       2.02060538
   2206.12404815       2.01976145
   2207.35016683       2.01892452
   2208.57801435       2.01810072
   2209.71294922       2.01729588
   2210.86186220       2.01651637
   2211.98246781       2.01576832
   2213.15810821       2.01505776
   2214.30935072       2.01438929
   2215.42936131       2.01376735
   2216.60631936       2.01319475
   2217.79328459       2.01267373
   2218.96588512       2.01220670
   2220.11160321       2.01179677
   2221.29830756       2.01144695
   2222.56506891       2.01115953
   2223.73333648       2.01093732
   2224.91530143       2.01078401
   2226.13921347       2.01070384
   2227.39438012       2.01070073
   2228.58824650       2.01077874
   2229.77515691       2.01094146
   2230.99250714       2.01119092
   2232.19426763       2.01152855
   2233.39360928       2.01195430
   2234.57851863       2.01246758
   2235.78193896       2.01306820
   2237.05044520       2.01375673
   2238.28256092       2.01453382
   2239.43315973       2.01540051
   2240.63360020       2.01635796
   2241.85346948       2.01740713
   2243.00515105       2.01854967
   2244.23796765       2.01978659
   2245.45565817       2.02111988
   2246.67591924       2.02255260
   2247.86158194       2.02408760
   2249.01267038       2.02572857
   2250.24132512       2.02748042
   2251.46521306       2.02934720
   2252.66244352       2.03133076
   2253.86661625       2.03343046
   2255.05461935       2.03564470
   2256.23897764       2.03797007
   2257.49567745       2.04040056
   2258.66645415       2.04292816
   2259.91518942       2.04554300
   2261.09842760       2.04823398
   2262.51273702       2.05098805
   2263.71208103       2.05379148
   2265.13817466       2.05663057
   2266.53058775       2.05949056
   2267.94662268       2.06235609
   2269.11886355       2.06521086
   2270.77605866       2.06803873
   2272.02721468       2.07082376
   2273.28130660       2.07354929
   2274.83557669       2.07619896
   2276.52170964       2.07875673
   2277.84724795       2.08120609
   2279.39550636       2.08353015
   2280.72318090       2.08571352
   2281.89166352       2.08774234
   2283.00674329       2.08960472
   2284.35406592       2.09129033
   2285.83656540       2.09279040
   2287.30678110       2.09409838
   2288.72527128       2.09520930
   2290.11148222       2.09612045
   2291.27412708       2.09683166
   2292.54638779       2.09734612
   2293.95924627       2.09766980
   2295.37526277       2.09781272
   2296.69635896       2.09778748
   2297.86062820       2.09760842
   2299.01218784       2.09729206
   2300.16059039       2.09685541
   2301.34727631       2.09631455
   2302.49958552       2.09568482
   2303.63307796       2.09498252
   2304.83195361       2.09422513
   2306.03239220       2.09342964
   2307.26548906       2.09261288
   2308.45237726       2.09179220
   2309.62305329       2.09098463
   2310.82709984       2.09020616
   2311.99302654       2.08947283
   2313.19372791       2.08880038
   2314.35830151       2.08820403
   2315.54725504       2.08769667
   2316.76205976       2.08729079
   2317.93432236       2.08699715
   2319.18138978       2.08682580
   2320.37911365       2.08678549
   2321.62075496       2.08688225
   2322.83532573       2.08712061
   2324.00230637       2.08750175
   2325.15083559       2.08802454
   2326.35221279       2.08868634
   2327.57112265       2.08948367
   2328.77219786       2.09041156
   2330.04412490       2.09146237
   2331.27710220       2.09262639
   2332.54816956       2.09389281
   2333.75065457       2.09524994
   2334.96615876       2.09668529
   2336.16555996       2.09818729
   2337.43013545       2.09974495
   2338.70048349       2.10134798
   2339.97523725       2.10298535
   2341.25678110       2.10464621
   2342.52135518       2.10631879
   2343.79632115       2.10799128
   2345.05828497       2.10965198
   2346.31356599       2.11128814
   2347.60140745       2.11288687
   2348.87363886       2.11443577
   2350.15548708       2.11592497
   2351.41363452       2.11734510
   2352.69117010       2.11868755
   2353.97616925       2.11994525
   2355.24446235       2.12111266
   2356.51133902       2.12218466
   2357.83246403       2.12315744
   2359.12115668       2.12402990
   2360.44485084       2.12480097
   2361.71466198       2.12547059
   2362.95512316       2.12603970
   2364.22214398       2.12651098
   2365.39256574       2.12688687
   2366.62675530       2.12717000
   2367.84345190       2.12736261
   2369.04630697       2.12746674
   2370.23287521       2.12748459
   2371.46573624       2.12741679
   2372.65315330       2.12726519
   2373.85530748       2.12703152
   2375.05777265       2.12671792
   2376.28693215       2.12632562
   2377.51506229       2.12585495
   2378.73073284       2.12530732
   2379.91999405       2.12468537
   2381.13898189       2.12399257
   2382.36640499       2.12323404
   2383.58081649       2.12241621
   2384.76732423       2.12154538
   2385.97408360       2.12062755
   2387.15603342       2.11966788
   2388.35558538       2.11867320
   2389.57234389       2.11765015
   2390.82271537       2.11660581
   2392.00398747       2.11554743
   2393.22477598       2.11448242
   2394.49768654       2.11341958
   2395.77260809       2.11236785
   2397.00424599       2.11133760
   2398.23670860       2.11033813
   2399.44723283       2.10937904
   2400.68664149       2.10847051
   2401.87022137       2.10762238
   2403.05197223       2.10684421
   2404.25798580       2.10614626
   2405.49314092       2.10553858
   2406.74309176       2.10502907
   2407.93230476       2.10462552
   2409.22997334       2.10433445
   2410.48012836       2.10416025
   2411.66303429       2.10410505
   2412.85739503       2.10416980
   2414.05389483       2.10435391
   2415.23675256       2.10465512
   2416.40643657       2.10506840
   2417.60912339       2.10558660
   2418.84018848       2.10620257
   2420.01093162       2.10690701
   2421.19178356       2.10768997
   2422.44388718       2.10853951
   2423.66118258       2.10944327
   2424.91542337       2.11038924
   2426.09763739       2.11136495
   2427.30456217       2.11235721
   2428.49918001       2.11335311
   2429.68418294       2.11433868
   2430.92304715       2.11529887
   2432.12279146       2.11621877
   2433.39162854       2.11708459
   2434.59327514       2.11788446
   2435.82888255       2.11860682
   2437.04676399       2.11924243
   2438.21310424       2.11978442
   2439.39978543       2.12022816
   2440.59773475       2.12057062
   2441.76800811       2.12080981
   2443.03037932       2.12094654
   2444.20214757       2.12098258
   2445.37451935       2.12092309
   2446.62255137       2.12077632
   2447.87231979       2.12055218
   2449.07590175       2.12026266
   2450.22784657       2.11992214
   2451.41178848       2.11954606
   2452.63143609       2.11914998
   2453.78135669       2.11875059
   2454.99189841       2.11836466
   2456.25415572       2.11800847
   2457.45389389       2.11769852
   2458.65497287       2.11745125
   2459.85994716       2.11728132
   2461.07356703       2.11720228
   2462.27526325       2.11722620
   2463.51531420       2.11736453
   2464.76911781       2.11762729
   2465.96651228       2.11802209
   2467.12479016       2.11855564
   2468.32245780       2.11923247
   2469.52364690       2.12005619
   2470.72473959       2.12102931
   2471.89444345       2.12215196
   2473.07799733       2.12342249
   2474.29625404       2.12483796
   2475.42936840       2.12639333
   2476.65072972       2.12808213
   2477.90019235       2.12989799
   2479.10109080       2.13183399
   2480.30420960       2.13388213
   2481.52131217       2.13603304
   2482.74471898       2.13827648
   2483.88857969       2.14060044
   2485.07796378       2.14299147
   2486.28978061       2.14543411
   2487.49057272       2.14791187
   2488.69087141       2.15040813
   2489.89724181       2.15290562
   2491.08125792       2.15538858
   2492.26324650       2.15784041
   2493.47125735       2.16024374
   2494.68598597       2.16258123
   2495.89944609       2.16483611
   2497.10327618       2.16699044
   2498.32555107       2.16902580
   2499.52745383       2.17092476
   2500.72872847       2.17267095
   2501.91247472       2.17424912
   2503.08019075       2.17564624
   2504.28132077       2.17685074
   2505.48381241       2.17785204
   2506.71904503       2.17864254
   2507.88853338       2.17921719
   2509.08576290       2.17957368
   2510.28681211       2.17971242
   2511.49156521       2.17963733
   2512.72472588       2.17935600
   2513.92441065       2.17887913
   2515.14761329       2.17822139
   2516.35088521       2.17739984
   2517.53344471       2.17643315
   2518.70394824       2.17534293
   2519.93537015       2.17415318
   2521.10701599       2.17288892
   2522.30936490       2.17157609
   2523.52286897       2.17024144
   2524.76381836       2.16891031
   2526.02063728       2.16760620
   2527.32096858       2.16635085
   2528.58615139       2.16516425
   2529.87910231       2.16406428
   2531.57879747       2.16306733
   2533.06072367       2.16218651
   2534.43102066       2.16143346
   2535.83514755       2.16081856
   2537.16897886       2.16035047
   2538.45546817       2.16003572
   2539.82319697       2.15987697
   2541.20264240       2.15987515
   2542.53072433       2.16002856
   2543.74958693       2.16033335
   2544.99730467       2.16078341
   2546.18516740       2.16137141
   2547.39831181       2.16208922
   2548.75336834       2.16292766
   2550.04052593       2.16387597
   2551.29469819       2.16492194
   2552.53106178       2.16605162
   2553.83256092       2.16725003
   2555.10059644       2.16850274
   2556.28837599       2.16979508
   2557.50127748       2.17111233
   2558.70850095       2.17243995
   2559.93779326       2.17376404
   2561.15555514       2.17507160
   2562.30423370       2.17635102
   2563.54278976       2.17759123
   2564.74440422       2.17878052
   2565.93248388       2.17990877
   2567.11657466       2.18096727
   2568.29550872       2.18194802
   2569.51444883       2.18284307
   2570.71750808       2.18364536
   2571.89663828       2.18434867
   2573.15107189       2.18494731
   2574.40170615       2.18543645
   2575.60133940       2.18581291
   2576.82049266       2.18607507
   2578.02273002       2.18622307
   2579.23090015       2.18625935
   2580.46372762       2.18618737
   2581.77716884       2.18601386
   2582.98097576       2.18574769
   2584.23577424       2.18539855
   2585.42025304       2.18497634
   2586.63382422       2.18449165
   2587.82564134       2.18395623
   2589.04068662       2.18338152
   2590.21861590       2.18277987
   2591.44128873       2.18216327
   2592.62675530       2.18154260
   2593.79417264       2.18092776
   2594.98032922       2.18032693
   2596.21413549       2.17974611
   2597.45001418       2.17918986
   2598.64964317       2.17866149
   2599.83233406       2.17816384
   2601.01903605       2.17769942
   2602.22073416       2.17726975
   2603.43898142       2.17687550
   2604.69175662       2.17651667
   2605.91258909       2.17619333
   2607.14288901       2.17590505
   2608.38288277       2.17565084
   2609.57473864       2.17542877
   2610.78824886       2.17523723
   2611.99035342       2.17507680
   2613.17247528       2.17494787
   2614.39633391       2.17485168
   2615.60141738       2.17478974
   2616.82897849       2.17476397
   2617.98223907       2.17477697
   2619.17828421       2.17483147
   2620.39818846       2.17493006
   2621.63722470       2.17507635
   2622.82176967       2.17527469
   2624.01208481       2.17553009
   2625.30164660       2.17584772
   2626.50871741       2.17623224
   2627.69397178       2.17668905
   2628.87601707       2.17722283
   2630.08209539       2.17783635
   2631.27868925       2.17853194
   2632.51669896       2.17931189
   2633.73380721       2.18017752
   2634.96469601       2.18112904
   2636.13674641       2.18216576
   2637.31863244       2.18328455
   2638.52475897       2.18448095
   2639.74597378       2.18574943
   2640.93187043       2.18708323
   2642.13394474       2.18847501
   2643.33568917       2.18991769
   2644.57507373       2.19140428
   2645.84062990       2.19292819
   2647.02248426       2.19448264
   2648.27754220       2.19606078
   2649.47906403       2.19765569
   2650.69702582       2.19926071
   2651.89773380       2.20086959
   2653.10113003       2.20247623
   2654.30174915       2.20407562
   2655.50177846       2.20566394
   2656.75276197       2.20723882
   2657.99508101       2.20879808
   2659.19064361       2.21033875
   2660.39322126       2.21185780
   2661.59957748       2.21335141
   2662.79649744       2.21481516
   2664.01516721       2.21624431
   2665.17075779       2.21763315
   2666.41787247       2.21897537
   2667.67082632       2.22026452
   2668.90181721       2.22149318
   2670.08839301       2.22265300
   2671.30640443       2.22373468
   2672.50179547       2.22472813
   2673.74004480       2.22562272
   2674.98868603       2.22640663
   2676.20284043       2.22706700
   2677.40765214       2.22759097
   2678.61288636       2.22798297
   2679.76630764       2.22819557
   2680.98263843       2.22821444
   2682.21661956       2.22802526
   2683.38681731       2.22761372
   2684.57552980       2.22696549
   2685.77246772       2.22606626
   2686.99235165       2.22490170
   2688.21444553       2.22345750
   2689.43379681       2.22171933
   2690.63316114       2.21967288
   2691.82222574       2.21730383
   2693.08810519       2.21459785
   2694.27137172       2.21154062
   2695.46166985       2.20811784
   2696.66299885       2.20431517
   2697.86628826       2.20011829
   2699.11407736       2.19551289
   2700.31456604       2.19048465
