      0.62496550       3.21212476
      1.80459667       3.21958996
      2.97020814       3.22645833
      4.14386827       3.23275037
      5.32958485       3.23848658
      6.51591395       3.24368744
      7.66336796       3.24837345
      8.84385551       3.25256511
     10.03659659       3.25628290
     11.21087018       3.25954732
     12.37420411       3.26237887
     13.52448343       3.26479803
     14.68996446       3.26682531
     15.86584116       3.26848119
     17.03084343       3.26978617
     18.18521135       3.27076074
     19.33891194       3.27142540
     20.48803240       3.27180064
     21.66283721       3.27190695
     22.83050268       3.27176482
     23.98476946       3.27142104
     25.17015048       3.27088352
     26.35344159       3.27017250
     27.53103957       3.26930787
     28.71031675       3.26830899
     29.86494319       3.26719432
     31.03075363       3.26598093
     32.20952511       3.26468521
     33.37253247       3.26332240
     34.53759287       3.26190683
     35.71309810       3.26045182
     36.87242329       3.25896946
     38.04256149       3.25747078
     39.20545021       3.25596582
     40.38648789       3.25446357
     41.55913379       3.25297251
     42.74727962       3.25150002
     43.92173327       3.25005281
     45.09756933       3.24863722
     46.27037639       3.24725903
     47.44544634       3.24592585
     48.61901431       3.24464404
     49.77886033       3.24341936
     50.93552564       3.24225753
     52.09266972       3.24116334
     53.24171125       3.24014115
     54.40128221       3.23919538
     55.55758550       3.23833003
     56.73160387       3.23754867
     57.90370815       3.23685487
     59.05523234       3.23625176
     60.22404862       3.23574224
     61.40517090       3.23532749
     62.59167061       3.23500793
     63.77460347       3.23478265
     64.94791340       3.23465005
     66.11210749       3.23460753
     67.28905845       3.23465169
     68.45757274       3.23477837
     69.63253162       3.23498193
     70.78972673       3.23525533
     71.95261735       3.23559141
     73.12643534       3.23598174
     74.30243823       3.23641684
     75.46621784       3.23688644
     76.63484366       3.23738067
     77.80926234       3.23788891
     78.98827296       3.23840044
     80.16759693       3.23890478
     81.31805632       3.23939174
     82.47673592       3.23985227
     83.63654224       3.24027812
     84.79643269       3.24066186
     85.97573823       3.24099732
     87.14876978       3.24127884
     88.31264580       3.24150286
     89.49574881       3.24166737
     90.68706685       3.24177155
     91.87405382       3.24181576
     93.04520341       3.24180109
     94.21469081       3.24172942
     95.37647078       3.24160439
     96.54021731       3.24143024
     97.70283901       3.24121309
     98.87888018       3.24095999
    100.05763701       3.24067894
    101.22663856       3.24037857
    102.39258559       3.24006819
    103.55634819       3.23975682
    104.71481369       3.23945315
    105.88049984       3.23916469
    107.05690587       3.23889898
    108.21760733       3.23866309
    109.39800272       3.23846382
    110.58664102       3.23830676
    111.74671484       3.23819711
    112.90123400       3.23813901
    114.08696004       3.23813562
    115.24779713       3.23819007
    116.43289837       3.23830531
    117.59333280       3.23848297
    118.77896856       3.23872402
    119.93086375       3.23902870
    121.08858300       3.23939725
    122.26046609       3.23982878
    123.43453599       3.24032191
    124.59410505       3.24087535
    125.77553973       3.24148677
    126.94175000       3.24215273
    128.13528839       3.24286819
    129.40637560       3.24362683
    130.61684878       3.24442189
    131.77470934       3.24524610
    132.94086857       3.24609215
    134.10906904       3.24695151
    135.28402698       3.24781481
    136.44970083       3.24867210
    137.60475972       3.24951343
    138.77924126       3.25032979
    139.94102785       3.25111343
    141.10502722       3.25185672
    142.27573586       3.25255288
    143.42941235       3.25319524
    144.60519831       3.25377805
    145.77279524       3.25429606
    146.92788249       3.25474471
    148.09639394       3.25512024
    149.26979791       3.25541922
    150.45160926       3.25563920
    151.61428436       3.25577860
    152.78370654       3.25583690
    153.97391156       3.25581409
    155.14086999       3.25571092
    156.30225911       3.25552980
    157.47552980       3.25527368
    158.65149441       3.25494669
    159.80892206       3.25455358
    160.96855682       3.25409907
    162.11879218       3.25358781
    163.28478836       3.25302528
    164.45811341       3.25241715
    165.63105233       3.25176922
    166.81963580       3.25108553
    168.01373329       3.25036946
    169.19360219       3.24962381
    170.37433267       3.24884890
    171.54898057       3.24804392
    172.73555117       3.24720693
    173.90900713       3.24633541
    175.08611311       3.24542694
    176.25733123       3.24447848
    177.43006314       3.24348598
    178.59322977       3.24244539
    179.75847118       3.24135355
    180.93553368       3.24020824
    182.09091064       3.23900837
    183.27037119       3.23775425
    184.44652249       3.23644685
    185.62720901       3.23508708
    186.81936027       3.23367707
    187.99208178       3.23222056
    189.16867686       3.23072274
    190.33166815       3.22918984
    191.50098068       3.22762914
    192.67450092       3.22604911
    193.83782540       3.22445833
    195.01573813       3.22286691
    196.19923058       3.22128524
    197.35759684       3.21972486
    198.53736885       3.21819739
    199.73055750       3.21671495
    200.90873585       3.21528964
    202.12655444       3.21393335
    203.31400930       3.21265799
    204.55953977       3.21147473
    205.75172080       3.21039451
    206.93219842       3.20942781
    208.09300480       3.20858383
    209.26902235       3.20786955
    210.44377091       3.20728971
    211.61378953       3.20684684
    212.78037365       3.20654258
    213.95221421       3.20637645
    215.11281547       3.20634531
    216.28501002       3.20644485
    217.45368499       3.20666868
    218.63238889       3.20700988
    219.79913039       3.20746008
    220.97696845       3.20800927
    222.14840208       3.20864651
    223.33105894       3.20936123
    224.51313638       3.21014180
    225.68117710       3.21097574
    226.83270790       3.21184989
    227.99376288       3.21275086
    229.15099533       3.21366505
    230.30313487       3.21457923
    231.47682335       3.21548209
    232.63390268       3.21636274
    233.80817674       3.21721037
    234.97360578       3.21801453
    236.14357620       3.21876609
    237.31885362       3.21945699
    238.51380844       3.22007936
    239.68626954       3.22062712
    240.89514717       3.22109479
    242.07399285       3.22147829
    243.28744730       3.22177434
    244.47894777       3.22198084
    245.65858414       3.22209720
    246.82568624       3.22212483
    248.00306775       3.22206592
    249.18428786       3.22192330
    250.37024028       3.22170083
    251.54150613       3.22140249
    252.70918578       3.22103220
    253.87687676       3.22059418
    255.04388292       3.22009338
    256.22244314       3.21953531
    257.41983477       3.21892525
    258.60651313       3.21826795
    259.77024406       3.21756803
    260.93582197       3.21682980
    262.12015615       3.21605694
    263.29230958       3.21525325
    264.47393189       3.21442078
    265.64798713       3.21356165
    266.80579333       3.21267761
    267.96928654       3.21176979
    269.13034813       3.21083808
    270.30350256       3.20988272
    271.46905117       3.20890356
    272.64357430       3.20790071
    273.81621028       3.20687480
    275.02140575       3.20582676
    276.28332609       3.20475759
    277.46089239       3.20366720
    278.62503781       3.20255536
    279.78669017       3.20142232
    280.95948778       3.20026892
    282.13993894       3.19909574
    283.30793051       3.19790338
    284.50852600       3.19669345
    285.69296557       3.19546810
    286.85401441       3.19423058
    288.05161493       3.19298442
    289.21911734       3.19173363
    290.39574361       3.19048311
    291.56234664       3.18923784
    292.72984668       3.18800212
    293.90347704       3.18678117
    295.08402414       3.18558057
    296.24756555       3.18440580
    297.42548916       3.18326265
    298.60024198       3.18215695
    299.76007997       3.18109481
    300.93403170       3.18008115
    302.09183555       3.17912010
    303.26070760       3.17821553
    304.42451415       3.17737040
    305.59518309       3.17658589
    306.77216146       3.17586222
    307.93938692       3.17519888
    309.09447228       3.17459442
    310.27431896       3.17404734
    311.44346702       3.17355450
    312.60944004       3.17311170
    313.79121973       3.17271411
    314.93371410       3.17235639
    316.09493639       3.17203195
    317.27292805       3.17173418
    318.44632210       3.17145620
    319.61553349       3.17119034
    320.78933541       3.17092891
    321.95017676       3.17066400
    323.09633817       3.17038802
    324.27137409       3.17009442
    325.44494442       3.16977716
    326.59187856       3.16943093
    327.77157069       3.16905112
    328.95125196       3.16863394
    330.10809639       3.16817682
    331.27346683       3.16767768
    332.45372422       3.16713470
    333.60471624       3.16654728
    334.76305083       3.16591579
    335.95002930       3.16524142
    337.14162523       3.16452676
    338.31904314       3.16377652
    339.46068397       3.16299517
    340.61728879       3.16218839
    341.78138316       3.16136240
    342.94811237       3.16052358
    344.10131151       3.15967844
    345.31029973       3.15883246
    346.51580383       3.15799166
    347.71788192       3.15716224
    348.90186636       3.15634961
    350.07674112       3.15555831
    351.24561884       3.15479294
    352.41630102       3.15405725
    353.57741176       3.15335414
    354.74073861       3.15268480
    355.90395911       3.15204854
    357.09357100       3.15144363
    358.26053462       3.15086759
    359.42836267       3.15031702
    360.60931338       3.14978781
    361.78586451       3.14927557
    362.95789317       3.14877506
    364.12941424       3.14828059
    365.29778626       3.14778629
    366.47394559       3.14728539
    367.65342742       3.14677083
    368.83560788       3.14623556
    370.01671409       3.14567214
    371.19638354       3.14507297
    372.37105223       3.14442992
    373.53234777       3.14373522
    374.70843006       3.14298232
    375.86968543       3.14216507
    377.03002911       3.14127884
    378.20729909       3.14031986
    379.39305301       3.13928509
    380.55749712       3.13817332
    381.71563888       3.13698481
    382.88875078       3.13572101
    384.06142125       3.13438379
    385.24572187       3.13297735
    386.41441859       3.13150623
    387.58239787       3.12997621
    388.74951131       3.12839367
    389.90942681       3.12676563
    391.11252292       3.12510060
    392.28689103       3.12340779
    393.44989650       3.12169609
    394.61526977       3.11997402
    395.78502042       3.11824982
    396.96121803       3.11653103
    398.13103579       3.11482499
    399.31662334       3.11313790
    400.49349585       3.11147533
    401.66429712       3.10984273
    402.84955858       3.10824510
    404.00404229       3.10668667
    405.18079192       3.10517069
    406.34746394       3.10369915
    407.52171059       3.10227236
    408.67956217       3.10088996
    409.85126472       3.09955003
    411.00701930       3.09824922
    412.15982381       3.09698357
    413.33930941       3.09574835
    414.49876458       3.09453831
    415.68758531       3.09334700
    416.85891780       3.09216762
    418.04016816       3.09099372
    419.20350256       3.08981936
    420.37527932       3.08863818
    421.53304063       3.08744432
    422.71696741       3.08623113
    423.90423417       3.08499294
    425.07252680       3.08372537
    426.24718131       3.08242451
    427.40334707       3.08108755
    428.56008611       3.07971234
    429.71549001       3.07829799
    430.87348526       3.07684383
    432.09320330       3.07535049
    433.26556279       3.07381904
    434.44047158       3.07225191
    435.62393425       3.07065313
    436.80374360       3.06902749
    437.96790508       3.06737995
    439.15770696       3.06571569
    440.34239891       3.06404113
    441.52100308       3.06236339
    442.69892243       3.06068998
    443.87007014       3.05902810
    445.03709190       3.05738494
    446.19201183       3.05576744
    447.35360559       3.05418244
    448.52833242       3.05263623
    449.70503337       3.05113418
    450.88719871       3.04968053
    452.06548386       3.04827869
    453.23294279       3.04693206
    454.40928881       3.04564206
    455.57541827       3.04440959
    456.73361911       3.04323441
    457.90942587       3.04211495
    459.09641379       3.04104807
    460.26939760       3.04002883
    461.44238000       3.03905158
    462.60797824       3.03810962
    463.81163582       3.03719566
    464.99458854       3.03630108
    466.15176853       3.03541654
    467.30493364       3.03453138
    468.46945715       3.03363515
    469.62956784       3.03271767
    470.79178498       3.03176879
    471.96945621       3.03077955
    473.14094230       3.02974103
    474.28608948       3.02864520
    475.45295574       3.02748503
    476.62140859       3.02625543
    477.85514963       3.02495234
    479.05474271       3.02357352
    480.25389058       3.02211832
    481.42605488       3.02058666
    482.60260459       3.01897949
    483.76797172       3.01729899
    484.93373774       3.01554975
    486.09836144       3.01373683
    487.25487977       3.01186597
    488.41496729       3.00994331
    489.57392102       3.00797582
    490.73114307       3.00597089
    491.90362072       3.00393726
    493.08801492       3.00188387
    494.25666106       2.99982003
    495.41363593       2.99775529
    496.57341484       2.99569916
    497.73243284       2.99366141
    498.91524803       2.99165061
    500.08848611       2.98967551
    501.24239749       2.98774332
    502.41421725       2.98586068
    503.57490453       2.98403331
    504.73639951       2.98226609
    505.97962786       2.98056341
    507.15995094       2.97892842
    508.30333856       2.97736380
    509.47673498       2.97586988
    510.64971690       2.97444623
    511.79887517       2.97309164
    512.97349377       2.97180478
    514.15963760       2.97058478
    515.33432945       2.96943063
    516.49648610       2.96834135
    517.66964053       2.96731437
    518.85921697       2.96634706
    520.03911848       2.96543741
    521.20666011       2.96458316
    522.38378878       2.96378018
    523.55173261       2.96302450
    524.72639469       2.96231153
    525.89840870       2.96163580
    527.05623287       2.96099229
    528.25651833       2.96037658
    529.43611547       2.95978447
    530.63249995       2.95921071
    531.79426622       2.95864986
    532.96381317       2.95809613
    534.12485113       2.95754433
    535.28338091       2.95698970
    536.48670860       2.95642898
    537.71377630       2.95585957
    538.88031552       2.95527962
    540.09250477       2.95468733
    541.32328346       2.95408067
    542.48707016       2.95345934
    543.65946887       2.95282250
    544.83171635       2.95216989
    546.00940271       2.95150067
    547.17997713       2.95081540
    548.34867147       2.95011382
    549.51998790       2.94939558
    550.68754135       2.94865996
    551.86995482       2.94790574
    553.04060391       2.94713205
    554.20121179       2.94633653
    555.36001002       2.94551815
    556.52585685       2.94467541
    557.68051213       2.94380737
    558.85695833       2.94291379
    560.04419627       2.94199467
    561.22315349       2.94104945
    562.38793835       2.94007732
    563.53459695       2.93907846
    564.70773721       2.93805317
    565.88599306       2.93700040
    567.06711723       2.93591818
    568.23149422       2.93480574
    569.54502429       2.93366160
    570.93009103       2.93248498
    572.23349387       2.93127572
    573.46147560       2.93003362
    574.73271641       2.92875776
    575.98291727       2.92744706
    577.22319319       2.92610100
    578.46838762       2.92471969
    579.76450697       2.92330501
    581.06119298       2.92185965
    582.30950810       2.92038717
    583.58716657       2.91889145
    584.90931527       2.91737622
    586.17822514       2.91584466
    587.43076734       2.91430021
    588.73305528       2.91274762
    590.04521050       2.91118980
    591.30891922       2.90962910
    592.59388623       2.90806686
    593.94065684       2.90650469
    595.27042838       2.90494216
    596.60657788       2.90337899
    597.91158525       2.90181403
    599.23259684       2.90024613
    600.49971359       2.89867366
    601.82540551       2.89709410
    603.10004395       2.89550589
    604.33854330       2.89390713
    605.66538745       2.89229771
    606.97199038       2.89067836
    608.30300868       2.88905008
    609.63174944       2.88741321
    610.93671191       2.88576832
    612.22281509       2.88411509
    613.52544331       2.88245215
    614.85223926       2.88077761
    616.19735902       2.87908885
    617.51020143       2.87738377
    618.83783768       2.87565964
    620.15436225       2.87391438
    621.44094325       2.87214550
    622.75964043       2.87035095
    624.07156739       2.86852948
    625.40092160       2.86668166
    626.68906129       2.86480928
    628.00671163       2.86291480
    629.25872828       2.86100227
    630.49399021       2.85907514
    631.73087841       2.85713800
    632.97297011       2.85519605
    634.23421602       2.85325413
    635.44726828       2.85131691
    636.66092359       2.84938966
    637.89227792       2.84747724
    639.14472607       2.84558237
    640.37254523       2.84370767
    641.59290508       2.84185587
    642.82149838       2.84003004
    644.12171531       2.83823212
    645.31553538       2.83646465
    646.52561818       2.83472943
    647.73856079       2.83302848
    648.99593172       2.83136322
    650.24258606       2.82973544
    651.45662514       2.82814711
    652.70858177       2.82660041
    653.92122805       2.82509728
    655.17742830       2.82363813
    656.39316927       2.82222082
    657.65037148       2.82084128
    658.89781368       2.81949338
    660.13098758       2.81816845
    661.36910600       2.81685695
    662.57299185       2.81554794
    663.80917160       2.81422916
    665.03845492       2.81288891
    666.27654971       2.81151478
    667.51485103       2.81009508
    668.75140509       2.80861884
    669.95733454       2.80707667
    671.20903596       2.80546075
    672.41300499       2.80376459
    673.62501182       2.80198184
    674.81877989       2.80010739
    676.04658818       2.79813785
    677.25347184       2.79607010
    678.50608258       2.79390368
    679.69939552       2.79163769
    680.94050324       2.78927120
    682.17343517       2.78680429
    683.40699520       2.78423777
    684.62305991       2.78157322
    685.84089835       2.77881320
    687.11143307       2.77596301
    688.34774893       2.77302955
    689.55684207       2.77002101
    690.78142711       2.76694680
    692.01744664       2.76381827
    693.25371807       2.76064823
    694.49897442       2.75745083
    695.70175672       2.75424152
    697.00257482       2.75103649
    698.23590279       2.74785201
    699.47244882       2.74470414
    700.81191041       2.74160775
    702.04295518       2.73857648
    703.31707091       2.73562241
    704.54308940       2.73275653
    705.75141974       2.72998833
    706.95537790       2.72732610
    708.23263985       2.72477730
    709.48221402       2.72234770
    710.72019869       2.72004243
    711.97684415       2.71786540
    713.21170388       2.71581892
    714.46521825       2.71390507
    715.68499253       2.71212499
    716.90010870       2.71047927
    718.10985311       2.70896722
    719.36507931       2.70758615
    720.64195748       2.70633179
    721.91283438       2.70519889
    723.12573208       2.70418029
    724.38644772       2.70326620
    725.61510908       2.70244506
    726.82602841       2.70170243
    728.07964629       2.70102261
    729.29335028       2.70038940
    730.47223472       2.69978687
    731.66468231       2.69919998
    732.88125792       2.69861356
    734.15676787       2.69801393
    735.40749853       2.69738764
    736.64080005       2.69672199
    737.85516948       2.69600588
    739.06857005       2.69523034
    740.28290451       2.69438799
    741.55913332       2.69347277
    742.79412868       2.69248044
    744.01932766       2.69140725
    745.29548840       2.69025086
    746.53074465       2.68900988
    747.76022411       2.68768391
    749.04333847       2.68627299
    750.29922869       2.68477857
    751.52470131       2.68320279
    752.75270195       2.68154923
    753.96813052       2.67982184
    755.24417973       2.67802497
    756.49122871       2.67616397
    757.74279732       2.67424485
    758.95642570       2.67227490
    760.16977711       2.67026306
    761.37831351       2.66821974
    762.59305017       2.66615599
    763.81377063       2.66408310
    765.04774751       2.66201093
    766.26144725       2.65994856
    767.51771887       2.65790434
    768.74542365       2.65588462
    770.00155396       2.65389344
    771.30243965       2.65193237
    772.53379681       2.65000149
    773.75045560       2.64809948
    774.98660274       2.64622345
    776.17803325       2.64437095
    777.38592453       2.64253972
    778.61767066       2.64072565
    779.84784723       2.63892331
    781.11587472       2.63712802
    782.37129232       2.63533409
    783.54462304       2.63353554
    784.79524453       2.63172803
    785.99970131       2.62990813
    787.18958589       2.62807258
    788.40435705       2.62621854
    789.64156757       2.62434313
    790.85042583       2.62244338
    792.08394710       2.62051761
    793.29636227       2.61856369
    794.49552243       2.61658044
    795.73925034       2.61456716
    796.94825794       2.61252538
    798.15618844       2.61045720
    799.40593985       2.60836583
    800.64319479       2.60625528
    801.91672118       2.60413198
    803.20536373       2.60200407
    804.44059162       2.59988099
    805.65342553       2.59777504
    806.92174084       2.59569843
    808.21977050       2.59366344
    809.45001182       2.59168181
    810.65952842       2.58976387
    811.93286812       2.58791821
    813.17510728       2.58615276
    814.43282180       2.58447319
    815.68953769       2.58288254
    816.90217262       2.58138190
    818.15396903       2.57997106
    819.37392338       2.57864889
    820.64591187       2.57741292
    821.91996900       2.57626029
    823.16684689       2.57518803
    824.39636936       2.57419146
    825.61070996       2.57326409
    826.83471227       2.57240019
    828.08290309       2.57159515
    829.31288542       2.57084387
    830.54841957       2.57014238
    831.76294733       2.56948826
    833.03615753       2.56887853
    834.26677127       2.56830929
    835.54660898       2.56777554
    836.74257188       2.56727183
    837.98884294       2.56679415
    839.20651738       2.56633847
    840.42255799       2.56589995
    841.67592349       2.56547497
    842.89339329       2.56506015
    844.14536410       2.56465317
    845.38286245       2.56425161
    846.61620082       2.56385288
    847.89457531       2.56345538
    849.10977466       2.56305732
    850.35626501       2.56265504
    851.59476624       2.56224555
    852.80836390       2.56182615
    854.06395353       2.56139140
    855.27832486       2.56093620
    856.49536410       2.56045475
    857.74062376       2.55994011
    858.97539983       2.55938487
    860.25243350       2.55878124
    861.51476832       2.55812028
    862.79332287       2.55739293
    864.01599949       2.55659055
    865.30834452       2.55570561
    866.51473524       2.55473113
    867.72753322       2.55366060
    868.98292767       2.55248965
    870.22192846       2.55121457
    871.48304204       2.54983294
    872.70681844       2.54834485
    873.92490075       2.54675331
    875.15954118       2.54506254
    876.39186201       2.54327775
    877.61047318       2.54140508
    878.82977532       2.53945093
    880.08173809       2.53742139
    882.14555693       2.53532243
    883.38425147       2.53316086
    884.63321644       2.53094573
    885.94615196       2.52868706
    887.16669943       2.52639329
    888.35609628       2.52407313
    889.59083171       2.52173631
    890.83171116       2.51939223
    892.08400854       2.51704962
    893.29769978       2.51471616
    894.53234399       2.51239864
    895.74262529       2.51010385
    896.95655519       2.50783739
    898.18321455       2.50560525
    899.41453721       2.50341536
    900.64889030       2.50127498
    901.88155897       2.49919095
    903.11987164       2.49717130
    904.37072424       2.49522317
    905.61997372       2.49335269
    906.84945602       2.49156538
    908.09839783       2.48986618
    909.32924504       2.48825923
    910.55117776       2.48674769
    911.76651039       2.48533431
    913.01519557       2.48402176
    914.23441169       2.48281174
    915.46844197       2.48170540
    916.70097643       2.48070398
    917.94549029       2.47980719
    919.15813184       2.47901364
    920.39179727       2.47832183
    921.64434703       2.47772905
    922.86190899       2.47723102
    924.09308751       2.47682347
    925.30623240       2.47650056
    926.55435563       2.47625552
    927.80628533       2.47608135
    929.01783702       2.47597063
    930.24608437       2.47591644
    931.49858120       2.47591228
    932.73184113       2.47595039
    933.92814621       2.47602188
    935.15502722       2.47611848
    936.38249003       2.47623257
    937.62306936       2.47635617
    938.85175624       2.47648128
    940.08922765       2.47660171
    941.30044662       2.47671380
    942.51070760       2.47681499
    943.72790706       2.47690456
    944.97014906       2.47698434
    946.22365635       2.47705769
    947.41542621       2.47712776
    948.64879199       2.47719847
    950.52553642       2.47727284
    951.80635764       2.47735309
    953.03774694       2.47744035
    954.23592311       2.47753495
    955.42847137       2.47763634
    956.64217205       2.47774184
    957.88332939       2.47784672
    959.13889729       2.47794522
    960.36970528       2.47802994
    961.60542138       2.47809183
    962.82065618       2.47812027
    964.05173309       2.47810328
    965.29602766       2.47802791
    966.52292474       2.47788083
    967.73576573       2.47764921
    968.95108607       2.47731991
    970.26340813       2.47688019
    971.47193839       2.47631759
    972.71300452       2.47561897
    973.92333497       2.47477283
    975.10946084       2.47376916
    976.34531968       2.47259958
    977.59268342       2.47125770
    978.83132928       2.46973899
    980.04893756       2.46803955
    981.26342798       2.46615783
    982.49282379       2.46409580
    983.76215286       2.46185948
    984.96014850       2.45945710
    986.16842259       2.45690016
    987.43589334       2.45420481
    988.66824111       2.45138991
    989.88350615       2.44847576
    991.15232905       2.44548645
    992.38762359       2.44244813
    993.64092056       2.43938727
    994.89636132       2.43633028
    996.16077188       2.43330398
    997.38934628       2.43033449
    998.63899276       2.42744837
    999.86830822       2.42467096
   1001.07805499       2.42202637
   1002.30719512       2.41953678
   1003.54339755       2.41722168
   1004.75794941       2.41509812
   1006.01318789       2.41318137
   1007.22288362       2.41148462
   1008.47597217       2.41001967
   1009.67234342       2.40879520
   1010.94327136       2.40781832
   1012.18004046       2.40709416
   1013.48048991       2.40662507
   1014.73596092       2.40641019
   1015.96741639       2.40644605
   1017.20098635       2.40672629
   1018.41424466       2.40724159
   1019.64521807       2.40798010
   1020.92111887       2.40892840
   1022.16830161       2.41007046
   1023.42481521       2.41138873
   1024.66491672       2.41286317
   1025.94901176       2.41447191
   1027.20267406       2.41619140
   1028.50673195       2.41799823
   1029.76707186       2.41986881
   1031.05464818       2.42177913
   1032.26974356       2.42370406
   1033.51882054       2.42562024
   1035.28164263       2.42750559
   1036.53789345       2.42933867
   1037.79304497       2.43109917
   1039.02173895       2.43276901
   1040.31317041       2.43433029
   1041.55483392       2.43576598
   1042.79155292       2.43706088
   1043.99080477       2.43820201
   1045.24313950       2.43917893
   1046.49538254       2.43998385
   1047.72429155       2.44061076
   1048.99118759       2.44105586
   1050.23846296       2.44131745
   1051.47644526       2.44139597
   1052.73922576       2.44129343
   1053.96691022       2.44101578
   1055.17316483       2.44057127
   1056.36370824       2.43997034
   1057.62282927       2.43922442
   1058.84474450       2.43834779
   1060.07925119       2.43735576
   1061.30946226       2.43626373
   1062.51991086       2.43508794
   1063.75581129       2.43384617
   1064.96852610       2.43255606
   1066.22136652       2.43123555
   1067.43872715       2.42990218
   1068.66958145       2.42857379
   1069.90674282       2.42726716
   1071.14860295       2.42599792
   1072.36841598       2.42477968
   1073.65467465       2.42362474
   1074.90256631       2.42254403
   1076.11994820       2.42154684
   1077.35470017       2.42064037
   1078.57082160       2.41983059
   1079.80498185       2.41912200
   1081.02105601       2.41851768
   1082.27587859       2.41801707
   1083.48536306       2.41761725
   1084.72788107       2.41731239
   1085.96234947       2.41709434
   1087.17796567       2.41695199
   1088.45665728       2.41687296
   1089.70582027       2.41684453
   1090.93007637       2.41685361
   1092.16292559       2.41688698
   1093.39670492       2.41693075
   1094.60869331       2.41697044
   1095.81219256       2.41699132
   1097.02947615       2.41697812
   1098.29024047       2.41691567
   1099.57552555       2.41678987
   1100.85147409       2.41658937
   1102.06047129       2.41630364
   1103.35085638       2.41592524
   1104.57394417       2.41544932
   1105.80538499       2.41487344
   1107.02740231       2.41419675
   1108.22569475       2.41342030
   1109.48657911       2.41254839
   1110.70055154       2.41158796
   1111.96029879       2.41054701
   1113.20994811       2.40943636
   1114.48432142       2.40826882
   1115.69666144       2.40705911
   1116.91196145       2.40582267
   1118.15896648       2.40457558
   1119.39220513       2.40333447
   1120.63704511       2.40211588
   1121.82868357       2.40093594
   1123.07681296       2.39980918
   1124.29714918       2.39874928
   1125.53299242       2.39776913
   1126.77101064       2.39687834
   1128.00248218       2.39608340
   1129.19525493       2.39538804
   1130.43311152       2.39479450
   1131.65613031       2.39430296
   1132.91380513       2.39391187
   1134.12926536       2.39361837
   1135.38170123       2.39341912
   1136.62465404       2.39331016
   1137.83872904       2.39328495
   1139.06947511       2.39333480
   1140.28280763       2.39344971
   1141.57671654       2.39361777
   1142.81338072       2.39382591
   1144.02514037       2.39406056
   1145.25448324       2.39430876
   1146.49041723       2.39455920
   1147.71631520       2.39480163
   1148.90454326       2.39502761
   1150.17805027       2.39523031
   1151.43601480       2.39540261
   1152.68310443       2.39553739
   1153.90791586       2.39562930
   1155.13461491       2.39567532
   1156.35023442       2.39567521
   1157.59289326       2.39563111
   1158.80573284       2.39554684
   1160.02940006       2.39543019
   1161.26189623       2.39529096
   1162.48821767       2.39513987
   1163.74709955       2.39498830
   1164.96684122       2.39484762
   1166.18392442       2.39472897
   1167.39152031       2.39464365
   1168.63557716       2.39460324
   1169.85403709       2.39461976
   1171.06999924       2.39470654
   1172.32244362       2.39487627
   1173.56896469       2.39514028
   1174.82627323       2.39551014
   1176.08042895       2.39599705
   1177.33249192       2.39661146
   1178.54668365       2.39736352
   1179.76004499       2.39826158
   1181.03246025       2.39931260
   1182.32289875       2.40052082
   1183.57074172       2.40188721
   1184.78873944       2.40340877
   1186.01949874       2.40507969
   1187.25463590       2.40689155
   1188.51172467       2.40883174
   1189.76107577       2.41088473
   1190.97605299       2.41303255
   1192.22047233       2.41525446
   1193.47060419       2.41752737
   1194.70850852       2.41982478
   1195.92574579       2.42211845
   1197.16200966       2.42437645
   1198.42364217       2.42656571
   1199.70120470       2.42865371
   1200.93993090       2.43061022
   1202.13378831       2.43240678
   1203.36388595       2.43401625
   1204.59006560       2.43541297
   1205.79293344       2.43657283
   1207.05950952       2.43747485
   1208.28364605       2.43809954
   1209.54931329       2.43842866
   1210.80257860       2.43844782
   1212.04833072       2.43814667
   1213.26220012       2.43751967
   1214.51794525       2.43656745
   1215.73168374       2.43529639
   1216.98734805       2.43371816
   1218.23912415       2.43184933
   1219.45575694       2.42971020
   1220.68275658       2.42732595
   1221.95334991       2.42472544
   1223.20280073       2.42194086
   1224.46060363       2.41900813
   1225.71718528       2.41596611
   1226.93585175       2.41285387
   1228.14065401       2.40971094
   1229.36797739       2.40657589
   1230.57025918       2.40348647
   1231.81998176       2.40047960
   1233.03445659       2.39758977
   1234.28838876       2.39484872
   1235.48602945       2.39228431
   1236.72179519       2.38992153
   1237.96980736       2.38778215
   1239.16524992       2.38588386
   1240.43841569       2.38424034
   1241.66894247       2.38286099
   1242.86759788       2.38175224
   1244.11062631       2.38091635
   1245.33204199       2.38035407
   1246.61459393       2.38006276
   1247.83014821       2.38003680
   1249.10819423       2.38026621
   1250.29219190       2.38073626
   1251.52809422       2.38142860
   1252.74790442       2.38232186
   1253.99980717       2.38339279
   1255.20564588       2.38461575
   1256.45127276       2.38596407
   1257.67783475       2.38741148
   1258.93053529       2.38893066
   1260.14291075       2.39049396
   1261.40169622       2.39207513
   1262.61176012       2.39364835
   1263.87463419       2.39518784
   1265.09879388       2.39666952
   1266.30381874       2.39807035
   1267.60006144       2.39936949
   1269.02150784       2.40054753
   1270.61222801       2.40158835
   1272.70482778       2.40247830
   1274.46478014       2.40320528
   1276.29960158       2.40375806
   1278.13467635       2.40412791
   1279.35016400       2.40430882
   1280.68219275       2.40429809
   1282.45781282       2.40409620
   1284.00321852       2.40370498
   1285.92034284       2.40312911
   1287.33769826       2.40237630
   1288.54930384       2.40145751
   1289.77053850       2.40038642
   1291.00347657       2.39917910
   1292.30479753       2.39785371
   1293.57539889       2.39643054
   1294.80810774       2.39493255
   1296.02567962       2.39338392
   1297.25602303       2.39181001
   1298.49769883       2.39023555
   1299.71448523       2.38868533
   1300.96219682       2.38718281
   1302.28440460       2.38575006
   1303.49006229       2.38440871
   1304.74012940       2.38317957
   1306.02226922       2.38208220
   1307.28532006       2.38113411
   1308.51097747       2.38035036
   1309.71631803       2.37974258
   1310.96862582       2.37931933
   1312.20086678       2.37908728
   1313.44520436       2.37905191
   1314.70809781       2.37921546
   1315.94828818       2.37957758
   1317.17798410       2.38013676
   1318.39394909       2.38088879
   1319.61744948       2.38182780
   1320.85095469       2.38294567
   1322.07039199       2.38423301
   1323.27455243       2.38567786
   1324.54388812       2.38726691
   1325.75966785       2.38898528
   1326.93050362       2.39081819
   1328.18458939       2.39275091
   1329.43316729       2.39476829
   1330.76456841       2.39685532
   1332.03504688       2.39899602
   1333.23821247       2.40117511
   1334.66918398       2.40337747
   1335.93051638       2.40558856
   1337.04957417       2.40779512
   1338.23471085       2.40998495
   1339.38738019       2.41214636
   1340.53779940       2.41426940
   1341.71686391       2.41634592
   1342.81788192       2.41836750
   1343.93765478       2.42032694
   1345.08882025       2.42221812
   1346.20800660       2.42403659
   1347.32572405       2.42577872
   1348.48998998       2.42744141
   1349.62494943       2.42902312
   1350.74404928       2.43052320
   1351.83195739       2.43194130
   1353.00107048       2.43327745
   1354.23301369       2.43453175
   1355.43549587       2.43570508
   1356.65772256       2.43679998
   1357.85817154       2.43782084
   1359.04216118       2.43877330
   1360.23273390       2.43966318
   1361.43096820       2.44049743
   1362.61565873       2.44128365
   1363.76731856       2.44202854
   1364.91815179       2.44273906
   1366.08997486       2.44342174
   1367.30849481       2.44408306
   1368.46437983       2.44472883
   1369.71741828       2.44536473
   1370.91533499       2.44599490
   1372.07218935       2.44662312
   1373.26950016       2.44725222
   1374.45242311       2.44788341
   1375.66972513       2.44851690
   1376.87404720       2.44915062
   1378.07457323       2.44978159
   1379.27863395       2.45040593
   1380.42953617       2.45102044
   1381.66086546       2.45162191
   1382.86966038       2.45220624
   1384.08141530       2.45276869
   1385.28435214       2.45330555
   1386.52682572       2.45381260
   1387.78536448       2.45428536
   1389.05365522       2.45472126
   1390.33372734       2.45511820
   1391.58833866       2.45547476
   1392.85715258       2.45578925
   1394.03817797       2.45606054
   1395.20718330       2.45628954
   1396.43757680       2.45647789
   1397.62263077       2.45662761
   1398.86138581       2.45674170
   1400.00961680       2.45682405
   1401.24628382       2.45687979
   1402.51273607       2.45691529
   1403.74248681       2.45693822
   1404.96571970       2.45695699
   1406.19940498       2.45697994
   1407.40615725       2.45701579
   1408.63299620       2.45707284
   1409.82199227       2.45715881
   1411.00683451       2.45728133
   1412.20673668       2.45744722
   1413.45527440       2.45766268
   1414.71542857       2.45793256
   1415.91063246       2.45826014
   1417.16164764       2.45864666
   1418.38120546       2.45909274
   1419.58684850       2.45959770
   1420.82222338       2.46015928
   1422.07076157       2.46077406
   1423.29110252       2.46143719
   1424.58722754       2.46214324
   1425.76711156       2.46288606
   1426.98852251       2.46365904
   1428.18666040       2.46445455
   1429.38950791       2.46526341
   1430.60150245       2.46607587
   1431.79254069       2.46688182
   1433.02705399       2.46766990
   1434.26750477       2.46842901
   1435.50065174       2.46914870
   1436.70383292       2.46981805
   1437.90037148       2.47042632
   1439.13554597       2.47096315
   1440.30187156       2.47141957
   1441.50960924       2.47178749
   1442.75354651       2.47205840
   1444.05157712       2.47222429
   1445.20301718       2.47227831
   1446.37009188       2.47221462
   1447.55576970       2.47202878
   1448.72409069       2.47171842
   1449.87464081       2.47128283
   1451.05954969       2.47072323
   1452.29181523       2.47004189
   1453.47716033       2.46924299
   1454.62756205       2.46833178
   1455.83072575       2.46731487
   1457.03061610       2.46620026
   1458.23688725       2.46499749
   1459.43628136       2.46371721
   1460.63594769       2.46237087
   1461.84343772       2.46097079
   1463.07101348       2.45953018
   1464.32588001       2.45806343
   1465.57314498       2.45658511
   1466.81386988       2.45510894
   1468.03256187       2.45364783
   1469.26184188       2.45221393
   1470.45083700       2.45081826
   1471.66205267       2.44947105
   1472.93131085       2.44818180
   1474.18581583       2.44695900
   1475.42059332       2.44580911
   1476.61132578       2.44473764
   1477.81438834       2.44374894
   1479.01399560       2.44284659
   1480.24391034       2.44203373
   1481.47665605       2.44131285
   1482.76360994       2.44068517
   1483.97869066       2.44015110
   1485.17888774       2.43971063
   1486.35546108       2.43936280
   1487.57137503       2.43910460
   1488.83149753       2.43893179
   1490.06070571       2.43883988
   1491.22559550       2.43882368
   1492.40925052       2.43887746
   1493.61275923       2.43899600
   1494.83311814       2.43917377
   1496.01631614       2.43940558
   1497.23433465       2.43968743
   1498.46635442       2.44001532
   1499.74023621       2.44038608
   1500.98965442       2.44079720
   1502.17220400       2.44124751
   1503.39072348       2.44173717
   1504.54459752       2.44226755
   1505.75204265       2.44284064
   1507.00199491       2.44345925
   1508.18046581       2.44412612
   1509.38666087       2.44484386
   1510.65261735       2.44561439
   1511.85290990       2.44643837
   1513.03993941       2.44731500
   1514.18947483       2.44824337
   1515.35775658       2.44922274
   1516.51394928       2.45025222
   1517.74484186       2.45133120
   1518.91101622       2.45245881
   1520.09693933       2.45363333
   1521.30273645       2.45485269
   1522.48270743       2.45611488
   1523.73087368       2.45741757
   1524.98074465       2.45875815
   1526.13442539       2.46013356
   1527.31465679       2.46154038
   1528.56996569       2.46297436
   1529.81764183       2.46443054
   1530.98714955       2.46590262
   1532.17054086       2.46738156
   1533.40503809       2.46885612
   1534.59940687       2.47031470
   1535.81321672       2.47174474
   1537.01262595       2.47313246
   1538.24907603       2.47446413
   1539.42119402       2.47572715
   1540.67138496       2.47690919
   1541.92272624       2.47800068
   1543.15739834       2.47899370
   1544.40976993       2.47988134
   1545.65807135       2.48065841
   1546.82537006       2.48132193
   1548.03009764       2.48187108
   1549.32824782       2.48230657
   1550.51234616       2.48263038
   1551.68218472       2.48284564
   1552.88338044       2.48295602
   1554.06919249       2.48296529
   1555.27191098       2.48287811
   1556.48564711       2.48269927
   1557.69080194       2.48243426
   1558.87606811       2.48209029
   1560.12279902       2.48167595
   1561.32744721       2.48120107
   1562.49913275       2.48067671
   1563.68915156       2.48011503
   1564.88425383       2.47952902
   1566.08774316       2.47893260
   1567.25757037       2.47834098
   1568.50174396       2.47776920
   1569.68873613       2.47723238
   1570.89084731       2.47674499
   1572.17333072       2.47632131
   1573.40639356       2.47597386
   1574.63589618       2.47571266
   1575.84190550       2.47554532
   1577.09807598       2.47547612
   1578.34500822       2.47550647
   1579.56617625       2.47563668
   1580.81408350       2.47586620
   1582.06780961       2.47619315
   1583.30475405       2.47661535
   1584.55195380       2.47713170
   1585.72559786       2.47774187
   1586.97553642       2.47844528
   1588.21216893       2.47924187
   1589.42432558       2.48013047
   1590.67762728       2.48110871
   1591.89829669       2.48217410
   1593.08412670       2.48332387
   1594.33115630       2.48455433
   1595.53474914       2.48586026
   1596.81478345       2.48723513
   1598.03480443       2.48867128
   1599.31491956       2.49015890
   1600.59172779       2.49168692
   1601.77947237       2.49324379
   1603.02925780       2.49481691
   1604.27425657       2.49639440
   1605.49437634       2.49796592
   1606.69848526       2.49952145
   1607.91762245       2.50105320
   1609.13661124       2.50255535
   1610.40502108       2.50402331
   1611.63581583       2.50545307
   1612.80883793       2.50684115
   1614.04121217       2.50818445
   1615.24440186       2.50947921
   1616.46219682       2.51072127
   1617.71396724       2.51190587
   1618.91511286       2.51302796
   1620.11813950       2.51408061
   1621.30387357       2.51505638
   1622.51989905       2.51594806
   1623.77267662       2.51674831
   1625.07098323       2.51745124
   1626.30453617       2.51805339
   1627.58953769       2.51855297
   1628.87500898       2.51895057
   1630.16077613       2.51924892
   1631.39357572       2.51945292
   1632.66668100       2.51956805
   1633.89807031       2.51960006
   1635.11541628       2.51955486
   1636.37176825       2.51943838
   1637.58629459       2.51925620
   1638.77350039       2.51901571
   1639.97245023       2.51872319
   1641.17731393       2.51838385
   1642.37794535       2.51800201
   1643.59529936       2.51758174
   1644.84367166       2.51712631
   1646.04465612       2.51663837
   1647.22920109       2.51612198
   1648.44674320       2.51558217
   1649.64948485       2.51502511
   1650.90220665       2.51445938
   1652.08598928       2.51389546
   1653.28559087       2.51334421
   1654.50444732       2.51281767
   1655.70591432       2.51232672
   1656.89643269       2.51187967
   1658.16146662       2.51148260
   1659.35282861       2.51114037
   1660.51477872       2.51085577
   1661.72056166       2.51062869
   1662.96600516       2.51045776
   1664.17052716       2.51034058
   1665.37280517       2.51027325
   1666.62111698       2.51025074
   1667.83664149       2.51026847
   1669.00869473       2.51032196
   1670.26038528       2.51040731
   1671.46266991       2.51052250
   1672.68061279       2.51066686
   1673.88380768       2.51083947
   1675.04976322       2.51104071
   1676.25092207       2.51127072
   1677.45124156       2.51152995
   1678.67379341       2.51181793
   1679.90731185       2.51213327
   1681.10863943       2.51247446
   1682.30830246       2.51283978
   1683.56443985       2.51322762
   1684.79883831       2.51363721
   1686.06939429       2.51406471
   1687.31820047       2.51450684
   1688.50598191       2.51496161
   1689.73702431       2.51542831
   1690.97392291       2.51590695
   1692.30048916       2.51639972
   1693.57022610       2.51691028
   1694.73662306       2.51744310
   1695.99082273       2.51800403
   1697.25876893       2.51859994
   1698.49551818       2.51923693
   1699.74615668       2.51991940
   1701.00830340       2.52064948
   1702.19200144       2.52142681
   1703.34773050       2.52224855
   1704.49823525       2.52311201
   1705.66693952       2.52401383
   1706.85021173       2.52494904
   1708.03333790       2.52591250
   1709.25101707       2.52690026
   1710.43970688       2.52790729
   1711.65710295       2.52892904
   1712.80977277       2.52996271
   1713.99182515       2.53100639
   1715.16012912       2.53205927
   1716.34333374       2.53312167
   1717.51248464       2.53419473
   1718.66524189       2.53527952
   1719.84477664       2.53637669
   1721.06787105       2.53748740
   1722.27281131       2.53861120
   1723.45594693       2.53974724
   1724.65308382       2.54089347
   1725.82065996       2.54204679
   1726.97466161       2.54320484
   1728.21014897       2.54436482
   1729.38547413       2.54552477
   1730.56245534       2.54668169
   1731.71875484       2.54783209
   1732.86693574       2.54897610
   1734.06264438       2.55011525
   1735.22074456       2.55125146
   1736.41895854       2.55238759
   1737.62390400       2.55352762
   1738.79040777       2.55467532
   1739.99308373       2.55583521
   1741.22547214       2.55701150
   1742.47401223       2.55820717
   1743.69177364       2.55942344
   1744.87940620       2.56066066
   1746.08165019       2.56191795
   1747.31645415       2.56319500
   1748.51702081       2.56449115
   1749.71808798       2.56580672
   1750.93450337       2.56714090
   1752.15363962       2.56849218
   1753.32225032       2.56986009
   1754.48832826       2.57124362
   1755.62503450       2.57264096
   1756.79216307       2.57405297
   1757.93944222       2.57548096
   1759.09219332       2.57692484
   1760.22872705       2.57838415
   1761.37514178       2.57985749
   1762.52536344       2.58134259
   1763.69371987       2.58283620
   1764.84282143       2.58433288
   1765.99482343       2.58582571
   1767.13016003       2.58730627
   1768.35060070       2.58876585
   1769.53423020       2.59019461
   1770.69969233       2.59158249
   1771.93404210       2.59292058
   1773.09140405       2.59420003
   1774.28667599       2.59541209
   1775.49020549       2.59654772
   1776.65828308       2.59760092
   1777.85966974       2.59856807
   1779.01016362       2.59944542
   1780.15876373       2.60023076
   1781.29444865       2.60092389
   1782.44649129       2.60152477
   1783.64588020       2.60203352
   1784.86132578       2.60245103
   1785.99906847       2.60277813
   1787.20226998       2.60301603
   1788.36772454       2.60316680
   1789.53133259       2.60323355
   1790.70162864       2.60321982
   1791.87271821       2.60313076
   1793.00585525       2.60297080
   1794.15650179       2.60274527
   1795.35942870       2.60246013
   1796.57884332       2.60212159
   1797.72724682       2.60173740
   1798.86566015       2.60131417
   1800.02792219       2.60086034
   1801.18264552       2.60038500
   1802.32975878       2.59989449
   1803.55019897       2.59939398
   1804.72009897       2.59888848
   1805.91992221       2.59838174
   1807.09017572       2.59787576
   1808.22344509       2.59737055
   1809.39029624       2.59686424
   1810.53980661       2.59635506
   1811.67633703       2.59584070
   1812.84454411       2.59531773
   1814.03137560       2.59478215
   1815.18483846       2.59423039
   1816.33236006       2.59365926
   1817.48740855       2.59306535
   1818.65087859       2.59244533
   1819.80542517       2.59179793
   1821.10383576       2.59112393
   1822.30806709       2.59042372
   1823.52793589       2.58969774
   1824.79867384       2.58894773
   1826.11090232       2.58817488
   1827.36110271       2.58737948
   1828.56465820       2.58656271
   1829.80725892       2.58572650
   1831.00187960       2.58487330
   1832.22313789       2.58400600
   1833.45467040       2.58312843
   1834.65980679       2.58224530
   1835.89021353       2.58136188
   1837.16616254       2.58048377
   1838.33639431       2.57961593
   1839.54832836       2.57876521
   1840.73303212       2.57793842
   1841.93362998       2.57714124
   1843.11619515       2.57637965
   1844.30413209       2.57565915
   1845.49206429       2.57498676
   1846.68768408       2.57436707
   1847.89328128       2.57380376
   1849.19320944       2.57330207
   1850.37960234       2.57286587
   1851.62615744       2.57249737
   1852.88379539       2.57219848
   1854.11374369       2.57197169
   1855.28648931       2.57182009
   1856.50262302       2.57174726
   1857.73305575       2.57175571
   1858.92227584       2.57184770
   1860.09252557       2.57202600
   1861.33868981       2.57229405
   1862.57005501       2.57265495
   1863.77929608       2.57311204
   1864.99621198       2.57366798
   1866.21987589       2.57432513
   1867.43822618       2.57508418
   1868.58875173       2.57594390
   1869.76378197       2.57690243
   1870.96332542       2.57795702
   1872.15771877       2.57910345
   1873.35561516       2.58033784
   1874.56335095       2.58165518
   1875.78008819       2.58304915
   1876.96498573       2.58451302
   1878.16541155       2.58603924
   1879.38228066       2.58761997
   1880.55215041       2.58924647
   1881.75843857       2.59090814
   1882.95879209       2.59259348
   1884.17878377       2.59429069
   1885.36722971       2.59598820
   1886.70997741       2.59767282
   1888.32458693       2.59933087
   1889.61777180       2.60095039
   1890.96661436       2.60252057
   1892.22124175       2.60403100
   1893.48664480       2.60547108
   1894.70882328       2.60683301
   1895.98485028       2.60811110
   1897.19088795       2.60929875
   1898.46142125       2.61039140
   1899.64155812       2.61138625
   1900.84355587       2.61228170
   1902.09183035       2.61307694
   1903.27983440       2.61377162
   1904.52839528       2.61436550
   1905.69653288       2.61486033
   1906.88299336       2.61525847
   1908.13152116       2.61556320
   1909.38739957       2.61577729
   1910.61801993       2.61590432
   1911.85415808       2.61594663
   1913.05707602       2.61590724
   1914.24102028       2.61578997
   1915.45773153       2.61559962
   1916.70097548       2.61534199
   1917.93152116       2.61502352
   1919.13354302       2.61465178
   1920.30406308       2.61423519
   1921.50542233       2.61378018
   1922.75989234       2.61329509
   1923.99191211       2.61278965
   1925.15894474       2.61227268
   1926.35928455       2.61175269
   1927.59164319       2.61123709
   1928.81351731       2.61073282
   1930.04844415       2.61024779
   1931.31618759       2.60978963
   1932.58100129       2.60936537
   1933.84043755       2.60898125
   1935.04068378       2.60864395
   1936.21719899       2.60836095
   1937.43156512       2.60813887
   1938.62045910       2.60798354
   1939.86433541       2.60790012
   1941.10453192       2.60789318
   1942.29176749       2.60796518
   1943.50771452       2.60811504
   1944.69547375       2.60834099
   1945.94398501       2.60863859
   1947.17669244       2.60900314
   1948.34731743       2.60942821
   1949.54960395       2.60990571
   1950.75191741       2.61042622
   1952.00010256       2.61098010
   1953.20729862       2.61155582
   1954.42250884       2.61214199
   1955.58958873       2.61272687
   1956.78719067       2.61330026
   1957.94833781       2.61385191
   1959.11253852       2.61437467
   1960.29347127       2.61486396
   1961.45416612       2.61531642
   1962.64985680       2.61573026
   1963.83503223       2.61610604
   1965.02101395       2.61644664
   1966.23787502       2.61675607
   1967.45250345       2.61703970
   1968.65318402       2.61730738
   1969.87027714       2.61756961
   1971.07425752       2.61783705
   1972.37286755       2.61812206
   1973.60850993       2.61843849
   1974.83541931       2.61880230
   1976.11225637       2.61923055
   1977.33163034       2.61973907
   1978.56859274       2.62034373
   1979.76794856       2.62105997
   1981.01669660       2.62190295
   1982.23769165       2.62288634
   1983.42732007       2.62402202
   1984.67499291       2.62532017
   1985.89033877       2.62678781
   1987.04056705       2.62842875
   1988.24305254       2.63024333
   1989.42935611       2.63222834
   1990.63171872       2.63437882
   1991.88147248       2.63668635
   1993.19238000       2.63914080
   1994.43666560       2.64172674
   1995.64131803       2.64442515
   1996.87419277       2.64721477
   1998.07552271       2.65007313
   1999.31120574       2.65297672
   2000.59548604       2.65590195
   2001.79748095       2.65882454
   2002.98016901       2.66172004
   2004.20650179       2.66456357
   2005.40098399       2.66733206
   2006.58461302       2.67000193
   2007.78582103       2.67254888
   2009.04008687       2.67495041
   2010.26139384       2.67718575
   2011.44404503       2.67923590
   2012.64343819       2.68108387
   2013.86202904       2.68271570
   2015.11357213       2.68412089
   2016.33244560       2.68529025
   2017.56878556       2.68621716
   2018.75353281       2.68689782
   2019.97148042       2.68733193
   2021.22106972       2.68752200
   2022.42518527       2.68747232
   2023.68948334       2.68718932
   2024.95959695       2.68668322
   2026.17968883       2.68596588
   2027.38109486       2.68505143
   2028.58414040       2.68395556
   2029.73260440       2.68269664
   2030.93550532       2.68129407
   2032.09654470       2.67976677
   2033.34993383       2.67813484
   2034.57364832       2.67641931
   2035.80359661       2.67464094
   2036.97644999       2.67282110
   2038.25942681       2.67097974
   2039.45748199       2.66913568
   2040.71724011       2.66730528
   2041.91489073       2.66550545
   2043.13732490       2.66375399
   2044.42165482       2.66206838
   2045.70762236       2.66046410
   2046.89272832       2.65895381
   2048.08295556       2.65754805
   2049.30084551       2.65625522
   2050.50613409       2.65508213
   2051.70431924       2.65403339
   2052.91180407       2.65311013
   2054.11278475       2.65231208
   2055.38182128       2.65163828
   2056.58129951       2.65108559
   2057.78616604       2.65064950
   2059.01687903       2.65032388
   2060.19091773       2.65010123
   2061.42151398       2.64997294
   2062.62429675       2.64992936
   2063.84388859       2.64996090
   2065.04562830       2.65005928
   2066.24655935       2.65021803
   2067.47979564       2.65043126
   2068.64909210       2.65069377
   2069.80115838       2.65100117
   2071.05794752       2.65135009
   2072.32786311       2.65173677
   2073.61458495       2.65215933
   2074.81894153       2.65261690
   2076.06969015       2.65311016
   2077.33109014       2.65363940
   2078.57992419       2.65420536
   2079.79626869       2.65481019
   2080.94903019       2.65545542
   2082.13040862       2.65614197
   2083.38367960       2.65687096
   2084.64981473       2.65764180
   2085.89030522       2.65845355
   2087.07458552       2.65930519
   2088.30688555       2.66019627
   2089.50712611       2.66112565
   2090.67880315       2.66208969
   2091.87647456       2.66308208
   2093.06009887       2.66409447
   2094.28155236       2.66511783
   2095.53427416       2.66614108
   2096.73507713       2.66715224
   2097.96486710       2.66813788
   2099.22134147       2.66908346
   2100.43646757       2.66997475
   2101.64091442       2.67079729
   2102.87238832       2.67153603
   2104.09335170       2.67217692
   2105.34533244       2.67270694
   2106.57880740       2.67311562
   2107.78439467       2.67339589
   2109.00470821       2.67354407
   2110.25272038       2.67355974
   2111.45959790       2.67344641
   2112.66126907       2.67320966
   2113.90842723       2.67285680
   2115.08208500       2.67239633
   2116.28464610       2.67183852
   2117.48295272       2.67119554
   2118.71401261       2.67048133
   2120.10340331       2.66971262
   2121.33728661       2.66890670
   2122.52576422       2.66808130
   2124.24282804       2.66725382
   2125.75188999       2.66644187
   2127.14218859       2.66566226
   2128.52681012       2.66493075
   2129.78182269       2.66426285
   2131.25935875       2.66367327
   2132.44320141       2.66317585
   2133.64401904       2.66278461
   2134.83923616       2.66251280
   2136.04683583       2.66237181
   2137.24709057       2.66237042
   2138.52897471       2.66251271
   2139.70279080       2.66280050
   2140.95425686       2.66323347
   2142.15176050       2.66381003
   2143.43549587       2.66452631
   2144.66275876       2.66537785
   2146.57610167       2.66635766
   2148.13804327       2.66745692
   2149.81452398       2.66866625
   2151.43899985       2.66997482
   2152.68028858       2.67137019
   2153.96260138       2.67284001
   2155.31951339       2.67437241
   2156.64813364       2.67595686
   2157.78081460       2.67758286
   2159.13254343       2.67923928
   2160.37942227       2.68091474
   2161.72675152       2.68259760
   2163.04236961       2.68427453
   2164.25323412       2.68593147
   2165.43542450       2.68755345
   2166.58357516       2.68912669
   2167.72679453       2.69063763
   2168.98511730       2.69207353
   2170.13797994       2.69342174
   2171.30267974       2.69466950
   2172.47228104       2.69580452
   2173.69682685       2.69681636
   2174.87624298       2.69769659
   2176.06146284       2.69843887
   2177.26184046       2.69903927
   2178.46617814       2.69949680
   2179.66909607       2.69981341
   2180.86744617       2.69999408
   2182.10126141       2.70004562
   2183.28687827       2.69997538
   2184.45121841       2.69979023
   2185.67085326       2.69949817
   2186.85940176       2.69910682
   2188.07317712       2.69862730
   2189.41787814       2.69807145
   2190.59960442       2.69745192
   2191.80053358       2.69678120
   2193.19860673       2.69607190
   2194.41629062       2.69533559
   2195.72662202       2.69458400
   2196.95334991       2.69382864
   2198.15588644       2.69308004
   2199.63385636       2.69234870
   2200.96372195       2.69164605
   2202.15301907       2.69098395
   2203.71001191       2.69037277
   2205.01740316       2.68982091
   2206.27730826       2.68933564
   2207.55667760       2.68892303
   2208.73152116       2.68858650
   2209.86459346       2.68832748
   2211.01519510       2.68814660
   2212.15569172       2.68804371
   2213.31211127       2.68801948
   2214.46037346       2.68807270
   2215.58135528       2.68820139
   2216.77878093       2.68840251
   2217.96308581       2.68867347
   2219.13084958       2.68901087
   2220.26542857       2.68941275
   2221.46773068       2.68987705
   2222.71427444       2.69040158
   2223.88896109       2.69098420
   2225.08538244       2.69162350
   2226.29243908       2.69231792
   2227.55566006       2.69306484
   2228.73661786       2.69386022
   2229.92418899       2.69469844
   2231.14748332       2.69557354
   2232.34705465       2.69648044
   2233.54632966       2.69741289
   2234.74401242       2.69836659
   2235.94762321       2.69933622
   2237.23143467       2.70031667
   2238.43262614       2.70130265
   2239.58577377       2.70228968
   2240.80739787       2.70327325
   2242.00388774       2.70424915
   2243.16265006       2.70521375
   2244.39101272       2.70616475
   2245.60875900       2.70710100
   2246.84145178       2.70802241
   2248.00994102       2.70892861
   2249.16617294       2.70981857
   2250.39410883       2.71069187
   2251.61424372       2.71154851
   2252.81511050       2.71238827
   2254.01460480       2.71320957
   2255.20890032       2.71401245
   2256.40976520       2.71479771
   2257.64480264       2.71556566
   2258.84250147       2.71631729
   2260.06453391       2.71705114
   2261.26532507       2.71776586
   2262.67907963       2.71845973
   2263.88165161       2.71913093
   2265.29294572       2.71977646
   2266.73149328       2.72039426
   2268.12386808       2.72098065
   2269.41167458       2.72153156
   2270.99092387       2.72204313
   2272.18227735       2.72251139
   2273.50180445       2.72293136
   2275.30675558       2.72329718
   2276.68526996       2.72360308
   2278.02670993       2.72384354
   2279.71834414       2.72401482
   2280.87676333       2.72411406
   2282.03997060       2.72413997
   2283.17749163       2.72409372
   2284.73433229       2.72397681
   2286.05333100       2.72379122
   2287.45842675       2.72353956
   2288.94580411       2.72322606
   2290.27063869       2.72285533
   2291.45320387       2.72243381
   2292.87319555       2.72197013
   2294.20588313       2.72147472
   2295.64128070       2.72095895
   2296.85776934       2.72043553
   2298.01345823       2.71991693
   2299.16052848       2.71941664
   2300.31556610       2.71894826
   2301.51498998       2.71852571
   2302.66039284       2.71816246
   2303.78583804       2.71787051
   2305.01954553       2.71766321
   2306.18298108       2.71755186
   2307.43312192       2.71754569
   2308.61955546       2.71765346
   2309.79066629       2.71788032
   2310.98926026       2.71823010
   2312.14666522       2.71870421
   2313.34331720       2.71930218
   2314.52841844       2.72002063
   2315.70217687       2.72085451
   2316.92758852       2.72179613
   2318.09862469       2.72283732
   2319.33573123       2.72396850
   2320.53340738       2.72517783
   2321.78051449       2.72645143
   2323.00170945       2.72777473
   2324.15147882       2.72913268
   2325.30092680       2.73051013
   2326.50238860       2.73189254
   2327.74114269       2.73326440
   2328.94186485       2.73461130
   2330.19277889       2.73591837
   2331.44616283       2.73717040
   2332.71314252       2.73835275
   2333.90461510       2.73945325
   2335.11651795       2.74046275
   2336.31551789       2.74137353
   2337.62136700       2.74218151
   2338.88687544       2.74288510
   2340.16293788       2.74348533
   2341.44047489       2.74398542
   2342.71329092       2.74439074
   2343.98733198       2.74470808
   2345.24741621       2.74494704
   2346.50373934       2.74511841
   2347.78890013       2.74523564
   2349.06744806       2.74531297
   2350.34470244       2.74536524
   2351.60304979       2.74541003
   2352.88377649       2.74546384
   2354.16453438       2.74554340
   2355.43611216       2.74566491
   2356.72018215       2.74584222
   2358.02250695       2.74608902
   2359.34702913       2.74641792
   2360.64381203       2.74684046
   2361.88824744       2.74736633
   2363.12702233       2.74800465
   2364.37082018       2.74876205
   2365.57033716       2.74964288
   2366.79294005       2.75064740
   2367.99436310       2.75177256
   2369.20028073       2.75301227
   2370.38174424       2.75435819
   2371.63275706       2.75579900
   2372.80260743       2.75732134
   2374.00818052       2.75890916
   2375.20535569       2.76054379
   2376.45802598       2.76220639
   2377.67998658       2.76387593
   2378.88173337       2.76553101
   2380.08084201       2.76715065
   2381.30138146       2.76871480
   2382.52303533       2.77020335
   2383.75119383       2.77159583
   2384.92218415       2.77287442
   2386.12396970       2.77402196
   2387.32188498       2.77502322
   2388.50870985       2.77586424
   2389.72150973       2.77653359
   2390.97282738       2.77702261
   2392.17222669       2.77732608
   2393.39466038       2.77744150
   2394.66670511       2.77737041
   2395.93267199       2.77711619
   2397.15339150       2.77668560
   2398.41935838       2.77608922
   2399.60474129       2.77533857
   2400.84728576       2.77444746
   2402.01915468       2.77343134
   2403.20374785       2.77230794
   2404.42459591       2.77109704
   2405.66377536       2.76981914
   2406.89533386       2.76849467
   2408.09793278       2.76714342
   2409.37766839       2.76578418
   2410.64617181       2.76443329
   2411.82392574       2.76310601
   2413.01772927       2.76181610
   2414.20266887       2.76057610
   2415.38538717       2.75939655
   2416.55985358       2.75828768
   2417.78690379       2.75725782
   2418.99056421       2.75631368
   2420.16482220       2.75545911
   2421.36060552       2.75469647
   2422.59948768       2.75402764
   2423.81831295       2.75345172
   2425.06711723       2.75296662
   2426.25145897       2.75256853
   2427.46706808       2.75225238
   2428.65269202       2.75201125
   2429.85515247       2.75183688
   2431.09513441       2.75172168
   2432.27290631       2.75165615
   2433.55700890       2.75163111
   2434.76023971       2.75163730
   2435.99392168       2.75166685
   2437.21205031       2.75171241
   2438.36560438       2.75176760
   2439.56457408       2.75182713
   2440.74637267       2.75188714
   2441.94608248       2.75194414
   2443.18470944       2.75199630
   2444.35172978       2.75204216
   2445.55195191       2.75208003
   2446.77070061       2.75210910
   2448.02127106       2.75212911
   2449.22413180       2.75214059
   2450.37657240       2.75214371
   2451.56075959       2.75213821
   2452.78091810       2.75212353
   2453.93368433       2.75210013
   2455.17589844       2.75206937
   2456.40857563       2.75203339
   2457.60836295       2.75199571
   2458.80890599       2.75196069
   2460.01033282       2.75193343
   2461.24258654       2.75192013
   2462.44681976       2.75192825
   2463.66579485       2.75196372
   2464.91869435       2.75203226
   2466.11978231       2.75213905
   2467.28714199       2.75229033
   2468.47603409       2.75249247
   2469.68994697       2.75274961
   2470.87456330       2.75306515
   2472.06012817       2.75344153
   2473.23313231       2.75388085
   2474.44581545       2.75438301
   2475.58264646       2.75494730
   2476.80359898       2.75557419
   2478.04979347       2.75626270
   2479.25155774       2.75701227
   2480.45765355       2.75782216
   2481.69011664       2.75869218
   2482.90851513       2.75962125
   2484.05550031       2.76060791
   2485.24366647       2.76165074
   2486.46212214       2.76274770
   2487.66078795       2.76389480
   2488.84512780       2.76508739
   2490.04586933       2.76631976
   2491.24825179       2.76758698
   2492.41546165       2.76888397
   2493.63502089       2.77020570
   2494.85173498       2.77154724
   2496.07078284       2.77290358
   2497.27259155       2.77427070
   2498.50347373       2.77564563
   2499.70575505       2.77702729
   2500.88155756       2.77841510
   2502.06173460       2.77980853
   2503.23325945       2.78120782
   2504.43600771       2.78261378
   2505.63812031       2.78402717
   2506.86968495       2.78544865
   2508.04205248       2.78687844
   2509.23708055       2.78831626
   2510.44160349       2.78976175
   2511.64060627       2.79121429
   2512.87676239       2.79267329
   2514.09239229       2.79413736
   2515.29775460       2.79560395
   2516.49994754       2.79707068
   2517.68245222       2.79853508
   2518.85348177       2.79999531
   2520.10281727       2.80144904
   2521.26127616       2.80289549
   2522.45710201       2.80433494
   2523.69296463       2.80576630
   2524.95382772       2.80718833
   2526.20227234       2.80860010
   2527.50314243       2.81000073
   2528.73782540       2.81138834
   2530.12241337       2.81276093
   2531.86376732       2.81411600
   2533.25243728       2.81545006
   2534.69781368       2.81675872
   2536.00607643       2.81803903
   2537.41791737       2.81928868
   2538.62821048       2.82050657
   2540.04255345       2.82169044
   2541.43624733       2.82283810
   2542.69428465       2.82394730
   2543.91649952       2.82501585
   2545.15635291       2.82604263
   2546.35816067       2.82702548
   2547.56766310       2.82796244
   2548.92012212       2.82885065
   2550.20909787       2.82968588
   2551.47817835       2.83046421
   2552.69665340       2.83118149
   2554.00010776       2.83183365
   2555.25030200       2.83241705
   2556.44872535       2.83292848
   2557.66629677       2.83336515
   2558.88659329       2.83372338
   2560.08538433       2.83400045
   2561.30885920       2.83419490
   2562.46917925       2.83430613
   2563.70934505       2.83433430
   2564.89261726       2.83427945
   2566.09348923       2.83414324
   2567.26966652       2.83392868
   2568.46356599       2.83363859
   2569.68006550       2.83327668
   2570.86706997       2.83284657
   2572.06679632       2.83235164
   2573.31957909       2.83179583
   2574.55357534       2.83118435
   2575.75373036       2.83052186
   2576.97310575       2.82981285
   2578.17154186       2.82906182
   2579.40820651       2.82827362
   2580.63027157       2.82745443
   2581.93106745       2.82661033
   2583.13623740       2.82574864
   2584.38536590       2.82487628
   2585.58301085       2.82399975
   2586.78755742       2.82312461
   2587.98622701       2.82225567
   2589.19014642       2.82139773
   2590.39232518       2.82055575
   2591.59128826       2.81973502
   2592.77895816       2.81893893
   2593.94830992       2.81817150
   2595.13054521       2.81743559
   2596.38329064       2.81673372
   2597.59950328       2.81606960
   2598.79942010       2.81544705
   2599.98460310       2.81486970
   2601.17389030       2.81434022
   2602.38882829       2.81386066
   2603.61983525       2.81343245
   2604.84510653       2.81305625
   2606.06558926       2.81273382
   2607.32786217       2.81246730
   2608.53237755       2.81225795
   2609.73710229       2.81210578
   2610.93881978       2.81200943
   2612.14345851       2.81196925
   2613.32700909       2.81198421
   2614.54853914       2.81205244
   2615.77331607       2.81217186
   2616.99417689       2.81233935
   2618.14423077       2.81255175
   2619.33542403       2.81280515
   2620.55256300       2.81309507
   2621.79942861       2.81341624
   2622.98383793       2.81376438
   2624.16622162       2.81413554
   2625.45400495       2.81452637
   2626.66041222       2.81493327
   2627.84671295       2.81535109
   2629.04292304       2.81577528
   2630.24734295       2.81620070
   2631.44440138       2.81662222
   2632.69807834       2.81703463
   2633.89931376       2.81743262
   2635.11853933       2.81781253
   2636.30140840       2.81817095
   2637.46999310       2.81850458
   2638.70145282       2.81880945
   2639.89409466       2.81908279
   2641.08531344       2.81932164
   2642.29937662       2.81952400
   2643.51977286       2.81968823
   2644.73309970       2.81981227
   2645.99042432       2.81989379
   2647.17421073       2.81993060
   2648.44562452       2.81992160
   2649.64596716       2.81986655
   2650.84797862       2.81976605
   2652.04740723       2.81962167
   2653.25443834       2.81943518
   2654.45122077       2.81920783
   2655.67224843       2.81894113
   2656.90191032       2.81863753
   2658.15559247       2.81830078
   2659.34033546       2.81793384
   2660.56018111       2.81754035
   2661.75937482       2.81712413
   2662.96148458       2.81668915
   2664.16481086       2.81624012
   2665.34703906       2.81578170
   2666.57190436       2.81531927
   2667.84808921       2.81485895
   2669.05064607       2.81440743
   2670.25360843       2.81397109
   2671.47295073       2.81355611
   2672.66622587       2.81316837
   2673.90652873       2.81281373
   2675.15525786       2.81249866
   2676.37248332       2.81222950
   2677.58019642       2.81201274
   2678.76214625       2.81185390
   2679.91581375       2.81176106
   2681.13331285       2.81174034
   2682.38396365       2.81179784
   2683.53827675       2.81193969
   2684.74011003       2.81217201
   2685.92129752       2.81250091
   2687.15930582       2.81293250
   2688.36514264       2.81347290
   2689.58281282       2.81412823
   2690.78571564       2.81490460
   2691.98876070       2.81580814
   2693.24161578       2.81684494
   2694.42627748       2.81802114
   2695.62741082       2.81934285
   2696.81409484       2.82081619
   2698.04626680       2.82244726
   2699.26619988       2.82424219
   2700.46605762       2.82620709
