      0.41918682        2.76367188
      1.64253597        2.84667969
      2.79914693        2.77343750
      3.97797701        2.77832031
      5.15587462        2.75878906
      6.34332713        2.79785156
      7.49722432        2.82714844
      8.67622455        2.76855469
      9.86981020        2.81250000
     11.04506541        2.78320313
     12.20743946        2.82714844
     13.35990085        2.74414063
     14.52522969        2.74902344
     15.70202044        2.81250000
     16.86420402        2.73925781
     18.02010275        2.80273438
     19.17204284        2.78808594
     20.33510738        2.80761719
     21.50101943        2.74902344
     22.66622871        2.82714844
     23.82966709        2.81738281
     25.00360039        2.74414063
     26.18292531        2.82226563
     27.36663232        2.80761719
     28.54244192        2.75878906
     29.69974526        2.73925781
     30.86714464        2.78320313
     32.04653052        2.80761719
     33.20425591        2.81738281
     34.38046345        2.81738281
     35.55095941        2.76367188
     36.70463920        2.81250000
     37.87873320        2.80761719
     39.03823232        2.81738281
     40.22003185        2.81738281
     41.39244002        2.74902344
     42.58241252        2.75390625
     43.75533584        2.72460938
     44.92679547        2.75390625
     46.10804913        2.80761719
     47.27369416        2.78320313
     48.44677959        2.80273438
     49.61298703        2.81250000
     50.77620470        2.76367188
     51.92636444        2.73437500
     53.07721988        2.73437500
     54.23671995        2.71972656
     55.38769070        2.79785156
     56.56406271        2.71484375
     57.74168478        2.72949219
     58.88957313        2.81738281
     60.05582264        2.73437500
     61.23915345        2.80761719
     62.42749542        2.71484375
     63.60646209        2.73437500
     64.78163648        2.79296875
     65.95249825        2.71484375
     67.12148137        2.74902344
     68.28974186        2.81250000
     69.46581753        2.71484375
     70.62539747        2.73925781
     71.78497741        2.70996094
     72.95926045        2.81250000
     74.14027261        2.73925781
     75.30234371        2.80273438
     76.46835028        2.73925781
     77.64293864        2.76367188
     78.82446736        2.79785156
     79.99836853        2.71972656
     81.16127947        2.78320313
     82.31167741        2.76855469
     83.47251876        2.79296875
     84.62874690        2.70507813
     85.81013006        2.80273438
     86.98019500        2.80761719
     88.14634478        2.70996094
     89.32784799        2.70019531
     90.51202762        2.72460938
     91.71051619        2.70019531
     92.87690843        2.69042969
     94.04891015        2.81250000
     95.20870985        2.69531250
     96.37290820        2.75878906
     97.53273862        2.74902344
     98.71196004        2.74414063
     99.89599646        2.72460938
    101.06617956        2.74902344
    102.22863726        2.77832031
    103.39371609        2.71972656
    104.54423928        2.70507813
    105.71328998        2.76855469
    106.89090213        2.80761719
    108.04837562        2.70019531
    109.24428654        2.81738281
    110.42408218        2.75878906
    111.57934760        2.69042969
    112.73677524        2.70996094
    113.92044870        2.74414063
    115.08202970        2.67578125
    116.26673961        2.81250000
    117.43587774        2.80273438
    118.61540210        2.68066406
    119.76628731        2.68066406
    120.92229947        2.67578125
    122.08975273        2.81738281
    123.27089722        2.78320313
    124.42965575        2.80273438
    125.61115092        2.73925781
    126.77428257        2.66601563
    127.94949194        2.67578125
    129.22184103        2.68554688
    130.44977929        2.79785156
    131.62144640        2.68554688
    132.77240439        2.68554688
    133.94390892        2.77343750
    135.11709171        2.78320313
    136.28352884        2.69042969
    137.44264798        2.71972656
    138.61259618        2.73437500
    139.77421404        2.68554688
    140.93929098        2.78320313
    142.11224597        2.78320313
    143.25949250        2.72460938
    144.43864775        2.68554688
    145.60742670        2.79785156
    146.76586338        2.72949219
    147.92828327        2.71972656
    149.10249211        2.79296875
    150.28031079        2.79296875
    151.44368064        2.68554688
    152.61939619        2.65625000
    153.80581555        2.78320313
    154.97391015        2.71972656
    156.13548831        2.76855469
    157.31055636        2.71972656
    158.48454213        2.71484375
    159.64289515        2.76855469
    160.80101093        2.77343750
    161.95579475        2.73925781
    163.11783797        2.77343750
    164.29070410        2.76855469
    165.46401308        2.75390625
    166.65604240        2.63671875
    167.84564862        2.70019531
    169.02854037        2.63671875
    170.20632975        2.66601563
    171.38122578        2.74902344
    172.56640594        2.76855469
    173.74243105        2.69042969
    174.92173375        2.71972656
    176.09575307        2.69531250
    177.26502968        2.68066406
    178.42503781        2.63671875
    179.59082273        2.75878906
    180.76945715        2.61718750
    181.92129894        2.63671875
    183.10336976        2.63183594
    184.27967560        2.76367188
    185.45937151        2.63671875
    186.64884209        2.71484375
    187.82691504        2.72949219
    189.00163242        2.65136719
    190.16666824        2.74414063
    191.33807305        2.69531250
    192.50724852        2.75390625
    193.67420411        2.70996094
    194.84596527        2.63183594
    196.03054616        2.70019531
    197.19155812        2.68066406
    198.37237131        2.72460938
    199.56275450        2.70507813
    200.74298117        2.70019531
    201.96067499        2.61718750
    203.14829527        2.62695313
    204.39524973        2.61718750
    205.56856674        2.63183594
    206.77594901        2.70019531
    207.93990207        2.63183594
    209.10063898        2.61718750
    210.27308448        2.72460938
    211.44685568        2.61718750
    212.62525852        2.68066406
    213.78370749        2.65136719
    214.94598559        2.71484375
    216.12157542        2.67578125
    217.28700541        2.63671875
    218.46751659        2.53417969
    219.63195219        2.59277344
    220.81119865        2.58789063
    221.98043178        2.63183594
    223.16063198        2.63671875
    224.34364992        2.62207031
    225.52414362        2.60253906
    226.66943636        2.61230469
    227.82651332        2.69531250
    228.99665907        2.64160156
    230.13716232        2.61718750
    231.31148695        2.59765625
    232.46832382        2.62207031
    233.64600497        2.67578125
    234.80263153        2.59765625
    235.97669386        2.60253906
    237.15119147        2.59765625
    238.34597520        2.68066406
    239.52020247        2.59277344
    240.72633042        2.68554688
    241.90717574        2.65625000
    243.10144762        2.58300781
    244.31151200        2.64648438
    245.48768597        2.69042969
    246.65726081        2.58300781
    247.83229862        2.58789063
    249.01235278        2.67089844
    250.20386931        2.57812500
    251.37516447        2.62207031
    252.54237480        2.67578125
    253.70694416        2.58300781
    254.88496276        2.59277344
    256.05348177        2.66113281
    257.24944515        2.66113281
    258.43896488        2.67089844
    259.61302815        2.56835938
    260.76743719        2.64160156
    261.94927217        2.65136719
    263.12545277        2.65136719
    264.30607454        2.63183594
    265.47358168        2.64160156
    266.64184264        2.61230469
    267.80417368        2.56347656
    268.96440677        2.62695313
    270.14143713        2.57324219
    271.30256347        2.54882813
    272.47833667        2.54882813
    273.65292266        2.62207031
    274.82445791        2.63671875
    276.10517704        2.62695313
    277.29347222        2.58789063
    278.45544171        2.58300781
    279.62759892        2.62695313
    280.78878906        2.61230469
    281.97430809        2.56347656
    283.14441556        2.61230469
    284.31385145        2.53417969
    285.53044927        2.52929688
    286.68963788        2.58300781
    287.87968032        2.55371094
    289.05206912        2.51464844
    290.23246073        2.52929688
    291.39713453        2.61718750
    292.56253994        2.52441406
    293.73586451        2.50976563
    294.91758512        2.50488281
    296.08010615        2.53417969
    297.26133713        2.51953125
    298.43501853        2.60253906
    299.59249532        2.59765625
    300.76905023        2.59277344
    301.92733284        2.53417969
    303.09288996        2.58789063
    304.25306256        2.50488281
    305.42776433        2.58789063
    306.60988525        2.50000000
    307.77720050        2.57324219
    308.93246781        2.51464844
    310.10621680        2.49023438
    311.27491493        2.50000000
    312.44356769        2.58300781
    313.62010558        2.49023438
    314.77034000        2.57324219
    315.93144838        2.48535156
    317.10599656        2.51464844
    318.28102066        2.55859375
    319.45242216        2.49511719
    320.61800244        2.50488281
    321.79612643        2.47558594
    322.93073142        2.56347656
    324.10537790        2.47070313
    325.27786217        2.49511719
    326.42737584        2.49511719
    327.60370720        2.55371094
    328.78005700        2.54394531
    329.94172118        2.54394531
    331.10540437        2.51464844
    332.28306757        2.55371094
    333.43768125        2.47070313
    334.59599977        2.46093750
    335.78108777        2.47070313
    336.97110469        2.51464844
    338.15417084        2.53906250
    339.29683300        2.47070313
    340.44874095        2.45117188
    341.61360569        2.49023438
    342.78073709        2.49023438
    343.93125650        2.50488281
    345.13042611        2.44628906
    346.34275951        2.48535156
    347.54175237        2.49023438
    348.73448825        2.46582031
    349.91311227        2.45117188
    351.07985944        2.42187500
    352.24880239        2.47070313
    353.41315576        2.50000000
    354.57907726        2.48535156
    355.73346031        2.49511719
    356.93161285        2.46582031
    358.09421092        2.42187500
    359.26390202        2.44140625
    360.44060344        2.46582031
    361.61957672        2.48535156
    362.79002117        2.46582031
    363.95753965        2.46093750
    365.13375333        2.41210938
    366.30885305        2.44628906
    367.48715617        2.46582031
    368.66980453        2.38769531
    369.85381402        2.42675781
    371.02918360        2.42675781
    372.20347279        2.46582031
    373.37339310        2.45605469
    374.54186674        2.41210938
    375.69856466        2.43164063
    376.86661531        2.42187500
    378.04166919        2.43164063
    379.22097898        2.41699219
    380.38863924        2.41699219
    381.54791529        2.40722656
    382.71806199        2.44628906
    383.89098767        2.42675781
    385.08020918        2.36816406
    386.24609335        2.44628906
    387.41557981        2.42187500
    388.57967796        2.40234375
    389.74633202        2.37304688
    390.94072490        2.38281250
    392.11624620        2.42675781
    393.28557716        2.43164063
    394.44918994        2.39257813
    395.61862677        2.36328125
    396.79176040        2.38281250
    397.96404995        2.41210938
    399.14517364        2.34375000
    400.32650717        2.40722656
    401.49502949        2.43652344
    402.67897612        2.41699219
    403.84534567        2.34375000
    405.00951850        2.41210938
    406.18021249        2.34863281
    407.35502864        2.33398438
    408.51333157        2.36816406
    409.68275375        2.40722656
    410.83903530        2.36328125
    411.99612549        2.34375000
    413.16717678        2.39746094
    414.33609987        2.33398438
    415.52300461        2.38281250
    416.69347033        2.32421875
    417.87179377        2.31933594
    419.03655217        2.33398438
    420.20929448        2.30468750
    421.37015001        2.34863281
    422.54895079        2.35839844
    423.73741280        2.29492188
    424.90625933        2.29980469
    426.08170643        2.33398438
    427.23283031        2.33886719
    428.39159499        2.34863281
    429.55393170        2.30957031
    430.70676787        2.34863281
    431.92940479        2.30468750
    433.10054634        2.34863281
    434.26976908        2.26562500
    435.45544643        2.29492188
    436.63733246        2.32910156
    437.80482069        2.29980469
    438.99079815        2.28515625
    440.17395552        2.28515625
    441.35580231        2.31933594
    442.53283693        2.29980469
    443.70286028        2.25585938
    444.87246725        2.25585938
    446.03213840        2.26562500
    447.18842987        2.25585938
    448.36053037        2.26562500
    449.53822570        2.31445313
    450.72115810        2.28027344
    451.89622805        2.31445313
    453.06108522        2.25097656
    454.24682543        2.27050781
    455.40963665        2.30957031
    456.56636246        2.27539063
    457.74258086        2.30468750
    458.92917462        2.26562500
    460.10337496        2.24609375
    461.27322580        2.24121094
    462.43732348        2.29492188
    463.64475490        2.21679688
    464.82696703        2.27539063
    465.98651483        2.21679688
    467.13860663        2.28515625
    468.30248974        2.23632813
    469.46669943        2.29492188
    470.62874879        2.23144531
    471.79860247        2.27050781
    472.97010416        2.20703125
    474.12326502        2.27050781
    475.28268475        2.26562500
    476.46327958        2.24609375
    477.67133628        2.25097656
    478.89192015        2.24121094
    480.06988912        2.27050781
    481.25974063        2.25585938
    482.43523262        2.19238281
    483.60529189        2.22656250
    484.77197336        2.23144531
    485.94209360        2.24121094
    487.10228227        2.21679688
    488.25169764        2.17773438
    489.40782937        2.17285156
    490.56900108        2.19726563
    491.73945640        2.19726563
    492.92002855        2.16796875
    494.09098673        2.20703125
    495.25056336        2.17773438
    496.41382309        2.22656250
    497.56558264        2.17285156
    498.74776830        2.21679688
    499.92225079        2.19726563
    501.07631576        2.22167969
    502.24420147        2.17773438
    503.40798013        2.17773438
    504.56692913        2.17773438
    505.81110082        2.18261719
    506.99171928        2.17285156
    508.14466274        2.18261719
    509.30957947        2.21191406
    510.48570996        2.15332031
    511.63309450        2.21191406
    512.80777171        2.13867188
    513.99354169        2.19726563
    515.16546969        2.15820313
    516.32963022        2.13378906
    517.50069805        2.13867188
    518.69304450        2.13867188
    519.87151682        2.18261719
    521.04126652        2.17773438
    522.21568520        2.16308594
    523.38347543        2.14355469
    524.55981577        2.17285156
    525.73072717        2.11914063
    526.89188659        2.17773438
    528.07778371        2.10449219
    529.26959279        2.12402344
    530.46618712        2.17285156
    531.63167760        2.10937500
    532.79577953        2.09960938
    533.95702875        2.17285156
    535.11417472        2.16796875
    536.30060684        2.17285156
    537.52335057        2.11914063
    538.71316001        2.10937500
    539.90838942        2.11425781
    541.15780006        2.08496094
    542.31909371        2.08496094
    543.49921546        2.07519531
    544.66511003        2.07031250
    545.84186201        2.08007813
    547.01634025        2.10449219
    548.18025313        2.10449219
    549.35025569        2.08007813
    550.52135896        2.08007813
    551.70065127        2.11914063
    552.87715986        2.10937500
    554.03742320        2.11425781
    555.19235732        2.11425781
    556.36416763        2.12890625
    557.51644753        2.04101563
    558.68979148        2.06542969
    559.87436906        2.08007813
    561.05729815        2.05078125
    562.22126869        2.04589844
    563.38030559        2.11425781
    564.54073624        2.06542969
    565.71767728        2.06054688
    566.89683961        2.08496094
    568.06867214        2.08007813
    569.33476331        2.08496094
    570.74488440        2.01171875
    572.05005813        2.05566406
    573.29270847        2.04589844
    574.55697582        2.12402344
    575.80090033        2.15820313
    577.05650179        2.24121094
    578.27965764        2.02148438
    579.56884133        2.18261719
    580.86343413        2.06054688
    582.12570467        2.08007813
    583.40202422        2.09472656
    584.71476218        2.20214844
    585.99016863        2.05566406
    587.24516419        2.15332031
    588.52928663        2.12402344
    589.84086290        2.14355469
    591.10526164        1.96777344
    592.39315557        2.09472656
    593.73449250        1.97265625
    595.06892121        2.03125000
    596.40480557        1.91894531
    597.71154177        2.06054688
    599.02494140        2.10937500
    600.30786434        2.11914063
    601.62278626        2.13378906
    602.91460622        1.86035156
    604.15509906        1.91406250
    605.46305887        2.07519531
    606.76845379        2.07031250
    608.09520767        1.99707031
    609.42391960        1.85058594
    610.73422359        1.95312500
    612.03104288        1.94824219
    613.33758011        1.94335938
    614.64954156        1.96777344
    616.01194349        1.88476563
    617.31459535        2.05078125
    618.63516362        2.02148438
    619.95104117        2.10937500
    621.24551251        2.12402344
    622.54906989        1.94824219
    623.86850058        2.02636719
    625.18882545        2.06542969
    626.50687185        2.02636719
    627.82016750        1.90917969
    629.07109193        2.00683594
    630.31226062        2.03613281
    631.54843564        1.96289063
    632.78625773        1.99707031
    634.04937756        2.05078125
    635.28483279        2.01660156
    636.49842760        1.90429688
    637.73096253        2.02148438
    638.98414608        1.94335938
    640.21051666        2.04101563
    641.43015908        1.88964844
    642.63857969        1.91894531
    643.95610243        1.96777344
    645.15530985        1.90917969
    646.36073407        2.04589844
    647.57513942        1.89453125
    648.83372119        1.97753906
    650.07481662        2.04589844
    651.28970216        1.99218750
    652.54866722        1.86523438
    653.76028650        1.90429688
    655.01446065        1.98242188
    656.23424533        1.81640625
    657.48630877        1.94824219
    658.73690758        1.98242188
    659.94525918        1.87011719
    661.18595383        1.80175781
    662.41046373        1.95800781
    663.64486927        1.75292969
    664.88055892        1.87500000
    666.11602218        1.95312500
    667.35342222        1.86523438
    668.58871392        1.83593750
    669.79874000        1.94824219
    671.04604278        1.98242188
    672.25129591        1.88476563
    673.46183196        1.88964844
    674.65469970        1.85546875
    675.88523309        1.87500000
    677.09154347        1.89941406
    678.34462115        1.87988281
    679.53692128        1.89941406
    680.77180700        1.78710938
    682.00768947        1.83593750
    683.24139601        1.81152344
    684.45876326        1.89941406
    685.67804649        1.91894531
    686.94805140        2.05566406
    688.18585459        1.72851563
    689.39433191        1.72851563
    690.61930261        1.83105469
    691.85473562        1.92871094
    693.08797758        1.86523438
    694.34005284        1.84082031
    695.54269098        1.82128906
    696.83956274        1.82128906
    698.07307409        1.92871094
    699.30838800        1.66015625
    700.64983458        1.73339844
    701.88111141        1.85546875
    703.15227990        1.84082031
    704.37836928        1.82128906
    705.58917094        1.83105469
    706.78885806        1.98242188
    708.06672543        1.76269531
    709.31735590        1.85546875
    710.55660104        1.85058594
    711.81846182        1.71386719
    713.04724795        1.86035156
    714.30446008        1.75781250
    715.52219455        1.84570313
    716.73883632        1.82128906
    717.95020795        1.71386719
    719.19951604        1.70410156
    720.48127588        1.75292969
    721.75318449        1.71875000
    722.96452304        1.79687500
    724.22396544        1.63574219
    725.45217356        1.85058594
    726.66259760        1.73339844
    727.91752982        1.71386719
    729.12905127        1.74804688
    730.31138439        1.90917969
    731.50179831        1.81152344
    732.71735873        1.87011719
    733.99535134        1.68945313
    735.24521145        1.75292969
    736.48001304        1.68945313
    737.69281859        1.72363281
    738.90886345        1.78222656
    740.11855635        1.67968750
    741.39825604        1.62109375
    742.63306048        1.87500000
    743.85427813        1.87988281
    745.13554786        1.80175781
    746.36942738        1.82128906
    747.59599032        1.76269531
    748.87854793        1.69921875
    750.13841522        1.62109375
    751.36229796        1.74316406
    752.59113655        1.65527344
    753.80681560        1.78222656
    755.07962692        1.85058594
    756.32912831        1.77246094
    757.57871807        1.70898438
    758.79518687        1.68945313
    760.00632503        1.69433594
    761.21708604        1.77734375
    762.42775488        1.66992188
    763.64615290        1.74804688
    764.87874076        1.69433594
    766.09825652        1.71875000
    767.35308524        1.80664063
    768.57595421        1.54296875
    769.83973524        1.74804688
    771.13941433        1.57714844
    772.37241526        1.63085938
    773.58623977        1.61132813
    774.82314451        1.71386719
    776.01233671        1.56738281
    777.22507656        1.68945313
    778.45882517        1.73339844
    779.68820444        1.67480469
    780.95507118        1.69433594
    782.20601641        1.68945313
    783.38239787        1.67968750
    784.63367819        1.59179688
    785.84033168        1.67968750
    787.02567962        1.59667969
    788.24252557        1.58203125
    789.47821757        1.66015625
    790.69048434        1.69921875
    791.91933664        1.68457031
    793.13370371        1.69433594
    794.33289837        1.58203125
    795.57576422        1.66992188
    796.78629743        1.60156250
    797.99288948        1.62597656
    799.24385693        1.62109375
    800.47570373        1.61621094
    801.75441660        1.71875000
    803.04427000        1.66015625
    804.27715560        1.60156250
    805.49240741        1.69433594
    806.76091083        1.76269531
    808.05891166        1.60156250
    809.28896109        1.57226563
    810.49729191        1.58203125
    811.77107161        1.64062500
    813.00926423        1.64062500
    814.27173422        1.73828125
    815.52306794        1.64550781
    816.73941292        1.64550781
    817.99382526        1.52832031
    819.20842250        1.73828125
    820.47955697        1.66992188
    821.75462786        1.71875000
    823.00736006        1.71386719
    824.23620007        1.73828125
    825.44723519        1.72363281
    826.66681428        1.55273438
    827.91673819        1.72363281
    829.15126661        1.42089844
    830.38731450        1.61621094
    831.59805802        1.57714844
    832.87163119        1.52343750
    834.10253701        1.64062500
    835.38292767        1.45507813
    836.57833715        1.45019531
    837.82650056        1.50390625
    839.04441273        1.67480469
    840.25800754        1.61132813
    841.51331645        1.54785156
    842.72728085        1.57226563
    843.98009055        1.63085938
    845.21861826        1.55761719
    846.45641057        1.51855469
    847.73368480        1.61621094
    848.94773286        1.65527344
    850.19508715        1.53320313
    851.42934760        1.57226563
    852.64493355        1.73339844
    853.89842288        1.62109375
    855.11356551        1.55273438
    856.33003100        1.55273438
    857.58272681        1.60644531
    858.81095431        1.62597656
    860.08584419        1.59667969
    861.35418597        1.52343750
    862.62960234        1.52343750
    863.84626869        1.60644531
    865.14708065        1.59667969
    866.35271802        1.55273438
    867.56689604        1.74804688
    868.82026580        1.57226563
    870.03776679        1.63574219
    871.31354472        1.47460938
    872.54769032        1.56250000
    873.76251583        1.50878906
    874.99667703        1.53808594
    876.22769344        1.56250000
    877.44676399        1.45019531
    878.66233009        1.56250000
    879.91655292        1.56250000
    881.98062272        1.56250000
    883.22158865        1.64550781
    884.46883755        1.43554688
    885.78031788        1.49902344
    886.98476662        1.53320313
    888.19611273        1.53808594
    889.42833478        1.53320313
    890.66456746        1.52343750
    891.92211326        1.50390625
    893.13649498        1.44531250
    894.37041515        1.49414063
    895.57746564        1.68457031
    896.79415137        1.58691406
    898.02043216        1.51855469
    899.24622994        1.27441406
    900.48687686        1.46484375
    901.71933002        1.38671875
    902.95693943        1.66992188
    904.21001616        1.54296875
    905.45746214        1.43554688
    906.68972248        1.53320313
    907.93524066        1.57226563
    909.16625518        1.57226563
    910.38650443        1.58691406
    911.59729238        1.51855469
    912.85578908        1.45507813
    914.07206505        1.55273438
    915.30380126        1.49414063
    916.53739437        1.56250000
    917.78217243        1.44042969
    918.99378745        1.48437500
    920.22864009        1.53808594
    921.48131510        1.41601563
    922.69771490        1.37695313
    923.92857440        1.45996094
    925.14302749        1.47949219
    926.39383944        1.47460938
    927.64462021        1.36718750
    928.85507968        1.56738281
    930.08429637        1.49902344
    931.33802011        1.46972656
    932.56854075        1.62597656
    933.76187544        1.51855469
    934.99381817        1.48925781
    936.22352922        1.44042969
    937.46055022        1.46972656
    938.69030096        1.44042969
    939.92703509        1.65039063
    941.14063983        1.45996094
    942.35153978        1.54296875
    943.56441953        1.39648438
    944.79848101        1.48437500
    946.06063246        1.39160156
    947.25578341        1.48437500
    948.48728756        1.60644531
    950.36320916        1.59667969
    951.64572755        1.44042969
    952.87766556        1.43066406
    954.07452171        1.46484375
    955.26718670        1.51855469
    956.47818071        1.49902344
    957.72073322        1.57714844
    958.97486341        1.45019531
    960.20898397        1.54785156
    961.44215267        1.41601563
    962.66004121        1.48925781
    963.88579220        1.46972656
    965.13193139        1.53808594
    966.35985311        1.41601563
    967.57382791        1.46972656
    968.79013129        1.40136719
    970.10236592        1.47460938
    971.30969148        1.44042969
    972.54996361        1.67480469
    973.75751980        1.45019531
    974.94875607        1.40625000
    976.18022525        1.51855469
    977.43423115        1.48437500
    978.66536146        1.46972656
    979.88724691        1.56250000
    981.10255922        1.40625000
    982.32831730        1.52343750
    983.59763550        1.44042969
    984.79862090        1.43554688
    986.00670643        1.43066406
    987.27447351        1.46972656
    988.50533348        1.45996094
    989.72349094        1.44531250
    990.99135253        1.42578125
    992.22664140        1.51367188
    993.48031741        1.55273438
    994.73435781        1.49902344
    995.99388670        1.39648438
    997.22874076        1.47949219
    998.47434873        1.38671875
    999.70668847        1.40136719
   1000.91613277        1.43554688
   1002.14715674        1.40136719
   1003.37531854        1.37207031
   1004.59768796        1.65527344
   1005.85091404        1.45507813
   1007.06461661        1.34277344
   1008.31151719        1.44042969
   1009.50932236        1.43554688
   1010.77737348        1.41113281
   1012.01696552        1.50390625
   1013.30634110        1.47460938
   1014.57449383        1.40625000
   1015.80732225        1.47949219
   1017.03535361        1.47949219
   1018.25576261        1.41113281
   1019.48142428        1.44531250
   1020.76106348        1.43554688
   1022.00564210        1.49902344
   1023.25906904        1.47460938
   1024.50091593        1.42578125
   1025.78626576        1.43554688
   1027.03944033        1.45019531
   1028.34470008        1.42089844
   1029.57871713        1.52832031
   1030.87074787        1.40625000
   1032.10815216        1.63085938
   1033.35653014        1.45019531
   1035.11389635        1.43066406
   1036.37560306        1.47460938
   1037.63052300        1.56738281
   1038.86053462        1.43066406
   1040.14794884        1.47949219
   1041.39275810        1.43554688
   1042.62838110        1.47460938
   1043.82939912        1.44531250
   1045.08086990        1.38671875
   1046.33719965        1.46484375
   1047.56504858        1.55273438
   1048.83191438        1.54296875
   1050.07876392        1.51367188
   1051.31106821        1.45996094
   1052.57995538        1.45996094
   1053.80318733        1.50878906
   1055.00132616        1.50390625
   1056.20120659        1.50878906
   1057.45802456        1.49902344
   1058.68236337        1.61621094
   1059.91565495        1.46484375
   1061.14574881        1.59667969
   1062.35986445        1.44531250
   1063.59185634        1.51855469
   1064.80614685        1.45996094
   1066.05807654        1.40625000
   1067.27289780        1.54785156
   1068.50851277        1.41113281
   1069.73884199        1.48925781
   1070.98629790        1.49902344
   1072.20354226        1.37695313
   1073.49408426        1.55761719
   1074.74228926        1.53808594
   1075.95677401        1.45507813
   1077.19028726        1.50390625
   1078.40488686        1.48925781
   1079.64225901        1.57714844
   1080.85752547        1.36718750
   1082.11374747        1.58203125
   1083.32445082        1.59179688
   1084.56332448        1.62109375
   1085.79980954        1.51855469
   1087.01839755        1.52343750
   1088.28788211        1.38183594
   1089.54707923        1.44042969
   1090.76731195        1.46484375
   1092.00237490        1.45507813
   1093.23595053        1.43554688
   1094.44462068        1.62109375
   1095.65210456        1.45019531
   1096.86641208        1.57226563
   1098.12485632        1.40625000
   1099.39835010        1.53320313
   1100.69218339        1.51367188
   1101.89588824        1.64550781
   1103.18864066        1.64550781
   1104.40922548        1.51367188
   1105.64124572        1.58691406
   1106.86578398        1.46484375
   1108.06382214        1.57226563
   1109.32477882        1.47949219
   1110.53514093        1.54785156
   1111.79580364        1.53808594
   1113.04741384        1.58691406
   1114.32297106        1.64550781
   1115.53357563        1.57226563
   1116.74821918        1.45996094
   1117.99612265        1.45507813
   1119.23005416        1.54785156
   1120.47719483        1.55761719
   1121.66514453        1.66015625
   1122.91869388        1.57714844
   1124.13060760        1.51855469
   1125.37056497        1.45507813
   1126.60935450        1.60156250
   1127.84027969        1.43066406
   1129.03045163        1.49902344
   1130.26208055        1.57714844
   1131.49160349        1.58203125
   1132.75209795        1.51367188
   1133.96794478        1.46972656
   1135.22016560        1.44042969
   1136.46098786        1.65039063
   1137.67520748        1.41113281
   1138.90874388        1.51855469
   1140.12207970        1.54785156
   1141.41476927        1.46972656
   1142.65052460        1.49414063
   1143.86346059        1.48925781
   1145.09158837        1.73828125
   1146.32575949        1.47949219
   1147.54598087        1.35253906
   1148.73945923        1.47949219
   1150.01277294        1.66992188
   1151.27243653        1.55273438
   1152.51811445        1.44042969
   1153.74073482        1.54785156
   1154.97098370        1.53808594
   1156.18909626        1.58691406
   1157.42896005        1.61132813
   1158.64120082        1.56738281
   1159.86534539        1.54785156
   1161.10086394        1.51855469
   1162.31810830        1.55273438
   1163.58329867        1.44531250
   1164.80130726        1.50390625
   1166.01866316        1.71386719
   1167.23025124        1.47460938
   1168.47060561        1.63574219
   1169.69281765        1.58691406
   1170.90426915        1.63085938
   1172.15988950        1.60156250
   1173.40349925        1.50390625
   1174.66118542        1.48925781
   1175.91830775        1.51367188
   1177.17036552        1.62109375
   1178.38260535        1.52343750
   1179.59663072        1.59179688
   1180.86927047        1.70898438
   1182.15980065        1.56250000
   1183.40777738        1.59667969
   1184.62734465        1.66992188
   1185.85650179        1.57714844
   1187.09308893        1.49414063
   1188.34981048        1.51855469
   1189.60032232        1.56738281
   1190.81315056        1.61132813
   1192.05449647        1.52343750
   1193.31017591        1.46972656
   1194.54380825        1.70410156
   1195.76694709        1.48925781
   1196.99409985        1.38183594
   1198.25874010        1.51367188
   1199.54000699        1.45996094
   1200.77446122        1.48925781
   1201.96877517        1.36718750
   1203.20306114        1.50390625
   1204.42853281        1.60156250
   1205.63099278        1.48437500
   1206.89644451        1.51367188
   1208.11877611        1.61621094
   1209.38467257        1.47460938
   1210.64220939        1.55761719
   1211.88321786        1.34765625
   1213.10284610        1.46972656
   1214.35184982        1.45507813
   1215.57155226        1.56738281
   1216.82621226        1.47949219
   1218.07424051        1.45996094
   1219.29534047        1.59667969
   1220.51875579        1.68945313
   1221.78950224        1.44531250
   1223.04273919        1.57226563
   1224.29602246        1.57226563
   1225.55456737        1.52832031
   1226.77063917        1.70410156
   1227.97609553        1.49902344
   1229.20681797        1.56250000
   1230.40302049        1.52343750
   1231.65935214        1.55273438
   1232.87335529        1.56738281
   1234.12309346        1.50390625
   1235.32402972        1.62109375
   1236.55860682        1.60156250
   1237.80843290        1.47949219
   1239.00382914        1.57714844
   1240.27684273        1.56250000
   1241.50793523        1.50878906
   1242.70590960        1.52343750
   1243.93924088        1.63574219
   1245.17096291        1.64550781
   1246.44138704        1.54296875
   1247.66551789        1.60644531
   1248.94647286        1.38671875
   1250.12781301        1.63574219
   1251.36508120        1.50390625
   1252.58445848        1.47949219
   1253.83492637        1.56250000
   1255.04252462        1.56738281
   1256.28368338        1.54785156
   1257.51507978        1.54296875
   1258.76698773        1.51367188
   1259.98339131        1.35742188
   1261.24141634        1.61132813
   1262.44129535        1.52832031
   1263.69214086        1.56250000
   1264.93555353        1.59179688
   1266.14286727        1.52832031
   1267.41785073        1.60644531
   1268.78327599        1.54785156
   1270.37952719        1.66015625
   1272.19218718        1.63574219
   1274.23158544        1.48437500
   1275.92844112        1.53320313
   1277.75327003        1.53808594
   1279.17319035        1.58203125
   1280.49900231        1.44531250
   1282.21053321        1.65039063
   1283.73812882        1.54785156
   1285.55895939        1.57714844
   1287.16165803        1.62109375
   1288.37253200        1.64550781
   1289.60478997        1.60644531
   1290.85225013        1.57226563
   1292.11914144        1.55273438
   1293.40878689        1.63085938
   1294.65533112        1.71875000
   1295.86097605        1.45507813
   1297.07679122        1.62109375
   1298.33131179        1.62109375
   1299.54853016        1.62109375
   1300.76267889        1.66015625
   1302.10073775        1.51855469
   1303.31967456        1.45996094
   1304.56914806        1.71386719
   1305.83921725        1.58691406
   1307.09222168        1.56250000
   1308.36175445        1.51855469
   1309.56523952        1.60644531
   1310.80136539        1.60156250
   1312.01881628        1.59179688
   1313.29280205        1.73339844
   1314.53201363        1.61132813
   1315.76469649        1.70410156
   1317.00984319        1.66503906
   1318.22001673        1.62109375
   1319.46714464        1.57226563
   1320.70042772        1.66992188
   1321.91998554        1.69921875
   1323.12132399        1.62597656
   1324.37216619        1.67480469
   1325.59141350        1.62109375
   1326.77798930        1.57226563
   1328.02583842        1.44042969
   1329.27023650        1.57226563
   1330.57958769        1.65039063
   1331.86659357        1.66992188
   1333.09060202        1.69921875
   1334.26726705        1.57226563
   1335.75106244        1.60156250
   1336.89931140        1.45507813
   1338.05382583        1.51367188
   1339.23313042        1.62597656
   1340.38520237        1.62109375
   1341.56658175        1.50390625
   1342.66613797        1.61621094
   1343.78908776        1.67480469
   1344.93736318        1.66015625
   1346.04338526        1.47949219
   1347.17294270        1.61621094
   1348.31744475        1.64062500
   1349.47537148        1.53320313
   1350.59494206        1.64550781
   1351.67903047        1.72363281
   1352.84800887        1.60156250
   1354.06683886        1.76269531
   1355.28326370        1.46484375
   1356.50372044        1.59179688
   1357.69362015        1.65039063
   1358.88920638        1.57226563
   1360.07883954        1.49902344
   1361.28210343        1.55273438
   1362.46564550        1.61621094
   1363.61452209        1.56738281
   1364.76865512        1.56738281
   1365.94093474        1.56250000
   1367.14491512        1.56250000
   1368.31051430        1.67480469
   1369.56398189        1.73828125
   1370.74626491        1.53320313
   1371.91775762        1.50878906
   1373.10386837        1.68457031
   1374.30353423        1.53808594
   1375.52084145        1.50878906
   1376.72197856        1.55273438
   1377.90858177        1.56738281
   1379.12448012        1.64062500
   1380.28004660        1.62597656
   1381.48401138        1.66015625
   1382.71568473        1.60156250
   1383.93200560        1.56738281
   1385.13435214        1.60156250
   1386.35225769        1.63574219
   1387.61537091        1.73828125
   1388.88311766        1.72363281
   1390.15460329        1.72851563
   1391.43363092        1.65527344
   1392.69033121        1.65527344
   1393.85711193        1.54785156
   1395.05430837        1.55761719
   1396.26024538        1.40625000
   1397.45408104        1.67480469
   1398.69695068        1.63574219
   1399.85999868        1.61621094
   1401.06228614        1.57226563
   1402.36133949        1.50390625
   1403.56828695        1.59179688
   1404.79886477        1.66503906
   1406.03006031        1.69921875
   1407.24993620        1.64062500
   1408.45359283        1.45019531
   1409.66892593        1.66015625
   1410.83863452        1.68945313
   1412.02613333        1.73339844
   1413.30681749        1.61132813
   1414.53962559        1.71386719
   1415.75781046        1.60644531
   1416.98748842        1.58203125
   1418.21561289        1.63085938
   1419.42080316        1.60156250
   1420.63731686        1.65039063
   1421.90929590        1.64062500
   1423.12731440        1.71875000
   1424.41472106        1.58691406
   1425.58379020        1.65527344
   1426.81808798        1.62109375
   1428.03811511        1.56738281
   1429.23994603        1.87011719
   1430.44231053        1.66015625
   1431.64023858        1.71386719
   1432.84561601        1.67480469
   1434.09717848        1.56738281
   1435.33118655        1.71386719
   1436.54981048        1.70898438
   1437.75098777        1.70410156
   1438.95340048        1.73828125
   1440.15270857        1.76757813
   1441.33715381        1.61621094
   1442.55574938        1.71386719
   1443.87014292        1.65039063
   1445.02871902        1.73828125
   1446.20336314        1.59179688
   1447.38544814        1.60156250
   1448.55784544        1.69433594
   1449.70195521        1.77246094
   1450.88914920        1.66503906
   1452.10690587        1.69433594
   1453.30702450        1.75292969
   1454.45946935        1.66503906
   1455.66347808        1.57226563
   1456.86637664        1.70898438
   1458.06846229        1.59667969
   1459.26811303        1.71875000
   1460.47245685        1.59179688
   1461.67182118        1.64550781
   1462.88496134        1.67968750
   1464.15779676        1.70898438
   1465.39592841        1.67480469
   1466.64366788        1.76757813
   1467.85058888        1.74804688
   1469.09072112        1.73339844
   1470.28192667        1.67968750
   1471.50843999        1.75781250
   1472.77829272        1.82617188
   1474.02987268        1.55761719
   1475.23271830        1.71386719
   1476.43391969        1.58691406
   1477.63502136        1.55761719
   1478.84119279        1.73339844
   1480.08884530        1.66503906
   1481.29400060        1.66503906
   1482.60027081        1.63085938
   1483.82851060        1.67480469
   1485.00763796        1.71875000
   1486.17443239        1.66015625
   1487.40766537        1.80664063
   1488.65506220        1.71875000
   1489.90828733        1.81640625
   1491.07611159        1.64062500
   1492.26082292        1.69433594
   1493.44631548        1.80664063
   1494.66126104        1.77246094
   1495.84922018        1.64062500
   1497.08029094        1.60644531
   1498.29028253        1.76269531
   1499.56794336        1.58203125
   1500.82452549        1.77734375
   1502.02327306        1.61132813
   1503.24208887        1.72363281
   1504.39307758        1.64062500
   1505.59477144        1.66992188
   1506.84690105        1.54296875
   1508.00130631        1.69921875
   1509.23222536        1.59667969
   1510.48205002        1.74316406
   1511.70136775        1.70898438
   1512.87310812        1.48925781
   1514.04057981        1.68457031
   1515.20862998        1.80664063
   1516.36119629        1.70410156
   1517.57742405        1.71386719
   1518.76121803        1.65527344
   1519.94830283        1.59179688
   1521.14894228        1.83105469
   1522.32908293        1.62597656
   1523.56170010        1.72363281
   1524.81094486        1.66992188
   1525.98398444        1.62597656
   1527.15043008        1.72363281
   1528.40171040        1.64550781
   1529.63730174        1.74804688
   1530.83522979        1.74804688
   1532.01634734        1.67480469
   1533.23586262        1.74804688
   1534.44471945        1.67480469
   1535.64720684        1.66503906
   1536.86334008        1.74316406
   1538.08294090        1.77734375
   1539.26820803        1.66503906
   1540.49966302        1.83593750
   1541.75689926        1.66503906
   1543.00446103        1.72363281
   1544.23144602        1.61132813
   1545.47693395        1.68457031
   1546.67674396        1.64550781
   1547.87447823        1.72363281
   1549.16260421        1.82617188
   1550.36267652        1.65039063
   1551.53321928        1.82128906
   1552.71289251        1.65527344
   1553.91443891        1.71875000
   1555.11975821        1.67480469
   1556.31870947        1.80664063
   1557.52780073        1.68945313
   1558.72379388        1.50878906
   1559.94111197        1.75292969
   1561.15064181        1.75781250
   1562.34585752        1.74804688
   1563.52978572        1.78710938
   1564.71238728        1.58691406
   1565.91806530        1.74804688
   1567.10432586        1.66015625
   1568.33567877        1.78222656
   1569.53683621        1.66503906
   1570.73531628        1.72851563
   1572.01090894        1.76269531
   1573.23898756        1.78222656
   1574.47486814        1.72851563
   1575.69182137        1.60156250
   1576.94123249        1.56738281
   1578.16461141        1.79687500
   1579.41515681        1.77246094
   1580.64597142        1.76269531
   1581.89912613        1.65039063
   1583.14882035        1.67968750
   1584.37798268        1.90429688
   1585.57223850        1.74316406
   1586.80897972        1.68945313
   1588.04241450        1.62597656
   1589.27558699        1.65527344
   1590.51283721        1.87011719
   1591.73424722        1.68457031
   1592.93008630        1.80664063
   1594.16748965        1.81640625
   1595.37873178        1.73339844
   1596.65023253        1.67480469
   1597.86474847        1.65527344
   1599.09474072        1.70898438
   1600.42538849        1.65527344
   1601.62404720        1.72363281
   1602.87222054        1.66503906
   1604.11396677        1.75292969
   1605.32894399        1.68457031
   1606.53071913        1.75781250
   1607.75452436        1.73339844
   1608.96688139        1.75781250
   1610.23908067        1.72363281
   1611.48487816        1.64062500
   1612.65412074        1.75781250
   1613.87279241        1.70898438
   1615.09033594        1.82617188
   1616.29576488        1.71875000
   1617.54987996        1.81152344
   1618.76687572        1.89941406
   1619.96547110        1.74804688
   1621.15037100        1.70898438
   1622.35420203        1.81640625
   1623.62303155        1.79199219
   1624.90254126        1.75292969
   1626.12492863        1.72363281
   1627.40713226        1.66015625
   1628.70520871        1.71386719
   1629.97832391        1.89453125
   1631.21179178        1.83593750
   1632.47920440        1.71875000
   1633.72743492        1.74804688
   1634.93613296        1.67968750
   1636.21747405        1.72851563
   1637.43402887        1.73828125
   1638.62001768        1.68945313
   1639.81981067        1.99218750
   1641.02131784        1.91406250
   1642.22329196        1.81640625
   1643.42356797        1.82617188
   1644.68210910        1.84570313
   1645.89394484        1.76269531
   1647.08010379        1.90917969
   1648.28308269        1.68457031
   1649.50040881        1.76269531
   1650.73721478        1.75781250
   1651.93522601        1.75781250
   1653.13619581        1.84082031
   1654.34578851        1.92871094
   1655.53782209        1.77246094
   1656.73855134        1.81640625
   1658.01025814        1.80175781
   1659.19721203        1.82128906
   1660.36493374        1.61132813
   1661.56762151        1.71386719
   1662.81588512        1.80175781
   1664.00251763        1.84082031
   1665.21873688        1.93847656
   1666.45685767        1.76269531
   1667.66583644        1.71875000
   1668.85107851        1.76269531
   1670.09931990        1.80175781
   1671.30021362        1.83105469
   1672.51071942        1.69433594
   1673.71383396        1.72851563
   1674.88942426        1.76757813
   1676.08733246        1.85058594
   1677.28981700        1.83593750
   1678.50669178        1.93847656
   1679.75884029        1.67968750
   1680.95907849        1.75781250
   1682.14126605        1.73828125
   1683.39762368        1.68457031
   1684.64645207        1.84082031
   1685.90210456        1.69433594
   1687.14710995        1.82128906
   1688.35076375        1.81640625
   1689.55304082        1.75781250
   1690.80373982        1.84082031
   1692.11230646        1.89941406
   1693.41504197        1.81640625
   1694.58333129        1.78222656
   1695.83614194        1.73828125
   1697.09259504        1.57226563
   1698.34215787        1.66503906
   1699.59375248        1.86523438
   1700.82275318        1.81640625
   1702.02573823        1.98242188
   1703.19573511        1.94824219
   1704.34842099        1.78222656
   1705.50000284        1.84082031
   1706.68286812        1.85546875
   1707.85231582        1.87011719
   1709.08839584        1.66992188
   1710.27356419        1.87500000
   1711.48957502        1.86523438
   1712.65785252        1.84570313
   1713.82304951        1.80664063
   1714.99543263        1.84082031
   1716.17973042        1.80175781
   1717.34267870        1.98242188
   1718.49678243        1.79199219
   1719.66976105        1.83105469
   1720.90074721        1.86035156
   1722.11078038        1.77246094
   1723.30532166        1.88964844
   1724.47395552        1.88476563
   1725.65576829        1.78710938
   1726.80982948        1.88964844
   1728.03006267        1.83593750
   1729.23029378        1.95312500
   1730.41307305        1.85058594
   1731.55047120        1.67968750
   1732.71368225        1.72363281
   1733.88829376        1.80175781
   1735.06656143        1.86035156
   1736.26621311        1.84570313
   1737.46899021        1.79199219
   1738.62207356        1.88964844
   1739.82419372        1.88476563
   1741.03642976        1.76757813
   1742.29844178        1.79199219
   1743.52687487        1.85546875
   1744.71608740        1.75292969
   1745.91367374        1.78710938
   1747.14710239        1.91406250
   1748.34869511        1.87011719
   1749.54890400        1.68945313
   1750.76965943        1.90429688
   1751.98236053        1.71386719
   1753.16451217        1.79687500
   1754.32153478        1.86035156
   1755.47210239        1.69433594
   1756.63863877        1.60644531
   1757.77958013        1.74804688
   1758.92681485        1.78222656
   1760.07509736        1.70410156
   1761.21111878        1.86035156
   1762.37546553        1.78710938
   1763.54465423        1.73828125
   1764.67751952        1.87500000
   1765.82883150        1.85546875
   1766.96414589        1.92871094
   1768.20081006        1.72363281
   1769.38309639        1.84570313
   1770.54915118        1.86035156
   1771.77097142        1.79687500
   1772.93627474        1.82128906
   1774.12777190        1.90917969
   1775.32162646        1.97265625
   1776.49223018        1.69433594
   1777.69193527        1.89453125
   1778.85863943        1.80664063
   1779.99122304        1.79687500
   1781.14126132        1.91894531
   1782.29244664        1.68945313
   1783.46249551        1.81152344
   1784.68979810        1.82617188
   1785.84503564        1.96289063
   1787.01578587        1.84082031
   1788.20154546        1.85058594
   1789.34981379        1.83593750
   1790.54897206        1.85546875
   1791.70357771        1.86035156
   1792.83783390        1.93359375
   1794.00445441        2.03125000
   1795.17680161        1.90917969
   1796.41004736        1.83105469
   1797.57848035        1.94824219
   1798.71198508        1.70410156
   1799.85801321        1.91894531
   1801.01557933        1.82128906
   1802.16165425        1.84570313
   1803.36353101        1.81640625
   1804.56690030        1.68945313
   1805.75137201        1.72851563
   1806.93945167        1.83593750
   1808.05606131        1.88964844
   1809.22615838        1.83105469
   1810.37409967        1.84082031
   1811.51368603        1.86035156
   1812.67519755        1.98730469
   1813.86089381        1.86035156
   1815.03039728        1.73828125
   1816.16747264        2.01171875
   1817.33299336        1.92382813
   1818.48174188        1.82617188
   1819.65210125        1.85058594
   1820.95502628        1.74804688
   1822.15460707        1.81152344
   1823.36922368        1.61621094
   1824.64577339        1.87500000
   1825.96258058        1.92382813
   1827.19424920        2.01171875
   1828.41299790        1.75781250
   1829.65250392        1.85546875
   1830.85182714        1.96777344
   1832.07459213        1.87500000
   1833.28612020        1.92382813
   1834.50650179        1.86523438
   1835.71509112        1.70410156
   1837.01027894        1.84082031
   1838.18062934        1.87011719
   1839.38457994        2.04589844
   1840.58256234        1.87988281
   1841.78212989        1.74316406
   1842.95520115        1.84570313
   1844.13515039        1.79199219
   1845.33821578        1.64062500
   1846.51876808        1.94824219
   1847.72314120        1.79199219
   1849.02482986        1.86035156
   1850.22587718        1.91894531
   1851.45661994        1.93847656
   1852.72972049        1.85058594
   1853.94447937        1.82128906
   1855.13182506        1.88964844
   1856.33656729        1.79199219
   1857.58446746        1.92382813
   1858.76857525        1.92382813
   1859.93814867        1.79687500
   1861.16934562        1.91894531
   1862.39671012        1.82617188
   1863.62448012        1.80664063
   1864.84103163        1.95312500
   1866.06650850        1.75781250
   1867.27688999        1.86523438
   1868.43996021        2.00683594
   1869.61039662        1.96289063
   1870.78589665        1.86035156
   1872.00713604        1.80175781
   1873.20676551        1.83105469
   1874.40849103        1.93359375
   1875.61023829        1.87011719
   1876.81178706        2.01660156
   1878.01152712        1.92871094
   1879.23022856        1.88476563
   1880.38983165        1.83105469
   1881.58543112        1.80664063
   1882.78061327        1.99707031
   1884.01259098        1.93359375
   1885.21283958        1.83105469
   1886.48253682        1.84082031
   1888.15580515        1.92871094
   1889.46102756        1.94335938
   1890.75253086        1.76757813
   1892.05273976        1.99707031
   1893.33716279        1.94824219
   1894.55442511        1.93847656
   1895.82341768        1.85546875
   1897.03811558        1.87011719
   1898.28974564        1.72851563
   1899.48790952        1.96289063
   1900.69250950        1.88964844
   1901.92275460        1.95800781
   1903.12684368        1.81152344
   1904.34670397        1.86523438
   1905.54661559        1.82617188
   1906.73020634        1.99218750
   1907.94944846        1.86035156
   1909.21778456        1.86523438
   1910.43432378        1.90917969
   1911.69131520        1.86523438
   1912.88954005        1.86523438
   1914.08887130        1.97753906
   1915.28233170        1.92871094
   1916.53508280        1.97753906
   1917.75570165        1.83105469
   1918.98337996        1.87500000
   1920.15414296        1.97265625
   1921.35230401        1.95800781
   1922.60261830        1.70898438
   1923.84144706        1.80664063
   1924.99478987        1.84570313
   1926.19261820        1.89941406
   1927.41405231        2.00683594
   1928.64822532        1.98242188
   1929.86207866        1.87500000
   1931.16581422        1.91406250
   1932.38865011        1.99707031
   1933.67031873        1.95312500
   1934.87230939        1.88476563
   1936.06485812        1.97753906
   1937.27722602        1.85058594
   1938.46550088        1.85546875
   1939.70216836        1.91406250
   1940.94991162        1.89453125
   1942.13732301        1.97265625
   1943.33933163        1.89941406
   1944.54134214        2.01660156
   1945.78131936        1.81152344
   1946.99748521        1.91406250
   1948.19663639        2.00683594
   1949.38066667        1.90429688
   1950.58271168        1.84082031
   1951.83866382        1.88476563
   1953.05153317        1.91894531
   1954.25303845        2.02636719
   1955.42548160        1.98242188
   1956.61007997        1.93359375
   1957.79246413        1.89453125
   1958.94829811        1.94335938
   1960.12354576        2.02148438
   1961.29633297        1.90917969
   1962.46570269        1.91894531
   1963.64717942        1.86523438
   1964.86499660        1.96289063
   1966.05229644        2.10937500
   1967.28197866        1.91406250
   1968.47403303        1.84082031
   1969.70726317        1.88964844
   1970.90307721        1.97265625
   1972.20552063        1.97265625
   1973.44335501        1.97753906
   1974.67948371        1.95312500
   1975.93780413        1.87500000
   1977.16718765        1.84082031
   1978.39888982        1.88964844
   1979.61383112        1.87988281
   1980.85391705        2.02148438
   1982.07148373        1.92871094
   1983.27197525        1.94824219
   1984.50492561        1.87011719
   1985.74158553        1.91406250
   1986.89164367        1.86523438
   1988.07833289        1.85058594
   1989.27881732        2.11425781
   1990.45942350        1.97753906
   1991.71290243        1.83105469
   1993.01305934        1.99218750
   1994.25532875        1.80175781
   1995.48731355        2.06542969
   1996.72072849        2.00683594
   1997.92435866        1.87500000
   1999.12617682        1.85546875
   2000.42845010        1.91406250
   2001.64382526        2.00195313
   2002.83085288        1.88964844
   2004.05126661        1.94335938
   2005.23565467        1.86523438
   2006.40709728        1.91894531
   2007.62130130        1.88476563
   2008.85862384        2.00195313
   2010.10592898        2.01660156
   2011.29206666        1.91406250
   2012.49196599        1.87011719
   2013.69175284        2.01660156
   2014.94813127        2.08984375
   2016.17136180        1.97753906
   2017.39955432        1.87011719
   2018.59671201        2.02148438
   2019.82015757        2.00195313
   2021.05838091        1.98242188
   2022.26272048        1.91406250
   2023.52354056        1.87500000
   2024.79016012        1.88964844
   2026.02933248        1.97265625
   2027.23058349        1.99218750
   2028.42984290        1.88964844
   2029.58263370        1.92382813
   2030.78157977        1.84082031
   2031.94605932        2.07031250
   2033.19858593        2.01660156
   2034.41828317        1.88964844
   2035.65104826        1.88964844
   2036.82371590        2.08007813
   2038.10751035        1.86523438
   2039.30909929        1.92382813
   2040.56413502        1.93847656
   2041.76093966        2.05078125
   2042.95020323        1.94824219
   2044.24577386        1.95800781
   2045.53239834        2.01171875
   2046.72773267        1.84570313
   2047.92972947        1.93359375
   2049.12819300        1.96289063
   2050.35344065        2.08496094
   2051.53316587        1.87011719
   2052.74130480        1.94824219
   2053.96043821        1.82128906
   2055.23179906        1.91406250
   2056.41492901        2.10937500
   2057.63267860        1.96777344
   2058.86461661        1.92382813
   2060.03799176        1.96289063
   2061.24199387        1.97753906
   2062.47140244        2.01660156
   2063.67210806        1.98242188
   2064.89350294        1.86035156
   2066.07900259        1.97753906
   2067.30523895        1.92382813
   2068.50059408        1.96289063
   2069.65260034        1.94824219
   2070.90358669        1.95312500
   2072.14414192        2.18261719
   2073.39822249        1.92382813
   2074.65552063        1.91406250
   2075.88789487        1.91894531
   2077.13750118        1.87500000
   2078.38718500        1.98242188
   2079.64660236        2.05566406
   2080.79613494        2.06542969
   2081.98024557        1.92871094
   2083.21369785        2.00195313
   2084.47734134        1.91894531
   2085.72578832        2.01171875
   2086.92389502        2.01171875
   2088.13598550        2.07031250
   2089.34043660        1.88964844
   2090.52783759        2.01171875
   2091.72785460        2.19726563
   2092.88276084        1.90917969
   2094.11542526        1.95800781
   2095.38141577        1.87011719
   2096.58211902        1.95800781
   2097.78865531        2.01171875
   2099.06776235        2.13867188
   2100.26852799        2.01171875
   2101.47124175        1.85058594
   2102.69273305        1.99218750
   2103.94042006        2.07031250
   2105.18309734        1.96289063
   2106.40125621        1.94335938
   2107.63105327        1.98242188
   2108.84966491        2.00195313
   2110.10196892        2.12402344
   2111.28978061        2.12890625
   2112.49127644        2.13867188
   2113.73016286        1.96289063
   2114.93295272        1.97753906
   2116.13043320        2.04589844
   2117.31314536        2.13867188
   2118.53780602        2.05566406
   2119.93116103        2.06542969
   2121.16011210        2.10449219
   2122.35374076        2.00195313
   2123.94067102        1.94335938
   2125.54698896        1.93359375
   2126.89155812        1.81640625
   2128.35236923        2.01171875
   2129.61123504        1.99707031
   2131.07129469        1.96289063
   2132.29022676        1.88964844
   2133.47675861        2.06542969
   2134.67810698        2.03125000
   2135.87955602        2.01660156
   2137.09604798        1.87500000
   2138.36451878        2.04589844
   2139.54785479        2.13378906
   2140.80327003        1.97265625
   2142.00242405        1.99707031
   2143.25857374        1.94824219
   2144.50689453        2.00683594
   2146.22387990        2.00683594
   2147.89942152        1.96777344
   2149.53471133        2.08007813
   2151.21715787        2.11914063
   2152.50432113        1.93359375
   2153.75001701        2.02148438
   2155.03813118        1.95800781
   2156.47970915        2.01171875
   2157.63120120        1.84570313
   2158.96100299        2.06542969
   2160.15437265        1.97265625
   2161.52630915        2.00683594
   2162.83950791        1.98242188
   2164.09795026        2.03125000
   2165.27224039        2.05078125
   2166.40149630        1.97753906
   2167.57282785        2.01660156
   2168.83258502        2.12890625
   2169.98535928        2.01660156
   2171.11857194        2.17773438
   2172.31653733        2.08007813
   2173.50488355        1.96777344
   2174.72147948        1.96777344
   2175.89506210        2.05078125
   2177.11132720        2.02148438
   2178.31327533        2.16796875
   2179.51492996        2.05566406
   2180.71521778        1.94824219
   2181.94930714        1.92871094
   2183.12442057        2.05078125
   2184.30344585        2.10449219
   2185.51812721        2.01660156
   2186.70608399        1.97753906
   2187.90716061        1.98242188
   2189.25509055        2.01660156
   2190.41668148        2.11914063
   2191.63464894        2.11914063
   2193.03629459        2.03613281
   2194.24302796        2.03125000
   2195.52725155        2.00195313
   2196.78877866        2.08496094
   2197.99242679        1.96777344
   2199.44087566        1.94824219
   2200.78861372        2.08496094
   2201.98523168        1.85546875
   2203.55637654        2.02636719
   2204.71725240        2.03125000
   2206.12404815        2.10937500
   2207.35016683        2.02636719
   2208.57801435        1.81640625
   2209.71294922        2.04101563
   2210.86186220        2.18261719
   2211.98246781        1.92871094
   2213.15810821        1.98730469
   2214.30935072        2.05078125
   2215.42936131        2.05566406
   2216.60631936        1.91894531
   2217.79328459        2.03125000
   2218.96588512        1.94335938
   2220.11160321        2.13378906
   2221.29830756        1.97265625
   2222.56506891        2.10449219
   2223.73333648        1.98730469
   2224.91530143        2.02636719
   2226.13921347        2.06542969
   2227.39438012        2.04589844
   2228.58824650        2.10937500
   2229.77515691        1.99707031
   2230.99250714        2.06054688
   2232.19426763        1.99218750
   2233.39360928        1.97753906
   2234.57851863        1.97753906
   2235.78193896        2.09472656
   2237.05044520        1.94335938
   2238.28256092        1.99218750
   2239.43315973        1.82617188
   2240.63360020        1.99218750
   2241.85346948        1.96777344
   2243.00515105        1.92382813
   2244.23796765        1.96289063
   2245.45565817        2.01171875
   2246.67591924        2.13867188
   2247.86158194        1.97753906
   2249.01267038        2.04589844
   2250.24132512        2.06542969
   2251.46521306        2.02148438
   2252.66244352        2.09472656
   2253.86661625        1.99218750
   2255.05461935        2.08984375
   2256.23897764        2.18750000
   2257.49567745        2.06054688
   2258.66645415        2.03125000
   2259.91518942        2.18750000
   2261.09842760        2.04589844
   2262.51273702        2.01171875
   2263.71208103        2.02636719
   2265.13817466        2.12402344
   2266.53058775        1.96289063
   2267.94662268        1.91406250
   2269.11886355        2.04589844
   2270.77605866        2.00683594
   2272.02721468        2.01171875
   2273.28130660        2.02636719
   2274.83557669        2.11914063
   2276.52170964        2.15332031
   2277.84724795        2.11425781
   2279.39550636        2.14843750
   2280.72318090        2.17285156
   2281.89166352        2.06542969
   2283.00674329        1.95312500
   2284.35406592        2.10449219
   2285.83656540        2.07031250
   2287.30678110        2.03613281
   2288.72527128        2.09960938
   2290.11148222        1.99707031
   2291.27412708        2.18261719
   2292.54638779        2.15820313
   2293.95924627        2.10449219
   2295.37526277        2.20703125
   2296.69635896        2.01171875
   2297.86062820        2.23144531
   2299.01218784        2.07031250
   2300.16059039        2.14355469
   2301.34727631        2.02148438
   2302.49958552        2.11914063
   2303.63307796        2.10937500
   2304.83195361        2.24609375
   2306.03239220        2.14355469
   2307.26548906        2.03125000
   2308.45237726        2.18750000
   2309.62305329        1.87500000
   2310.82709984        2.03125000
   2311.99302654        2.20214844
   2313.19372791        2.19726563
   2314.35830151        2.14843750
   2315.54725504        2.06542969
   2316.76205976        2.02148438
   2317.93432236        2.04101563
   2319.18138978        1.95800781
   2320.37911365        2.10449219
   2321.62075496        2.08496094
   2322.83532573        1.97753906
   2324.00230637        2.13378906
   2325.15083559        2.00683594
   2326.35221279        2.06054688
   2327.57112265        2.01660156
   2328.77219786        2.11425781
   2330.04412490        2.13378906
   2331.27710220        2.03613281
   2332.54816956        2.03125000
   2333.75065457        2.05566406
   2334.96615876        2.08984375
   2336.16555996        2.12402344
   2337.43013545        2.08496094
   2338.70048349        2.12402344
   2339.97523725        2.19726563
   2341.25678110        2.13378906
   2342.52135518        2.10937500
   2343.79632115        2.18261719
   2345.05828497        2.08007813
   2346.31356599        2.24121094
   2347.60140745        2.29492188
   2348.87363886        2.19238281
   2350.15548708        2.25585938
   2351.41363452        2.10937500
   2352.69117010        2.02636719
   2353.97616925        2.07031250
   2355.24446235        2.01660156
   2356.51133902        1.97265625
   2357.83246403        1.97265625
   2359.12115668        2.13867188
   2360.44485084        2.29492188
   2361.71466198        2.04589844
   2362.95512316        1.95312500
   2364.22214398        2.22167969
   2365.39256574        2.09472656
   2366.62675530        2.05566406
   2367.84345190        2.16796875
   2369.04630697        2.26074219
   2370.23287521        2.13378906
   2371.46573624        2.03613281
   2372.65315330        2.05566406
   2373.85530748        2.26074219
   2375.05777265        2.00683594
   2376.28693215        2.20214844
   2377.51506229        2.26562500
   2378.73073284        2.06054688
   2379.91999405        2.15332031
   2381.13898189        2.14843750
   2382.36640499        2.21191406
   2383.58081649        2.00683594
   2384.76732423        2.09472656
   2385.97408360        2.03125000
   2387.15603342        2.10449219
   2388.35558538        2.20703125
   2389.57234389        2.22167969
   2390.82271537        2.18261719
   2392.00398747        2.03613281
   2393.22477598        2.20214844
   2394.49768654        2.01660156
   2395.77260809        2.11425781
   2397.00424599        2.10937500
   2398.23670860        2.24121094
   2399.44723283        2.15332031
   2400.68664149        2.08007813
   2401.87022137        1.98242188
   2403.05197223        1.99218750
   2404.25798580        2.23632813
   2405.49314092        2.09472656
   2406.74309176        2.20214844
   2407.93230476        1.98242188
   2409.22997334        2.16796875
   2410.48012836        2.04589844
   2411.66303429        2.09960938
   2412.85739503        1.97753906
   2414.05389483        2.14355469
   2415.23675256        1.99707031
   2416.40643657        1.99218750
   2417.60912339        2.12402344
   2418.84018848        2.12402344
   2420.01093162        2.04101563
   2421.19178356        2.09472656
   2422.44388718        2.17285156
   2423.66118258        2.27050781
   2424.91542337        2.19238281
   2426.09763739        2.00683594
   2427.30456217        2.10937500
   2428.49918001        2.16308594
   2429.68418294        2.00683594
   2430.92304715        2.22167969
   2432.12279146        2.18750000
   2433.39162854        2.10937500
   2434.59327514        2.18261719
   2435.82888255        2.18261719
   2437.04676399        2.15820313
   2438.21310424        2.08496094
   2439.39978543        1.99707031
   2440.59773475        2.17773438
   2441.76800811        2.08007813
   2443.03037932        2.13867188
   2444.20214757        2.18750000
   2445.37451935        2.06542969
   2446.62255137        2.08496094
   2447.87231979        2.12890625
   2449.07590175        2.15332031
   2450.22784657        1.97265625
   2451.41178848        2.04101563
   2452.63143609        2.26074219
   2453.78135669        2.15332031
   2454.99189841        2.12402344
   2456.25415572        2.11914063
   2457.45389389        2.01171875
   2458.65497287        2.22167969
   2459.85994716        2.07519531
   2461.07356703        2.05566406
   2462.27526325        2.13378906
   2463.51531420        2.16308594
   2464.76911781        2.15820313
   2465.96651228        2.09960938
   2467.12479016        2.16308594
   2468.32245780        2.13867188
   2469.52364690        2.06542969
   2470.72473959        2.11914063
   2471.89444345        2.17285156
   2473.07799733        2.13378906
   2474.29625404        2.17285156
   2475.42936840        2.08007813
   2476.65072972        2.15332031
   2477.90019235        2.16796875
   2479.10109080        2.04101563
   2480.30420960        2.07519531
   2481.52131217        2.13867188
   2482.74471898        2.01660156
   2483.88857969        2.10449219
   2485.07796378        2.07031250
   2486.28978061        2.08984375
   2487.49057272        2.14355469
   2488.69087141        2.21191406
   2489.89724181        2.17773438
   2491.08125792        2.14843750
   2492.26324650        2.21191406
   2493.47125735        2.24609375
   2494.68598597        2.13378906
   2495.89944609        2.14843750
   2497.10327618        2.16308594
   2498.32555107        2.29492188
   2499.52745383        2.23144531
   2500.72872847        2.20703125
   2501.91247472        2.20703125
   2503.08019075        2.04101563
   2504.28132077        2.28027344
   2505.48381241        2.31445313
   2506.71904503        2.13867188
   2507.88853338        2.08496094
   2509.08576290        2.23144531
   2510.28681211        2.00683594
   2511.49156521        2.07519531
   2512.72472588        2.18750000
   2513.92441065        2.16796875
   2515.14761329        2.21191406
   2516.35088521        2.16308594
   2517.53344471        2.00683594
   2518.70394824        2.26074219
   2519.93537015        2.23632813
   2521.10701599        2.27050781
   2522.30936490        2.18750000
   2523.52286897        2.26074219
   2524.76381836        2.35839844
   2526.02063728        2.23144531
   2527.32096858        2.06054688
   2528.58615139        2.23144531
   2529.87910231        2.17285156
   2531.57879747        2.14355469
   2533.06072367        2.10449219
   2534.43102066        2.21679688
   2535.83514755        2.06054688
   2537.16897886        2.16308594
   2538.45546817        2.00195313
   2539.82319697        2.11425781
   2541.20264240        2.13378906
   2542.53072433        2.18750000
   2543.74958693        2.00195313
   2544.99730467        2.17773438
   2546.18516740        2.19238281
   2547.39831181        2.24609375
   2548.75336834        2.19726563
   2550.04052593        1.99218750
   2551.29469819        2.23144531
   2552.53106178        2.02148438
   2553.83256092        2.21679688
   2555.10059644        1.98730469
   2556.28837599        2.30957031
   2557.50127748        2.27050781
   2558.70850095        2.22167969
   2559.93779326        2.12890625
   2561.15555514        2.13867188
   2562.30423370        2.12890625
   2563.54278976        2.24609375
   2564.74440422        2.34863281
   2565.93248388        2.19726563
   2567.11657466        2.17285156
   2568.29550872        2.29492188
   2569.51444883        2.21191406
   2570.71750808        2.18750000
   2571.89663828        2.27539063
   2573.15107189        2.15820313
   2574.40170615        2.18261719
   2575.60133940        2.22167969
   2576.82049266        2.13867188
   2578.02273002        2.21679688
   2579.23090015        2.12890625
   2580.46372762        2.08984375
   2581.77716884        2.08496094
   2582.98097576        2.10937500
   2584.23577424        2.08984375
   2585.42025304        2.29980469
   2586.63382422        2.22167969
   2587.82564134        2.13378906
   2589.04068662        2.16796875
   2590.21861590        2.15820313
   2591.44128873        2.19726563
   2592.62675530        2.15820313
   2593.79417264        2.07031250
   2594.98032922        2.16796875
   2596.21413549        2.24121094
   2597.45001418        2.35351563
   2598.64964317        2.28027344
   2599.83233406        2.32421875
   2601.01903605        2.19238281
   2602.22073416        2.02148438
   2603.43898142        2.27050781
   2604.69175662        2.08984375
   2605.91258909        2.08007813
   2607.14288901        2.27050781
   2608.38288277        2.16308594
   2609.57473864        2.18750000
   2610.78824886        2.12402344
   2611.99035342        2.08496094
   2613.17247528        2.11425781
   2614.39633391        2.17285156
   2615.60141738        2.18261719
   2616.82897849        2.34863281
   2617.98223907        2.20703125
   2619.17828421        2.13378906
   2620.39818846        2.15820313
   2621.63722470        2.26074219
   2622.82176967        2.09960938
   2624.01208481        2.07031250
   2625.30164660        2.20703125
   2626.50871741        2.06054688
   2627.69397178        2.14843750
   2628.87601707        2.26074219
   2630.08209539        2.15820313
   2631.27868925        2.18750000
   2632.51669896        2.29003906
   2633.73380721        2.21679688
   2634.96469601        2.25097656
   2636.13674641        2.19238281
   2637.31863244        2.28027344
   2638.52475897        2.05078125
   2639.74597378        2.12402344
   2640.93187043        2.04589844
   2642.13394474        2.17285156
   2643.33568917        2.25097656
   2644.57507373        2.13378906
   2645.84062990        2.20703125
   2647.02248426        2.19238281
   2648.27754220        2.22656250
   2649.47906403        2.21191406
   2650.69702582        2.25097656
   2651.89773380        2.11914063
   2653.10113003        2.22167969
   2654.30174915        2.20703125
   2655.50177846        2.22656250
   2656.75276197        2.25097656
   2657.99508101        2.24609375
   2659.19064361        2.11914063
   2660.39322126        2.17285156
   2661.59957748        2.18261719
   2662.79649744        2.20214844
   2664.01516721        2.39746094
   2665.17075779        2.20703125
   2666.41787247        2.30957031
   2667.67082632        2.16796875
   2668.90181721        2.20214844
   2670.08839301        2.26562500
   2671.30640443        2.22167969
   2672.50179547        2.20703125
   2673.74004480        2.19726563
   2674.98868603        2.12890625
   2676.20284043        2.15820313
   2677.40765214        2.21679688
   2678.61288636        2.20703125
   2679.76630764        2.22656250
   2680.98263843        2.27539063
   2682.21661956        2.28515625
   2683.38681731        2.21679688
   2684.57552980        2.11914063
   2685.77246772        2.15332031
   2686.99235165        2.43164063
   2688.21444553        2.29003906
   2689.43379681        2.23144531
   2690.63316114        2.12890625
   2691.82222574        2.07031250
   2693.08810519        2.18261719
   2694.27137172        2.41699219
   2695.46166985        2.14355469
   2696.66299885        2.25585938
   2697.86628826        2.25585938
   2699.11407736        2.11914063
   2700.31456604        2.18261719
