      0.62496550        3.25683594
      1.80459667        3.17382813
      2.97020814        3.18847656
      4.14386827        3.14941406
      5.32958485        3.23242188
      6.51591395        3.30566406
      7.66336796        3.31542969
      8.84385551        3.25683594
     10.03659659        3.26171875
     11.21087018        3.32031250
     12.37420411        3.19824219
     13.52448343        3.32031250
     14.68996446        3.32519531
     15.86584116        3.22265625
     17.03084343        3.25195313
     18.18521135        3.24707031
     19.33891194        3.24707031
     20.48803240        3.31054688
     21.66283721        3.30078125
     22.83050268        3.21777344
     23.98476946        3.32031250
     25.17015048        3.19824219
     26.35344159        3.24707031
     27.53103957        3.21289063
     28.71031675        3.25683594
     29.86494319        3.26171875
     31.03075363        3.30566406
     32.20952511        3.31054688
     33.37253247        3.32519531
     34.53759287        3.22753906
     35.71309810        3.22265625
     36.87242329        3.28125000
     38.04256149        3.19824219
     39.20545021        3.18847656
     40.38648789        3.31542969
     41.55913379        3.30566406
     42.74727962        3.25683594
     43.92173327        3.25683594
     45.09756933        3.23730469
     46.27037639        3.26171875
     47.44544634        3.18359375
     48.61901431        3.27148438
     49.77886033        3.18847656
     50.93552564        3.18359375
     52.09266972        3.23730469
     53.24171125        3.27636719
     54.40128221        3.24218750
     55.55758550        3.18847656
     56.73160387        3.26171875
     57.90370815        3.22265625
     59.05523234        3.23730469
     60.22404862        3.30566406
     61.40517090        3.20312500
     62.59167061        3.31054688
     63.77460347        3.21289063
     64.94791340        3.24218750
     66.11210749        3.26171875
     67.28905845        3.23242188
     68.45757274        3.23242188
     69.63253162        3.29589844
     70.78972673        3.17871094
     71.95261735        3.19335938
     73.12643534        3.17871094
     74.30243823        3.31542969
     75.46621784        3.28613281
     76.63484366        3.18359375
     77.80926234        3.21777344
     78.98827296        3.23730469
     80.16759693        3.16894531
     81.31805632        3.30566406
     82.47673592        3.17871094
     83.63654224        3.16406250
     84.79643269        3.17871094
     85.97573823        3.31542969
     87.14876978        3.17871094
     88.31264580        3.29101563
     89.49574881        3.20312500
     90.68706685        3.27636719
     91.87405382        3.22753906
     93.04520341        3.32031250
     94.21469081        3.27636719
     95.37647078        3.33007813
     96.54021731        3.16894531
     97.70283901        3.30566406
     98.87888018        3.25683594
    100.05763701        3.23242188
    101.22663856        3.31542969
    102.39258559        3.30078125
    103.55634819        3.19335938
    104.71481369        3.22753906
    105.88049984        3.22753906
    107.05690587        3.30566406
    108.21760733        3.22753906
    109.39800272        3.15917969
    110.58664102        3.30078125
    111.74671484        3.23730469
    112.90123400        3.17382813
    114.08696004        3.15429688
    115.24779713        3.15429688
    116.43289837        3.32031250
    117.59333280        3.17382813
    118.77896856        3.29101563
    119.93086375        3.25683594
    121.08858300        3.25195313
    122.26046609        3.16894531
    123.43453599        3.17871094
    124.59410505        3.27148438
    125.77553973        3.21289063
    126.94175000        3.20312500
    128.13528839        3.25195313
    129.40637560        3.25195313
    130.61684878        3.20312500
    131.77470934        3.17871094
    132.94086857        3.32519531
    134.10906904        3.33496094
    135.28402698        3.23242188
    136.44970083        3.33007813
    137.60475972        3.15429688
    138.77924126        3.27636719
    139.94102785        3.25683594
    141.10502722        3.26171875
    142.27573586        3.32519531
    143.42941235        3.26660156
    144.60519831        3.32031250
    145.77279524        3.23242188
    146.92788249        3.29101563
    148.09639394        3.33007813
    149.26979791        3.29101563
    150.45160926        3.26171875
    151.61428436        3.32519531
    152.78370654        3.16406250
    153.97391156        3.28613281
    155.14086999        3.16894531
    156.30225911        3.14941406
    157.47552980        3.12500000
    158.65149441        3.19335938
    159.80892206        3.11523438
    160.96855682        3.30566406
    162.11879218        3.31054688
    163.28478836        3.15429688
    164.45811341        3.31542969
    165.63105233        3.32031250
    166.81963580        3.28613281
    168.01373329        3.29101563
    169.19360219        3.30078125
    170.37433267        3.32519531
    171.54898057        3.23730469
    172.73555117        3.27148438
    173.90900713        3.29589844
    175.08611311        3.27636719
    176.25733123        3.29101563
    177.43006314        3.15917969
    178.59322977        3.21289063
    179.75847118        3.18847656
    180.93553368        3.22265625
    182.09091064        3.29589844
    183.27037119        3.22265625
    184.44652249        3.13476563
    185.62720901        3.24218750
    186.81936027        3.15429688
    187.99208178        3.23242188
    189.16867686        3.28125000
    190.33166815        3.32519531
    191.50098068        3.32031250
    192.67450092        3.21777344
    193.83782540        3.17382813
    195.01573813        3.14453125
    196.19923058        3.18847656
    197.35759684        3.25195313
    198.53736885        3.31542969
    199.73055750        3.22753906
    200.90873585        3.13476563
    202.12655444        3.28125000
    203.31400930        3.14941406
    204.55953977        3.29589844
    205.75172080        3.14453125
    206.93219842        3.27148438
    208.09300480        3.19335938
    209.26902235        3.20800781
    210.44377091        3.21777344
    211.61378953        3.14453125
    212.78037365        3.16894531
    213.95221421        3.14453125
    215.11281547        3.16406250
    216.28501002        3.28125000
    217.45368499        3.31054688
    218.63238889        3.13476563
    219.79913039        3.13964844
    220.97696845        3.16406250
    222.14840208        3.31054688
    223.33105894        3.21289063
    224.51313638        3.12988281
    225.68117710        3.30566406
    226.83270790        3.14941406
    227.99376288        3.24218750
    229.15099533        3.15429688
    230.30313487        3.14941406
    231.47682335        3.24218750
    232.63390268        3.28613281
    233.80817674        3.24218750
    234.97360578        3.21777344
    236.14357620        3.20312500
    237.31885362        3.30078125
    238.51380844        3.14453125
    239.68626954        3.18847656
    240.89514717        3.27148438
    242.07399285        3.29589844
    243.28744730        3.16894531
    244.47894777        3.26171875
    245.65858414        3.22753906
    246.82568624        3.17382813
    248.00306775        3.21289063
    249.18428786        3.21777344
    250.37024028        3.14453125
    251.54150613        3.28125000
    252.70918578        3.28613281
    253.87687676        3.20312500
    255.04388292        3.26171875
    256.22244314        3.29589844
    257.41983477        3.17382813
    258.60651313        3.25683594
    259.77024406        3.27636719
    260.93582197        3.20312500
    262.12015615        3.16406250
    263.29230958        3.26171875
    264.47393189        3.20312500
    265.64798713        3.14941406
    266.80579333        3.15917969
    267.96928654        3.14453125
    269.13034813        3.13964844
    270.30350256        3.18359375
    271.46905117        3.23242188
    272.64357430        3.27636719
    273.81621028        3.14941406
    275.02140575        3.14941406
    276.28332609        3.24218750
    277.46089239        3.17382813
    278.62503781        3.11523438
    279.78669017        3.28613281
    280.95948778        3.28613281
    282.13993894        3.27148438
    283.30793051        3.26660156
    284.50852600        3.16406250
    285.69296557        3.24218750
    286.85401441        3.11035156
    288.05161493        3.27148438
    289.21911734        3.23242188
    290.39574361        3.25683594
    291.56234664        3.12011719
    292.72984668        3.12988281
    293.90347704        3.26171875
    295.08402414        3.14453125
    296.24756555        3.10058594
    297.42548916        3.17871094
    298.60024198        3.23730469
    299.76007997        3.12988281
    300.93403170        3.13964844
    302.09183555        3.18847656
    303.26070760        3.20312500
    304.42451415        3.25195313
    305.59518309        3.10546875
    306.77216146        3.23242188
    307.93938692        3.12011719
    309.09447228        3.14453125
    310.27431896        3.25683594
    311.44346702        3.12500000
    312.60944004        3.15917969
    313.79121973        3.12011719
    314.93371410        3.12011719
    316.09493639        3.23730469
    317.27292805        3.10058594
    318.44632210        3.14941406
    319.61553349        3.24707031
    320.78933541        3.09570313
    321.95017676        3.17871094
    323.09633817        3.15917969
    324.27137409        3.23242188
    325.44494442        3.09570313
    326.59187856        3.24707031
    327.77157069        3.19335938
    328.95125196        3.21777344
    330.10809639        3.10058594
    331.27346683        3.11523438
    332.45372422        3.22753906
    333.60471624        3.24218750
    334.76305083        3.24218750
    335.95002930        3.22265625
    337.14162523        3.18847656
    338.31904314        3.15429688
    339.46068397        3.20312500
    340.61728879        3.08593750
    341.78138316        3.11523438
    342.94811237        3.10058594
    344.10131151        3.22753906
    345.31029973        3.08105469
    346.51580383        3.12988281
    347.71788192        3.16406250
    348.90186636        3.12500000
    350.07674112        3.20312500
    351.24561884        3.21777344
    352.41630102        3.16894531
    353.57741176        3.13964844
    354.74073861        3.07617188
    355.90395911        3.20312500
    357.09357100        3.07128906
    358.26053462        3.06152344
    359.42836267        3.11523438
    360.60931338        3.21289063
    361.78586451        3.21289063
    362.95789317        3.12988281
    364.12941424        3.08593750
    365.29778626        3.06640625
    366.47394559        3.19335938
    367.65342742        3.18359375
    368.83560788        3.09082031
    370.01671409        3.15429688
    371.19638354        3.19335938
    372.37105223        3.19335938
    373.53234777        3.19824219
    374.70843006        3.20800781
    375.86968543        3.12988281
    377.03002911        3.15917969
    378.20729909        3.18847656
    379.39305301        3.04199219
    380.55749712        3.18359375
    381.71563888        3.13476563
    382.88875078        3.17871094
    384.06142125        3.12500000
    385.24572187        3.11523438
    386.41441859        3.07617188
    387.58239787        3.19335938
    388.74951131        3.18359375
    389.90942681        3.15917969
    391.11252292        3.04687500
    392.28689103        3.04687500
    393.44989650        3.02734375
    394.61526977        3.17871094
    395.78502042        3.06152344
    396.96121803        3.10546875
    398.13103579        3.16894531
    399.31662334        3.09082031
    400.49349585        3.16894531
    401.66429712        3.14941406
    402.84955858        3.03222656
    404.00404229        3.11035156
    405.18079192        3.10546875
    406.34746394        3.08105469
    407.52171059        3.14941406
    408.67956217        3.04199219
    409.85126472        3.16406250
    411.00701930        3.13964844
    412.15982381        3.12500000
    413.33930941        3.12988281
    414.49876458        3.01757813
    415.68758531        3.05664063
    416.85891780        3.10058594
    418.04016816        3.00292969
    419.20350256        3.01757813
    420.37527932        3.15429688
    421.53304063        3.09570313
    422.71696741        3.14941406
    423.90423417        3.06640625
    425.07252680        3.01757813
    426.24718131        3.10546875
    427.40334707        3.13964844
    428.56008611        3.15429688
    429.71549001        3.07128906
    430.87348526        3.11035156
    432.09320330        2.99316406
    433.26556279        3.14941406
    434.44047158        3.12500000
    435.62393425        3.08105469
    436.80374360        3.01269531
    437.96790508        3.04199219
    439.15770696        3.04687500
    440.34239891        2.98339844
    441.52100308        3.15429688
    442.69892243        2.98339844
    443.87007014        3.12988281
    445.03709190        3.06152344
    446.19201183        3.03710938
    447.35360559        3.00781250
    448.52833242        2.99804688
    449.70503337        3.10058594
    450.88719871        3.04199219
    452.06548386        3.10546875
    453.23294279        2.97363281
    454.40928881        3.03222656
    455.57541827        3.12500000
    456.73361911        3.01269531
    457.90942587        3.08593750
    459.09641379        3.08105469
    460.26939760        3.03710938
    461.44238000        2.99316406
    462.60797824        3.10058594
    463.81163582        2.99316406
    464.99458854        2.97851563
    466.15176853        3.07128906
    467.30493364        2.97851563
    468.46945715        3.03222656
    469.62956784        3.01269531
    470.79178498        3.09570313
    471.96945621        2.97363281
    473.14094230        3.00292969
    474.28608948        2.99316406
    475.45295574        3.00781250
    476.62140859        2.99316406
    477.85514963        3.11035156
    479.05474271        3.00781250
    480.25389058        3.10058594
    481.42605488        3.04199219
    482.60260459        2.95410156
    483.76797172        3.06640625
    484.93373774        3.00292969
    486.09836144        3.09082031
    487.25487977        3.04199219
    488.41496729        3.02246094
    489.57392102        3.05664063
    490.73114307        2.93457031
    491.90362072        2.98828125
    493.08801492        2.98828125
    494.25666106        3.07128906
    495.41363593        2.91503906
    496.57341484        2.98339844
    497.73243284        3.06152344
    498.91524803        2.98339844
    500.08848611        3.05664063
    501.24239749        3.01757813
    502.41421725        2.91503906
    503.57490453        2.93457031
    504.73639951        3.03222656
    505.97962786        3.04199219
    507.15995094        2.91503906
    508.30333856        2.90039063
    509.47673498        2.92480469
    510.64971690        2.95898438
    511.79887517        2.90527344
    512.97349377        2.92480469
    514.15963760        3.05664063
    515.33432945        2.99316406
    516.49648610        2.90527344
    517.66964053        2.90039063
    518.85921697        2.91992188
    520.03911848        2.95410156
    521.20666011        3.02734375
    522.38378878        3.04687500
    523.55173261        3.05175781
    524.72639469        2.94433594
    525.89840870        3.02246094
    527.05623287        2.90039063
    528.25651833        3.02246094
    529.43611547        2.96875000
    530.63249995        2.93945313
    531.79426622        2.98339844
    532.96381317        3.04199219
    534.12485113        2.90039063
    535.28338091        2.95898438
    536.48670860        2.95410156
    537.71377630        2.88085938
    538.88031552        2.97363281
    540.09250477        2.91992188
    541.32328346        2.99804688
    542.48707016        2.95410156
    543.65946887        2.99804688
    544.83171635        2.95410156
    546.00940271        2.95898438
    547.17997713        2.91015625
    548.34867147        2.89062500
    549.51998790        2.89062500
    550.68754135        3.00292969
    551.86995482        2.89550781
    553.04060391        2.88085938
    554.20121179        3.00781250
    555.36001002        2.87597656
    556.52585685        3.02246094
    557.68051213        2.97851563
    558.85695833        2.93457031
    560.04419627        2.91992188
    561.22315349        2.90039063
    562.38793835        2.88574219
    563.53459695        2.92968750
    564.70773721        3.01269531
    565.88599306        2.98828125
    567.06711723        2.99804688
    568.23149422        3.07128906
    569.54502429        2.86621094
    570.93009103        2.91992188
    572.23349387        2.82714844
    573.46147560        3.06152344
    574.73271641        2.97851563
    575.98291727        2.80761719
    577.22319319        2.86132813
    578.46838762        3.10546875
    579.76450697        2.91503906
    581.06119298        2.88574219
    582.30950810        2.97851563
    583.58716657        2.78808594
    584.90931527        2.78320313
    586.17822514        2.86132813
    587.43076734        2.89062500
    588.73305528        2.96386719
    590.04521050        2.99316406
    591.30891922        2.91015625
    592.59388623        3.10058594
    593.94065684        2.83691406
    595.27042838        2.85644531
    596.60657788        2.84179688
    597.91158525        2.94433594
    599.23259684        3.01269531
    600.49971359        2.67578125
    601.82540551        3.00781250
    603.10004395        2.92968750
    604.33854330        2.85644531
    605.66538745        2.72460938
    606.97199038        2.98339844
    608.30300868        2.86621094
    609.63174944        2.91992188
    610.93671191        2.91015625
    612.22281509        2.73925781
    613.52544331        3.03710938
    614.85223926        2.76367188
    616.19735902        3.05664063
    617.51020143        2.89062500
    618.83783768        2.91015625
    620.15436225        2.74902344
    621.44094325        2.98339844
    622.75964043        2.84179688
    624.07156739        2.83203125
    625.40092160        2.79785156
    626.68906129        2.92480469
    628.00671163        2.91992188
    629.25872828        2.89062500
    630.49399021        2.98339844
    631.73087841        2.80273438
    632.97297011        2.89550781
    634.23421602        2.77832031
    635.44726828        2.79785156
    636.66092359        2.75390625
    637.89227792        2.83203125
    639.14472607        2.86132813
    640.37254523        2.83691406
    641.59290508        2.78808594
    642.82149838        2.97851563
    644.12171531        2.80761719
    645.31553538        2.76855469
    646.52561818        2.85644531
    647.73856079        2.66601563
    648.99593172        2.76367188
    650.24258606        2.92480469
    651.45662514        2.79296875
    652.70858177        2.90527344
    653.92122805        2.83691406
    655.17742830        2.87597656
    656.39316927        2.84179688
    657.65037148        3.02734375
    658.89781368        2.71972656
    660.13098758        2.90039063
    661.36910600        2.90527344
    662.57299185        2.86132813
    663.80917160        2.84179688
    665.03845492        2.71484375
    666.27654971        2.62695313
    667.51485103        2.78320313
    668.75140509        2.66601563
    669.95733454        2.71972656
    671.20903596        2.73437500
    672.41300499        2.93945313
    673.62501182        2.71972656
    674.81877989        2.76855469
    676.04658818        2.96386719
    677.25347184        2.90527344
    678.50608258        2.90039063
    679.69939552        2.77343750
    680.94050324        2.90527344
    682.17343517        2.69531250
    683.40699520        2.68554688
    684.62305991        2.66113281
    685.84089835        2.73437500
    687.11143307        2.81738281
    688.34774893        2.82226563
    689.55684207        2.86132813
    690.78142711        2.81250000
    692.01744664        2.74414063
    693.25371807        2.76855469
    694.49897442        2.71972656
    695.70175672        2.74414063
    697.00257482        2.78808594
    698.23590279        2.81250000
    699.47244882        2.72949219
    700.81191041        2.75878906
    702.04295518        2.75390625
    703.31707091        2.71484375
    704.54308940        2.78808594
    705.75141974        2.75390625
    706.95537790        2.72949219
    708.23263985        2.70019531
    709.48221402        2.76855469
    710.72019869        2.57812500
    711.97684415        2.63183594
    713.21170388        2.58789063
    714.46521825        2.72949219
    715.68499253        2.66601563
    716.90010870        2.75390625
    718.10985311        2.82714844
    719.36507931        2.61718750
    720.64195748        2.70996094
    721.91283438        2.61718750
    723.12573208        2.70019531
    724.38644772        2.81738281
    725.61510908        2.74902344
    726.82602841        2.67578125
    728.07964629        2.76855469
    729.29335028        2.61718750
    730.47223472        2.74414063
    731.66468231        2.69531250
    732.88125792        2.59277344
    734.15676787        2.73437500
    735.40749853        2.79785156
    736.64080005        2.49023438
    737.85516948        2.88574219
    739.06857005        2.70996094
    740.28290451        2.59765625
    741.55913332        2.77343750
    742.79412868        2.58789063
    744.01932766        2.71484375
    745.29548840        2.65136719
    746.53074465        2.85156250
    747.76022411        2.65136719
    749.04333847        2.83691406
    750.29922869        2.77832031
    751.52470131        2.63183594
    752.75270195        2.73925781
    753.96813052        2.69531250
    755.24417973        2.63671875
    756.49122871        2.55859375
    757.74279732        2.64648438
    758.95642570        2.60253906
    760.16977711        2.55371094
    761.37831351        2.70996094
    762.59305017        2.73437500
    763.81377063        2.60742188
    765.04774751        2.72460938
    766.26144725        2.70019531
    767.51771887        2.57324219
    768.74542365        2.55859375
    770.00155396        2.74414063
    771.30243965        2.68066406
    772.53379681        2.65136719
    773.75045560        2.67089844
    774.98660274        2.56347656
    776.17803325        2.63671875
    777.38592453        2.73437500
    778.61767066        2.57324219
    779.84784723        2.63183594
    781.11587472        2.60742188
    782.37129232        2.82226563
    783.54462304        2.59277344
    784.79524453        2.56835938
    785.99970131        2.69042969
    787.18958589        2.70019531
    788.40435705        2.44140625
    789.64156757        2.56347656
    790.85042583        2.81250000
    792.08394710        2.53417969
    793.29636227        2.58300781
    794.49552243        2.80761719
    795.73925034        2.60253906
    796.94825794        2.66113281
    798.15618844        2.60742188
    799.40593985        2.50488281
    800.64319479        2.60253906
    801.91672118        2.53417969
    803.20536373        2.63183594
    804.44059162        2.50976563
    805.65342553        2.51953125
    806.92174084        2.67578125
    808.21977050        2.54882813
    809.45001182        2.53906250
    810.65952842        2.61230469
    811.93286812        2.65625000
    813.17510728        2.77343750
    814.43282180        2.71972656
    815.68953769        2.62207031
    816.90217262        2.59277344
    818.15396903        2.45117188
    819.37392338        2.50976563
    820.64591187        2.41210938
    821.91996900        2.55859375
    823.16684689        2.70996094
    824.39636936        2.51953125
    825.61070996        2.50976563
    826.83471227        2.61230469
    828.08290309        2.49511719
    829.31288542        2.65136719
    830.54841957        2.63183594
    831.76294733        2.46582031
    833.03615753        2.69042969
    834.26677127        2.48046875
    835.54660898        2.41210938
    836.74257188        2.66601563
    837.98884294        2.64160156
    839.20651738        2.45605469
    840.42255799        2.60253906
    841.67592349        2.52929688
    842.89339329        2.64160156
    844.14536410        2.51953125
    845.38286245        2.67089844
    846.61620082        2.50000000
    847.89457531        2.45605469
    849.10977466        2.59765625
    850.35626501        2.56347656
    851.59476624        2.76367188
    852.80836390        2.51953125
    854.06395353        2.63671875
    855.27832486        2.50000000
    856.49536410        2.62207031
    857.74062376        2.67089844
    858.97539983        2.67089844
    860.25243350        2.57812500
    861.51476832        2.44628906
    862.79332287        2.41210938
    864.01599949        2.44140625
    865.30834452        2.59277344
    866.51473524        2.41210938
    867.72753322        2.53906250
    868.98292767        2.56835938
    870.22192846        2.54882813
    871.48304204        2.44628906
    872.70681844        2.58789063
    873.92490075        2.58789063
    875.15954118        2.57812500
    876.39186201        2.45117188
    877.61047318        2.61718750
    878.82977532        2.57324219
    880.08173809        2.46582031
    882.14555693        2.58789063
    883.38425147        2.55371094
    884.63321644        2.59765625
    885.94615196        2.62207031
    887.16669943        2.57324219
    888.35609628        2.75390625
    889.59083171        2.53906250
    890.83171116        2.32910156
    892.08400854        2.47558594
    893.29769978        2.46093750
    894.53234399        2.65625000
    895.74262529        2.53906250
    896.95655519        2.36328125
    898.18321455        2.49511719
    899.41453721        2.49511719
    900.64889030        2.55859375
    901.88155897        2.50488281
    903.11987164        2.47558594
    904.37072424        2.30957031
    905.61997372        2.51953125
    906.84945602        2.46582031
    908.09839783        2.47070313
    909.32924504        2.68554688
    910.55117776        2.44628906
    911.76651039        2.33398438
    913.01519557        2.50976563
    914.23441169        2.46582031
    915.46844197        2.41699219
    916.70097643        2.50000000
    917.94549029        2.44628906
    919.15813184        2.49023438
    920.39179727        2.45605469
    921.64434703        2.44628906
    922.86190899        2.42187500
    924.09308751        2.40722656
    925.30623240        2.53906250
    926.55435563        2.65136719
    927.80628533        2.52929688
    929.01783702        2.56835938
    930.24608437        2.55371094
    931.49858120        2.52441406
    932.73184113        2.50000000
    933.92814621        2.49511719
    935.15502722        2.38281250
    936.38249003        2.57324219
    937.62306936        2.41210938
    938.85175624        2.45117188
    940.08922765        2.53417969
    941.30044662        2.35351563
    942.51070760        2.35351563
    943.72790706        2.42187500
    944.97014906        2.50488281
    946.22365635        2.43652344
    947.41542621        2.39746094
    948.64879199        2.44140625
    950.52553642        2.55371094
    951.80635764        2.49511719
    953.03774694        2.52441406
    954.23592311        2.47558594
    955.42847137        2.54882813
    956.64217205        2.38769531
    957.88332939        2.49511719
    959.13889729        2.57812500
    960.36970528        2.38281250
    961.60542138        2.50976563
    962.82065618        2.56347656
    964.05173309        2.42675781
    965.29602766        2.41210938
    966.52292474        2.48535156
    967.73576573        2.57324219
    968.95108607        2.68554688
    970.26340813        2.41699219
    971.47193839        2.27050781
    972.71300452        2.50000000
    973.92333497        2.38769531
    975.10946084        2.36816406
    976.34531968        2.57812500
    977.59268342        2.62695313
    978.83132928        2.40722656
    980.04893756        2.47070313
    981.26342798        2.56835938
    982.49282379        2.30468750
    983.76215286        2.50488281
    984.96014850        2.51464844
    986.16842259        2.43652344
    987.43589334        2.47070313
    988.66824111        2.42187500
    989.88350615        2.34375000
    991.15232905        2.41210938
    992.38762359        2.54882813
    993.64092056        2.50976563
    994.89636132        2.40722656
    996.16077188        2.53417969
    997.38934628        2.44140625
    998.63899276        2.57324219
    999.86830822        2.29492188
   1001.07805499        2.56835938
   1002.30719512        2.48046875
   1003.54339755        2.39257813
   1004.75794941        2.29980469
   1006.01318789        2.42187500
   1007.22288362        2.34375000
   1008.47597217        2.38281250
   1009.67234342        2.24121094
   1010.94327136        2.35839844
   1012.18004046        2.39746094
   1013.48048991        2.34863281
   1014.73596092        2.53417969
   1015.96741639        2.38769531
   1017.20098635        2.39746094
   1018.41424466        2.46582031
   1019.64521807        2.32910156
   1020.92111887        2.44628906
   1022.16830161        2.34863281
   1023.42481521        2.23144531
   1024.66491672        2.47070313
   1025.94901176        2.47070313
   1027.20267406        2.32910156
   1028.50673195        2.43164063
   1029.76707186        2.56347656
   1031.05464818        2.39257813
   1032.26974356        2.47070313
   1033.51882054        2.36816406
   1035.28164263        2.38769531
   1036.53789345        2.48535156
   1037.79304497        2.31445313
   1039.02173895        2.56835938
   1040.31317041        2.50488281
   1041.55483392        2.49023438
   1042.79155292        2.43164063
   1043.99080477        2.58789063
   1045.24313950        2.43164063
   1046.49538254        2.26074219
   1047.72429155        2.58300781
   1048.99118759        2.39746094
   1050.23846296        2.35351563
   1051.47644526        2.48535156
   1052.73922576        2.51464844
   1053.96691022        2.53906250
   1055.17316483        2.50488281
   1056.36370824        2.34863281
   1057.62282927        2.35351563
   1058.84474450        2.35839844
   1060.07925119        2.32910156
   1061.30946226        2.44140625
   1062.51991086        2.47070313
   1063.75581129        2.49511719
   1064.96852610        2.42187500
   1066.22136652        2.52929688
   1067.43872715        2.27539063
   1068.66958145        2.50000000
   1069.90674282        2.46093750
   1071.14860295        2.42187500
   1072.36841598        2.39257813
   1073.65467465        2.44628906
   1074.90256631        2.44140625
   1076.11994820        2.44628906
   1077.35470017        2.41210938
   1078.57082160        2.43652344
   1079.80498185        2.35351563
   1081.02105601        2.47558594
   1082.27587859        2.27539063
   1083.48536306        2.35351563
   1084.72788107        2.39257813
   1085.96234947        2.40722656
   1087.17796567        2.34375000
   1088.45665728        2.57812500
   1089.70582027        2.46093750
   1090.93007637        2.50488281
   1092.16292559        2.51953125
   1093.39670492        2.37792969
   1094.60869331        2.31445313
   1095.81219256        2.51953125
   1097.02947615        2.23144531
   1098.29024047        2.50488281
   1099.57552555        2.42675781
   1100.85147409        2.39257813
   1102.06047129        2.46093750
   1103.35085638        2.40722656
   1104.57394417        2.39257813
   1105.80538499        2.41699219
   1107.02740231        2.36328125
   1108.22569475        2.25585938
   1109.48657911        2.37792969
   1110.70055154        2.51953125
   1111.96029879        2.29980469
   1113.20994811        2.39746094
   1114.48432142        2.45117188
   1115.69666144        2.45117188
   1116.91196145        2.42675781
   1118.15896648        2.48535156
   1119.39220513        2.51953125
   1120.63704511        2.52441406
   1121.82868357        2.46582031
   1123.07681296        2.29492188
   1124.29714918        2.37792969
   1125.53299242        2.60253906
   1126.77101064        2.35839844
   1128.00248218        2.42675781
   1129.19525493        2.44140625
   1130.43311152        2.33398438
   1131.65613031        2.33886719
   1132.91380513        2.32910156
   1134.12926536        2.40722656
   1135.38170123        2.32421875
   1136.62465404        2.28515625
   1137.83872904        2.17285156
   1139.06947511        2.28515625
   1140.28280763        2.42675781
   1141.57671654        2.29492188
   1142.81338072        2.42187500
   1144.02514037        2.42187500
   1145.25448324        2.54882813
   1146.49041723        2.49511719
   1147.71631520        2.36328125
   1148.90454326        2.40722656
   1150.17805027        2.23144531
   1151.43601480        2.35351563
   1152.68310443        2.36816406
   1153.90791586        2.45605469
   1155.13461491        2.56347656
   1156.35023442        2.49023438
   1157.59289326        2.43652344
   1158.80573284        2.41699219
   1160.02940006        2.41699219
   1161.26189623        2.31933594
   1162.48821767        2.34375000
   1163.74709955        2.53906250
   1164.96684122        2.39746094
   1166.18392442        2.48535156
   1167.39152031        2.33398438
   1168.63557716        2.46582031
   1169.85403709        2.45605469
   1171.06999924        2.33398438
   1172.32244362        2.38281250
   1173.56896469        2.51464844
   1174.82627323        2.42187500
   1176.08042895        2.36816406
   1177.33249192        2.32910156
   1178.54668365        2.39257813
   1179.76004499        2.20703125
   1181.03246025        2.36328125
   1182.32289875        2.38769531
   1183.57074172        2.24121094
   1184.78873944        2.41699219
   1186.01949874        2.42675781
   1187.25463590        2.30957031
   1188.51172467        2.42675781
   1189.76107577        2.25585938
   1190.97605299        2.46093750
   1192.22047233        2.37304688
   1193.47060419        2.40722656
   1194.70850852        2.29003906
   1195.92574579        2.47070313
   1197.16200966        2.46093750
   1198.42364217        2.39257813
   1199.70120470        2.50488281
   1200.93993090        2.55371094
   1202.13378831        2.55371094
   1203.36388595        2.58789063
   1204.59006560        2.47558594
   1205.79293344        2.50488281
   1207.05950952        2.36328125
   1208.28364605        2.46582031
   1209.54931329        2.55371094
   1210.80257860        2.54882813
   1212.04833072        2.48535156
   1213.26220012        2.40234375
   1214.51794525        2.35839844
   1215.73168374        2.34375000
   1216.98734805        2.46093750
   1218.23912415        2.28027344
   1219.45575694        2.27539063
   1220.68275658        2.34375000
   1221.95334991        2.52929688
   1223.20280073        2.41210938
   1224.46060363        2.53906250
   1225.71718528        2.41699219
   1226.93585175        2.51464844
   1228.14065401        2.39257813
   1229.36797739        2.28515625
   1230.57025918        2.59765625
   1231.81998176        2.47070313
   1233.03445659        2.45117188
   1234.28838876        2.36328125
   1235.48602945        2.30468750
   1236.72179519        2.32910156
   1237.96980736        2.37304688
   1239.16524992        2.41210938
   1240.43841569        2.26562500
   1241.66894247        2.33398438
   1242.86759788        2.43164063
   1244.11062631        2.35839844
   1245.33204199        2.26074219
   1246.61459393        2.43164063
   1247.83014821        2.41699219
   1249.10819423        2.25097656
   1250.29219190        2.33886719
   1251.52809422        2.30957031
   1252.74790442        2.39746094
   1253.99980717        2.33886719
   1255.20564588        2.67578125
   1256.45127276        2.31933594
   1257.67783475        2.41210938
   1258.93053529        2.37792969
   1260.14291075        2.35351563
   1261.40169622        2.42675781
   1262.61176012        2.36816406
   1263.87463419        2.51953125
   1265.09879388        2.32910156
   1266.30381874        2.32421875
   1267.60006144        2.45117188
   1269.02150784        2.39746094
   1270.61222801        2.47558594
   1272.70482778        2.34375000
   1274.46478014        2.32421875
   1276.29960158        2.42187500
   1278.13467635        2.49511719
   1279.35016400        2.48046875
   1280.68219275        2.31933594
   1282.45781282        2.43652344
   1284.00321852        2.43164063
   1285.92034284        2.45117188
   1287.33769826        2.32421875
   1288.54930384        2.36816406
   1289.77053850        2.48046875
   1291.00347657        2.42675781
   1292.30479753        2.46093750
   1293.57539889        2.33398438
   1294.80810774        2.32421875
   1296.02567962        2.50976563
   1297.25602303        2.30957031
   1298.49769883        2.45117188
   1299.71448523        2.46582031
   1300.96219682        2.34375000
   1302.28440460        2.46582031
   1303.49006229        2.45117188
   1304.74012940        2.34375000
   1306.02226922        2.28515625
   1307.28532006        2.25585938
   1308.51097747        2.30957031
   1309.71631803        2.45605469
   1310.96862582        2.22167969
   1312.20086678        2.34863281
   1313.44520436        2.50000000
   1314.70809781        2.36816406
   1315.94828818        2.47558594
   1317.17798410        2.39257813
   1318.39394909        2.31933594
   1319.61744948        2.24121094
   1320.85095469        2.31933594
   1322.07039199        2.54394531
   1323.27455243        2.44628906
   1324.54388812        2.29980469
   1325.75966785        2.41699219
   1326.93050362        2.44628906
   1328.18458939        2.27050781
   1329.43316729        2.44628906
   1330.76456841        2.29003906
   1332.03504688        2.40234375
   1333.23821247        2.55371094
   1334.66918398        2.33398438
   1335.93051638        2.39746094
   1337.04957417        2.54394531
   1338.23471085        2.34375000
   1339.38738019        2.38769531
   1340.53779940        2.24609375
   1341.71686391        2.35351563
   1342.81788192        2.47558594
   1343.93765478        2.55371094
   1345.08882025        2.42675781
   1346.20800660        2.46093750
   1347.32572405        2.55371094
   1348.48998998        2.46093750
   1349.62494943        2.48535156
   1350.74404928        2.57324219
   1351.83195739        2.36816406
   1353.00107048        2.44140625
   1354.23301369        2.38281250
   1355.43549587        2.37304688
   1356.65772256        2.36816406
   1357.85817154        2.42187500
   1359.04216118        2.40722656
   1360.23273390        2.38281250
   1361.43096820        2.41699219
   1362.61565873        2.37304688
   1363.76731856        2.42187500
   1364.91815179        2.43652344
   1366.08997486        2.51464844
   1367.30849481        2.43652344
   1368.46437983        2.40234375
   1369.71741828        2.33398438
   1370.91533499        2.50000000
   1372.07218935        2.45605469
   1373.26950016        2.48046875
   1374.45242311        2.56347656
   1375.66972513        2.52929688
   1376.87404720        2.45117188
   1378.07457323        2.40722656
   1379.27863395        2.48535156
   1380.42953617        2.56347656
   1381.66086546        2.44140625
   1382.86966038        2.44628906
   1384.08141530        2.47070313
   1385.28435214        2.44140625
   1386.52682572        2.35839844
   1387.78536448        2.47558594
   1389.05365522        2.40722656
   1390.33372734        2.45117188
   1391.58833866        2.33398438
   1392.85715258        2.44628906
   1394.03817797        2.50000000
   1395.20718330        2.45605469
   1396.43757680        2.51953125
   1397.62263077        2.42187500
   1398.86138581        2.49023438
   1400.00961680        2.45117188
   1401.24628382        2.38281250
   1402.51273607        2.31933594
   1403.74248681        2.52441406
   1404.96571970        2.43652344
   1406.19940498        2.42675781
   1407.40615725        2.63183594
   1408.63299620        2.53417969
   1409.82199227        2.50000000
   1411.00683451        2.45117188
   1412.20673668        2.51953125
   1413.45527440        2.57324219
   1414.71542857        2.34375000
   1415.91063246        2.45117188
   1417.16164764        2.36816406
   1418.38120546        2.38281250
   1419.58684850        2.43652344
   1420.82222338        2.55859375
   1422.07076157        2.54394531
   1423.29110252        2.38769531
   1424.58722754        2.44140625
   1425.76711156        2.41699219
   1426.98852251        2.34863281
   1428.18666040        2.50976563
   1429.38950791        2.45605469
   1430.60150245        2.42675781
   1431.79254069        2.41210938
   1433.02705399        2.41210938
   1434.26750477        2.53906250
   1435.50065174        2.56347656
   1436.70383292        2.54882813
   1437.90037148        2.37792969
   1439.13554597        2.48535156
   1440.30187156        2.46582031
   1441.50960924        2.50976563
   1442.75354651        2.40234375
   1444.05157712        2.63671875
   1445.20301718        2.42675781
   1446.37009188        2.39746094
   1447.55576970        2.50488281
   1448.72409069        2.43164063
   1449.87464081        2.55371094
   1451.05954969        2.49511719
   1452.29181523        2.36328125
   1453.47716033        2.38769531
   1454.62756205        2.51464844
   1455.83072575        2.54882813
   1457.03061610        2.53906250
   1458.23688725        2.47558594
   1459.43628136        2.66113281
   1460.63594769        2.40234375
   1461.84343772        2.33398438
   1463.07101348        2.47558594
   1464.32588001        2.43164063
   1465.57314498        2.42675781
   1466.81386988        2.51953125
   1468.03256187        2.49023438
   1469.26184188        2.46093750
   1470.45083700        2.39746094
   1471.66205267        2.50976563
   1472.93131085        2.45605469
   1474.18581583        2.39257813
   1475.42059332        2.42187500
   1476.61132578        2.36328125
   1477.81438834        2.36328125
   1479.01399560        2.47070313
   1480.24391034        2.42675781
   1481.47665605        2.46093750
   1482.76360994        2.44628906
   1483.97869066        2.40722656
   1485.17888774        2.35839844
   1486.35546108        2.44628906
   1487.57137503        2.40234375
   1488.83149753        2.47070313
   1490.06070571        2.47558594
   1491.22559550        2.51464844
   1492.40925052        2.44628906
   1493.61275923        2.51953125
   1494.83311814        2.38769531
   1496.01631614        2.36816406
   1497.23433465        2.44628906
   1498.46635442        2.30957031
   1499.74023621        2.54882813
   1500.98965442        2.49511719
   1502.17220400        2.47070313
   1503.39072348        2.46093750
   1504.54459752        2.52441406
   1505.75204265        2.44140625
   1507.00199491        2.60742188
   1508.18046581        2.38281250
   1509.38666087        2.36328125
   1510.65261735        2.43652344
   1511.85290990        2.51464844
   1513.03993941        2.43652344
   1514.18947483        2.43652344
   1515.35775658        2.43652344
   1516.51394928        2.41210938
   1517.74484186        2.26562500
   1518.91101622        2.49511719
   1520.09693933        2.39746094
   1521.30273645        2.48046875
   1522.48270743        2.36328125
   1523.73087368        2.41210938
   1524.98074465        2.42187500
   1526.13442539        2.42675781
   1527.31465679        2.59277344
   1528.56996569        2.51464844
   1529.81764183        2.49511719
   1530.98714955        2.52441406
   1532.17054086        2.50488281
   1533.40503809        2.47070313
   1534.59940687        2.46093750
   1535.81321672        2.44140625
   1537.01262595        2.48046875
   1538.24907603        2.49511719
   1539.42119402        2.48535156
   1540.67138496        2.48535156
   1541.92272624        2.35839844
   1543.15739834        2.38281250
   1544.40976993        2.62207031
   1545.65807135        2.38769531
   1546.82537006        2.46582031
   1548.03009764        2.50976563
   1549.32824782        2.47558594
   1550.51234616        2.47558594
   1551.68218472        2.72460938
   1552.88338044        2.57812500
   1554.06919249        2.45117188
   1555.27191098        2.52441406
   1556.48564711        2.47070313
   1557.69080194        2.51464844
   1558.87606811        2.50000000
   1560.12279902        2.41210938
   1561.32744721        2.48535156
   1562.49913275        2.40722656
   1563.68915156        2.30468750
   1564.88425383        2.44140625
   1566.08774316        2.44628906
   1567.25757037        2.44140625
   1568.50174396        2.54394531
   1569.68873613        2.48535156
   1570.89084731        2.57812500
   1572.17333072        2.45117188
   1573.40639356        2.47558594
   1574.63589618        2.43164063
   1575.84190550        2.49511719
   1577.09807598        2.56835938
   1578.34500822        2.52441406
   1579.56617625        2.45605469
   1580.81408350        2.51953125
   1582.06780961        2.40722656
   1583.30475405        2.52929688
   1584.55195380        2.50000000
   1585.72559786        2.33886719
   1586.97553642        2.37792969
   1588.21216893        2.43164063
   1589.42432558        2.55371094
   1590.67762728        2.59765625
   1591.89829669        2.41699219
   1593.08412670        2.44628906
   1594.33115630        2.53417969
   1595.53474914        2.52929688
   1596.81478345        2.39257813
   1598.03480443        2.51953125
   1599.31491956        2.43164063
   1600.59172779        2.52929688
   1601.77947237        2.51464844
   1603.02925780        2.56835938
   1604.27425657        2.47070313
   1605.49437634        2.41210938
   1606.69848526        2.58300781
   1607.91762245        2.42675781
   1609.13661124        2.50488281
   1610.40502108        2.62695313
   1611.63581583        2.50976563
   1612.80883793        2.43164063
   1614.04121217        2.50488281
   1615.24440186        2.42675781
   1616.46219682        2.58300781
   1617.71396724        2.55371094
   1618.91511286        2.51953125
   1620.11813950        2.45117188
   1621.30387357        2.55371094
   1622.51989905        2.46582031
   1623.77267662        2.65625000
   1625.07098323        2.46093750
   1626.30453617        2.47558594
   1627.58953769        2.48046875
   1628.87500898        2.57324219
   1630.16077613        2.31933594
   1631.39357572        2.50976563
   1632.66668100        2.61230469
   1633.89807031        2.46093750
   1635.11541628        2.62207031
   1636.37176825        2.52441406
   1637.58629459        2.71484375
   1638.77350039        2.56835938
   1639.97245023        2.66113281
   1641.17731393        2.50000000
   1642.37794535        2.44140625
   1643.59529936        2.49023438
   1644.84367166        2.49511719
   1646.04465612        2.45605469
   1647.22920109        2.38281250
   1648.44674320        2.54394531
   1649.64948485        2.58789063
   1650.90220665        2.41699219
   1652.08598928        2.34375000
   1653.28559087        2.43652344
   1654.50444732        2.51953125
   1655.70591432        2.46093750
   1656.89643269        2.65625000
   1658.16146662        2.66113281
   1659.35282861        2.44628906
   1660.51477872        2.63183594
   1661.72056166        2.63183594
   1662.96600516        2.57812500
   1664.17052716        2.57812500
   1665.37280517        2.40722656
   1666.62111698        2.41699219
   1667.83664149        2.42675781
   1669.00869473        2.45605469
   1670.26038528        2.55859375
   1671.46266991        2.43652344
   1672.68061279        2.39746094
   1673.88380768        2.49511719
   1675.04976322        2.60742188
   1676.25092207        2.49511719
   1677.45124156        2.52441406
   1678.67379341        2.59765625
   1679.90731185        2.49511719
   1681.10863943        2.52441406
   1682.30830246        2.62695313
   1683.56443985        2.51953125
   1684.79883831        2.58300781
   1686.06939429        2.36816406
   1687.31820047        2.49023438
   1688.50598191        2.36816406
   1689.73702431        2.58789063
   1690.97392291        2.45605469
   1692.30048916        2.55859375
   1693.57022610        2.54394531
   1694.73662306        2.55371094
   1695.99082273        2.41210938
   1697.25876893        2.73925781
   1698.49551818        2.50000000
   1699.74615668        2.49511719
   1701.00830340        2.50976563
   1702.19200144        2.53417969
   1703.34773050        2.63183594
   1704.49823525        2.47070313
   1705.66693952        2.60253906
   1706.85021173        2.55371094
   1708.03333790        2.39257813
   1709.25101707        2.43164063
   1710.43970688        2.49511719
   1711.65710295        2.41699219
   1712.80977277        2.55859375
   1713.99182515        2.50976563
   1715.16012912        2.60253906
   1716.34333374        2.42675781
   1717.51248464        2.54394531
   1718.66524189        2.72460938
   1719.84477664        2.51953125
   1721.06787105        2.47070313
   1722.27281131        2.65136719
   1723.45594693        2.52441406
   1724.65308382        2.50000000
   1725.82065996        2.61230469
   1726.97466161        2.49511719
   1728.21014897        2.49511719
   1729.38547413        2.44628906
   1730.56245534        2.57324219
   1731.71875484        2.61230469
   1732.86693574        2.58300781
   1734.06264438        2.56347656
   1735.22074456        2.66113281
   1736.41895854        2.60742188
   1737.62390400        2.47558594
   1738.79040777        2.52929688
   1739.99308373        2.50000000
   1741.22547214        2.44628906
   1742.47401223        2.79785156
   1743.69177364        2.67089844
   1744.87940620        2.44140625
   1746.08165019        2.56347656
   1747.31645415        2.51464844
   1748.51702081        2.46093750
   1749.71808798        2.69042969
   1750.93450337        2.48046875
   1752.15363962        2.50976563
   1753.32225032        2.49023438
   1754.48832826        2.50000000
   1755.62503450        2.55371094
   1756.79216307        2.63183594
   1757.93944222        2.48535156
   1759.09219332        2.75390625
   1760.22872705        2.49023438
   1761.37514178        2.63183594
   1762.52536344        2.69042969
   1763.69371987        2.60742188
   1764.84282143        2.66113281
   1765.99482343        2.62207031
   1767.13016003        2.55859375
   1768.35060070        2.51464844
   1769.53423020        2.66113281
   1770.69969233        2.51953125
   1771.93404210        2.54882813
   1773.09140405        2.64648438
   1774.28667599        2.56347656
   1775.49020549        2.54394531
   1776.65828308        2.54882813
   1777.85966974        2.69531250
   1779.01016362        2.46093750
   1780.15876373        2.58789063
   1781.29444865        2.69531250
   1782.44649129        2.45117188
   1783.64588020        2.73925781
   1784.86132578        2.54394531
   1785.99906847        2.73925781
   1787.20226998        2.65136719
   1788.36772454        2.56835938
   1789.53133259        2.63671875
   1790.70162864        2.58789063
   1791.87271821        2.73925781
   1793.00585525        2.60742188
   1794.15650179        2.60253906
   1795.35942870        2.53906250
   1796.57884332        2.58300781
   1797.72724682        2.55859375
   1798.86566015        2.54882813
   1800.02792219        2.55371094
   1801.18264552        2.61230469
   1802.32975878        2.52929688
   1803.55019897        2.44140625
   1804.72009897        2.60742188
   1805.91992221        2.73925781
   1807.09017572        2.70019531
   1808.22344509        2.58789063
   1809.39029624        2.65136719
   1810.53980661        2.79296875
   1811.67633703        2.52929688
   1812.84454411        2.42675781
   1814.03137560        2.63183594
   1815.18483846        2.64648438
   1816.33236006        2.59765625
   1817.48740855        2.42675781
   1818.65087859        2.57324219
   1819.80542517        2.74414063
   1821.10383576        2.59765625
   1822.30806709        2.48535156
   1823.52793589        2.53417969
   1824.79867384        2.59765625
   1826.11090232        2.64648438
   1827.36110271        2.49511719
   1828.56465820        2.53906250
   1829.80725892        2.66113281
   1831.00187960        2.78808594
   1832.22313789        2.54882813
   1833.45467040        2.51953125
   1834.65980679        2.65136719
   1835.89021353        2.49511719
   1837.16616254        2.35351563
   1838.33639431        2.61718750
   1839.54832836        2.76855469
   1840.73303212        2.58300781
   1841.93362998        2.55859375
   1843.11619515        2.72949219
   1844.30413209        2.47070313
   1845.49206429        2.58789063
   1846.68768408        2.73925781
   1847.89328128        2.61230469
   1849.19320944        2.66601563
   1850.37960234        2.47070313
   1851.62615744        2.43164063
   1852.88379539        2.56347656
   1854.11374369        2.44140625
   1855.28648931        2.67578125
   1856.50262302        2.38769531
   1857.73305575        2.69531250
   1858.92227584        2.56835938
   1860.09252557        2.46582031
   1861.33868981        2.50976563
   1862.57005501        2.58300781
   1863.77929608        2.60253906
   1864.99621198        2.63671875
   1866.21987589        2.53906250
   1867.43822618        2.48535156
   1868.58875173        2.59765625
   1869.76378197        2.69042969
   1870.96332542        2.56835938
   1872.15771877        2.60742188
   1873.35561516        2.53906250
   1874.56335095        2.63671875
   1875.78008819        2.59765625
   1876.96498573        2.52929688
   1878.16541155        2.67578125
   1879.38228066        2.59277344
   1880.55215041        2.65136719
   1881.75843857        2.65136719
   1882.95879209        2.58300781
   1884.17878377        2.53417969
   1885.36722971        2.59277344
   1886.70997741        2.64648438
   1888.32458693        2.62695313
   1889.61777180        2.51464844
   1890.96661436        2.55371094
   1892.22124175        2.51953125
   1893.48664480        2.47070313
   1894.70882328        2.66601563
   1895.98485028        2.66113281
   1897.19088795        2.48046875
   1898.46142125        2.68066406
   1899.64155812        2.50976563
   1900.84355587        2.70019531
   1902.09183035        2.60253906
   1903.27983440        2.62207031
   1904.52839528        2.74902344
   1905.69653288        2.67089844
   1906.88299336        2.41210938
   1908.13152116        2.76855469
   1909.38739957        2.77343750
   1910.61801993        2.62695313
   1911.85415808        2.65625000
   1913.05707602        2.50488281
   1914.24102028        2.53906250
   1915.45773153        2.70996094
   1916.70097548        2.60253906
   1917.93152116        2.60253906
   1919.13354302        2.58789063
   1920.30406308        2.57812500
   1921.50542233        2.60253906
   1922.75989234        2.72949219
   1923.99191211        2.57324219
   1925.15894474        2.58300781
   1926.35928455        2.67578125
   1927.59164319        2.72949219
   1928.81351731        2.46582031
   1930.04844415        2.70019531
   1931.31618759        2.46093750
   1932.58100129        2.63671875
   1933.84043755        2.53906250
   1935.04068378        2.53417969
   1936.21719899        2.60253906
   1937.43156512        2.67089844
   1938.62045910        2.58789063
   1939.86433541        2.54394531
   1941.10453192        2.45605469
   1942.29176749        2.75390625
   1943.50771452        2.61230469
   1944.69547375        2.76367188
   1945.94398501        2.72460938
   1947.17669244        2.41210938
   1948.34731743        2.62207031
   1949.54960395        2.73925781
   1950.75191741        2.67089844
   1952.00010256        2.41699219
   1953.20729862        2.50488281
   1954.42250884        2.64648438
   1955.58958873        2.53417969
   1956.78719067        2.68066406
   1957.94833781        2.73437500
   1959.11253852        2.65136719
   1960.29347127        2.70019531
   1961.45416612        2.73925781
   1962.64985680        2.38769531
   1963.83503223        2.69531250
   1965.02101395        2.47558594
   1966.23787502        2.67089844
   1967.45250345        2.54394531
   1968.65318402        2.69531250
   1969.87027714        2.68066406
   1971.07425752        2.56835938
   1972.37286755        2.58300781
   1973.60850993        2.63671875
   1974.83541931        2.54394531
   1976.11225637        2.65136719
   1977.33163034        2.57324219
   1978.56859274        2.74902344
   1979.76794856        2.57324219
   1981.01669660        2.50976563
   1982.23769165        2.73437500
   1983.42732007        2.66601563
   1984.67499291        2.68066406
   1985.89033877        2.66113281
   1987.04056705        2.68554688
   1988.24305254        2.57324219
   1989.42935611        2.74414063
   1990.63171872        2.69531250
   1991.88147248        2.58789063
   1993.19238000        2.48046875
   1994.43666560        2.47558594
   1995.64131803        2.48046875
   1996.87419277        2.70996094
   1998.07552271        2.58300781
   1999.31120574        2.69531250
   2000.59548604        2.77343750
   2001.79748095        2.68066406
   2002.98016901        2.62207031
   2004.20650179        2.44628906
   2005.40098399        2.74414063
   2006.58461302        2.58789063
   2007.78582103        2.69531250
   2009.04008687        2.67089844
   2010.26139384        2.74414063
   2011.44404503        2.63671875
   2012.64343819        2.69042969
   2013.86202904        2.67089844
   2015.11357213        2.82714844
   2016.33244560        2.86132813
   2017.56878556        2.70019531
   2018.75353281        2.75878906
   2019.97148042        2.81250000
   2021.22106972        2.77832031
   2022.42518527        2.66601563
   2023.68948334        2.60253906
   2024.95959695        2.56835938
   2026.17968883        2.52929688
   2027.38109486        2.66601563
   2028.58414040        2.81738281
   2029.73260440        2.74414063
   2030.93550532        2.60253906
   2032.09654470        2.60253906
   2033.34993383        2.76855469
   2034.57364832        2.71484375
   2035.80359661        2.81250000
   2036.97644999        2.72460938
   2038.25942681        2.77343750
   2039.45748199        2.60253906
   2040.71724011        2.63671875
   2041.91489073        2.48046875
   2043.13732490        2.55859375
   2044.42165482        2.67578125
   2045.70762236        2.60253906
   2046.89272832        2.53906250
   2048.08295556        2.64648438
   2049.30084551        2.60253906
   2050.50613409        2.52441406
   2051.70431924        2.73437500
   2052.91180407        2.75390625
   2054.11278475        2.78320313
   2055.38182128        2.74414063
   2056.58129951        2.52929688
   2057.78616604        2.52929688
   2059.01687903        2.57324219
   2060.19091773        2.64648438
   2061.42151398        2.70996094
   2062.62429675        2.59277344
   2063.84388859        2.81250000
   2065.04562830        2.79785156
   2066.24655935        2.69531250
   2067.47979564        2.75390625
   2068.64909210        2.76855469
   2069.80115838        2.57324219
   2071.05794752        2.67578125
   2072.32786311        2.61230469
   2073.61458495        2.61718750
   2074.81894153        2.71484375
   2076.06969015        2.65625000
   2077.33109014        2.55371094
   2078.57992419        2.46093750
   2079.79626869        2.62207031
   2080.94903019        2.53417969
   2082.13040862        2.55371094
   2083.38367960        2.73437500
   2084.64981473        2.76367188
   2085.89030522        2.70507813
   2087.07458552        2.50000000
   2088.30688555        2.74902344
   2089.50712611        2.77343750
   2090.67880315        2.65625000
   2091.87647456        2.65136719
   2093.06009887        2.77343750
   2094.28155236        2.56835938
   2095.53427416        2.72460938
   2096.73507713        2.75390625
   2097.96486710        2.66113281
   2099.22134147        2.54394531
   2100.43646757        2.57324219
   2101.64091442        2.55371094
   2102.87238832        2.84667969
   2104.09335170        2.72460938
   2105.34533244        2.72949219
   2106.57880740        2.58789063
   2107.78439467        2.62695313
   2109.00470821        2.62207031
   2110.25272038        2.76855469
   2111.45959790        2.52929688
   2112.66126907        2.61718750
   2113.90842723        2.62695313
   2115.08208500        2.75390625
   2116.28464610        2.83691406
   2117.48295272        2.80273438
   2118.71401261        2.76367188
   2120.10340331        2.81250000
   2121.33728661        2.64160156
   2122.52576422        2.47070313
   2124.24282804        2.68066406
   2125.75188999        2.66113281
   2127.14218859        2.78320313
   2128.52681012        2.79296875
   2129.78182269        2.50488281
   2131.25935875        2.59765625
   2132.44320141        2.53417969
   2133.64401904        2.72949219
   2134.83923616        2.66113281
   2136.04683583        2.52441406
   2137.24709057        2.75390625
   2138.52897471        2.63183594
   2139.70279080        2.80273438
   2140.95425686        2.67089844
   2142.15176050        2.53417969
   2143.43549587        2.64648438
   2144.66275876        2.66113281
   2146.57610167        2.61718750
   2148.13804327        2.59765625
   2149.81452398        2.65625000
   2151.43899985        2.58789063
   2152.68028858        2.51464844
   2153.96260138        2.72949219
   2155.31951339        2.63671875
   2156.64813364        2.75390625
   2157.78081460        2.62207031
   2159.13254343        2.76367188
   2160.37942227        2.79296875
   2161.72675152        2.67578125
   2163.04236961        2.54882813
   2164.25323412        2.86132813
   2165.43542450        2.87109375
   2166.58357516        2.84667969
   2167.72679453        2.68554688
   2168.98511730        2.74414063
   2170.13797994        2.58300781
   2171.30267974        2.80761719
   2172.47228104        2.57812500
   2173.69682685        2.76855469
   2174.87624298        2.60742188
   2176.06146284        2.72460938
   2177.26184046        2.66601563
   2178.46617814        2.75390625
   2179.66909607        2.66601563
   2180.86744617        2.49023438
   2182.10126141        2.57812500
   2183.28687827        2.65136719
   2184.45121841        2.67089844
   2185.67085326        2.79296875
   2186.85940176        2.80273438
   2188.07317712        2.60253906
   2189.41787814        2.72949219
   2190.59960442        2.78808594
   2191.80053358        2.64648438
   2193.19860673        2.68066406
   2194.41629062        2.64648438
   2195.72662202        2.70507813
   2196.95334991        2.70507813
   2198.15588644        2.88574219
   2199.63385636        2.69042969
   2200.96372195        2.63671875
   2202.15301907        2.79296875
   2203.71001191        2.82226563
   2205.01740316        2.39257813
   2206.27730826        2.87109375
   2207.55667760        2.75390625
   2208.73152116        2.60253906
   2209.86459346        2.61230469
   2211.01519510        2.77832031
   2212.15569172        2.78320313
   2213.31211127        2.70507813
   2214.46037346        2.64160156
   2215.58135528        2.63183594
   2216.77878093        2.59277344
   2217.96308581        2.61230469
   2219.13084958        2.60742188
   2220.26542857        2.61230469
   2221.46773068        2.68554688
   2222.71427444        2.77832031
   2223.88896109        2.61230469
   2225.08538244        2.76855469
   2226.29243908        2.61718750
   2227.55566006        2.72460938
   2228.73661786        2.81250000
   2229.92418899        2.72460938
   2231.14748332        2.64648438
   2232.34705465        2.76855469
   2233.54632966        2.63671875
   2234.74401242        2.67089844
   2235.94762321        2.68554688
   2237.23143467        2.77832031
   2238.43262614        2.70019531
   2239.58577377        2.58789063
   2240.80739787        2.76367188
   2242.00388774        2.80273438
   2243.16265006        2.66113281
   2244.39101272        2.81738281
   2245.60875900        2.58300781
   2246.84145178        2.67089844
   2248.00994102        2.72460938
   2249.16617294        2.69042969
   2250.39410883        2.80273438
   2251.61424372        2.72460938
   2252.81511050        2.67089844
   2254.01460480        2.82714844
   2255.20890032        2.76855469
   2256.40976520        2.56347656
   2257.64480264        2.80273438
   2258.84250147        2.59765625
   2260.06453391        2.83691406
   2261.26532507        2.72949219
   2262.67907963        2.67089844
   2263.88165161        2.69531250
   2265.29294572        2.85644531
   2266.73149328        2.65625000
   2268.12386808        2.62695313
   2269.41167458        2.60742188
   2270.99092387        2.52441406
   2272.18227735        2.77343750
   2273.50180445        2.79296875
   2275.30675558        2.78808594
   2276.68526996        2.72949219
   2278.02670993        2.67089844
   2279.71834414        2.73925781
   2280.87676333        2.73437500
   2282.03997060        2.66113281
   2283.17749163        2.67578125
   2284.73433229        2.76367188
   2286.05333100        2.79296875
   2287.45842675        2.81738281
   2288.94580411        2.75878906
   2290.27063869        2.87597656
   2291.45320387        2.74902344
   2292.87319555        2.63183594
   2294.20588313        2.88574219
   2295.64128070        2.57324219
   2296.85776934        2.72460938
   2298.01345823        2.84667969
   2299.16052848        2.70996094
   2300.31556610        2.62695313
   2301.51498998        2.61230469
   2302.66039284        2.71972656
   2303.78583804        2.83691406
   2305.01954553        2.73437500
   2306.18298108        2.70019531
   2307.43312192        2.63183594
   2308.61955546        2.70996094
   2309.79066629        2.62695313
   2310.98926026        2.67089844
   2312.14666522        2.72949219
   2313.34331720        2.68066406
   2314.52841844        2.86132813
   2315.70217687        2.67089844
   2316.92758852        2.73437500
   2318.09862469        2.68554688
   2319.33573123        2.66113281
   2320.53340738        2.68066406
   2321.78051449        2.65625000
   2323.00170945        2.76855469
   2324.15147882        2.69042969
   2325.30092680        2.84179688
   2326.50238860        2.67578125
   2327.74114269        2.72949219
   2328.94186485        2.77832031
   2330.19277889        2.70996094
   2331.44616283        2.62207031
   2332.71314252        2.82226563
   2333.90461510        2.77343750
   2335.11651795        2.85644531
   2336.31551789        2.82714844
   2337.62136700        2.71484375
   2338.88687544        2.83691406
   2340.16293788        2.66601563
   2341.44047489        2.66113281
   2342.71329092        2.69531250
   2343.98733198        2.82714844
   2345.24741621        2.68554688
   2346.50373934        2.90039063
   2347.78890013        2.96386719
   2349.06744806        2.84179688
   2350.34470244        2.69531250
   2351.60304979        2.65625000
   2352.88377649        2.76855469
   2354.16453438        2.68554688
   2355.43611216        2.73925781
   2356.72018215        2.57812500
   2358.02250695        2.75390625
   2359.34702913        2.57324219
   2360.64381203        2.70996094
   2361.88824744        2.87109375
   2363.12702233        2.66601563
   2364.37082018        2.83691406
   2365.57033716        2.71972656
   2366.79294005        2.60742188
   2367.99436310        2.75390625
   2369.20028073        2.65625000
   2370.38174424        2.92968750
   2371.63275706        2.66601563
   2372.80260743        2.80761719
   2374.00818052        2.73437500
   2375.20535569        2.82226563
   2376.45802598        2.79296875
   2377.67998658        2.68554688
   2378.88173337        2.80761719
   2380.08084201        2.90527344
   2381.30138146        2.72949219
   2382.52303533        2.83691406
   2383.75119383        2.68066406
   2384.92218415        2.58789063
   2386.12396970        2.82714844
   2387.32188498        2.87597656
   2388.50870985        2.70507813
   2389.72150973        2.87597656
   2390.97282738        2.93945313
   2392.17222669        2.74902344
   2393.39466038        2.63183594
   2394.66670511        2.91015625
   2395.93267199        2.77832031
   2397.15339150        2.77832031
   2398.41935838        2.82714844
   2399.60474129        2.69531250
   2400.84728576        2.74902344
   2402.01915468        2.91015625
   2403.20374785        2.72949219
   2404.42459591        2.72949219
   2405.66377536        2.74902344
   2406.89533386        2.73437500
   2408.09793278        2.92480469
   2409.37766839        2.62695313
   2410.64617181        2.74902344
   2411.82392574        2.83691406
   2413.01772927        2.75390625
   2414.20266887        2.75878906
   2415.38538717        2.79296875
   2416.55985358        2.67578125
   2417.78690379        2.67089844
   2418.99056421        2.75390625
   2420.16482220        2.67089844
   2421.36060552        2.81250000
   2422.59948768        2.60742188
   2423.81831295        2.84667969
   2425.06711723        2.79296875
   2426.25145897        2.72949219
   2427.46706808        2.87109375
   2428.65269202        2.72460938
   2429.85515247        2.90527344
   2431.09513441        2.73925781
   2432.27290631        2.65625000
   2433.55700890        2.66113281
   2434.76023971        2.78808594
   2435.99392168        2.76855469
   2437.21205031        2.63671875
   2438.36560438        2.56835938
   2439.56457408        2.84667969
   2440.74637267        2.74902344
   2441.94608248        2.79785156
   2443.18470944        2.72460938
   2444.35172978        2.82714844
   2445.55195191        2.91015625
   2446.77070061        2.89062500
   2448.02127106        2.73437500
   2449.22413180        2.65625000
   2450.37657240        2.81738281
   2451.56075959        2.76855469
   2452.78091810        2.94921875
   2453.93368433        2.77343750
   2455.17589844        2.55859375
   2456.40857563        2.61230469
   2457.60836295        2.81250000
   2458.80890599        2.76855469
   2460.01033282        2.40722656
   2461.24258654        2.75390625
   2462.44681976        2.98339844
   2463.66579485        2.60253906
   2464.91869435        2.75390625
   2466.11978231        2.97851563
   2467.28714199        2.88085938
   2468.47603409        2.66113281
   2469.68994697        2.56347656
   2470.87456330        2.68554688
   2472.06012817        2.84179688
   2473.23313231        2.64160156
   2474.44581545        2.66601563
   2475.58264646        2.73925781
   2476.80359898        2.95898438
   2478.04979347        2.85156250
   2479.25155774        2.80761719
   2480.45765355        2.67089844
   2481.69011664        2.76367188
   2482.90851513        2.82714844
   2484.05550031        2.73925781
   2485.24366647        2.76367188
   2486.46212214        2.90039063
   2487.66078795        2.64160156
   2488.84512780        2.83203125
   2490.04586933        2.66113281
   2491.24825179        2.70507813
   2492.41546165        2.84179688
   2493.63502089        2.84667969
   2494.85173498        2.73925781
   2496.07078284        2.70996094
   2497.27259155        2.70019531
   2498.50347373        2.76367188
   2499.70575505        2.70507813
   2500.88155756        2.81250000
   2502.06173460        2.81250000
   2503.23325945        2.77343750
   2504.43600771        2.85156250
   2505.63812031        2.76855469
   2506.86968495        2.75390625
   2508.04205248        2.80273438
   2509.23708055        2.82714844
   2510.44160349        2.62695313
   2511.64060627        2.87597656
   2512.87676239        2.91992188
   2514.09239229        2.86132813
   2515.29775460        2.85644531
   2516.49994754        2.71972656
   2517.68245222        2.72460938
   2518.85348177        2.65625000
   2520.10281727        2.88085938
   2521.26127616        2.75878906
   2522.45710201        2.88085938
   2523.69296463        2.83691406
   2524.95382772        2.76367188
   2526.20227234        2.86621094
   2527.50314243        2.77343750
   2528.73782540        2.85644531
   2530.12241337        2.75878906
   2531.86376732        2.86132813
   2533.25243728        2.81738281
   2534.69781368        2.76855469
   2536.00607643        2.85156250
   2537.41791737        2.78808594
   2538.62821048        2.83691406
   2540.04255345        2.78808594
   2541.43624733        2.81738281
   2542.69428465        2.92968750
   2543.91649952        2.63183594
   2545.15635291        2.86132813
   2546.35816067        2.96386719
   2547.56766310        2.74902344
   2548.92012212        2.83691406
   2550.20909787        2.71484375
   2551.47817835        2.90039063
   2552.69665340        2.87597656
   2554.00010776        2.89550781
   2555.25030200        2.82226563
   2556.44872535        2.81738281
   2557.66629677        2.78320313
   2558.88659329        2.78808594
   2560.08538433        2.82714844
   2561.30885920        2.88085938
   2562.46917925        2.91503906
   2563.70934505        2.76855469
   2564.89261726        2.91503906
   2566.09348923        2.83203125
   2567.26966652        2.77343750
   2568.46356599        2.75390625
   2569.68006550        3.00292969
   2570.86706997        2.71484375
   2572.06679632        2.91015625
   2573.31957909        2.65625000
   2574.55357534        2.88085938
   2575.75373036        2.95898438
   2576.97310575        2.91992188
   2578.17154186        2.74414063
   2579.40820651        2.83691406
   2580.63027157        2.87597656
   2581.93106745        2.67089844
   2583.13623740        2.90039063
   2584.38536590        2.87597656
   2585.58301085        2.86132813
   2586.78755742        2.68554688
   2587.98622701        2.84667969
   2589.19014642        2.79296875
   2590.39232518        2.89550781
   2591.59128826        2.91015625
   2592.77895816        2.80761719
   2593.94830992        2.79785156
   2595.13054521        2.75390625
   2596.38329064        2.70507813
   2597.59950328        2.95410156
   2598.79942010        2.68066406
   2599.98460310        2.77343750
   2601.17389030        2.82714844
   2602.38882829        2.64648438
   2603.61983525        2.88574219
   2604.84510653        2.73437500
   2606.06558926        2.88085938
   2607.32786217        2.90039063
   2608.53237755        2.90527344
   2609.73710229        2.87597656
   2610.93881978        2.91015625
   2612.14345851        2.89062500
   2613.32700909        2.74902344
   2614.54853914        2.75878906
   2615.77331607        2.83691406
   2616.99417689        2.82226563
   2618.14423077        2.76367188
   2619.33542403        2.74414063
   2620.55256300        2.77343750
   2621.79942861        2.81250000
   2622.98383793        2.76367188
   2624.16622162        2.72949219
   2625.45400495        2.88085938
   2626.66041222        2.86132813
   2627.84671295        2.85156250
   2629.04292304        2.74414063
   2630.24734295        2.84667969
   2631.44440138        2.70996094
   2632.69807834        2.97363281
   2633.89931376        2.77832031
   2635.11853933        2.86132813
   2636.30140840        2.82226563
   2637.46999310        2.61718750
   2638.70145282        2.98828125
   2639.89409466        2.70507813
   2641.08531344        2.90527344
   2642.29937662        2.78320313
   2643.51977286        2.87109375
   2644.73309970        2.97363281
   2645.99042432        2.78808594
   2647.17421073        2.79785156
   2648.44562452        2.80273438
   2649.64596716        2.84667969
   2650.84797862        2.71484375
   2652.04740723        2.87597656
   2653.25443834        2.78320313
   2654.45122077        2.70996094
   2655.67224843        2.72949219
   2656.90191032        2.84179688
   2658.15559247        2.86132813
   2659.34033546        2.95410156
   2660.56018111        2.84667969
   2661.75937482        2.92480469
   2662.96148458        2.93945313
   2664.16481086        2.66601563
   2665.34703906        2.75878906
   2666.57190436        2.92968750
   2667.84808921        2.97363281
   2669.05064607        2.66601563
   2670.25360843        2.79296875
   2671.47295073        2.67578125
   2672.66622587        2.74414063
   2673.90652873        2.75878906
   2675.15525786        2.72460938
   2676.37248332        2.77832031
   2677.58019642        2.99316406
   2678.76214625        2.88574219
   2679.91581375        2.75878906
   2681.13331285        2.68554688
   2682.38396365        2.85156250
   2683.53827675        2.88574219
   2684.74011003        2.85156250
   2685.92129752        2.80273438
   2687.15930582        2.90527344
   2688.36514264        2.76855469
   2689.58281282        2.84179688
   2690.78571564        2.88574219
   2691.98876070        2.80273438
   2693.24161578        2.82714844
   2694.42627748        2.68554688
   2695.62741082        2.83203125
   2696.81409484        2.82226563
   2698.04626680        2.83691406
   2699.26619988        2.69531250
   2700.46605762        2.93945313
