      0.00121888       3.21804041
      1.39551392       3.20994657
      2.61252339       3.20244372
      3.82828090       3.19550589
      5.01427491       3.18910709
      6.23114732       3.18322136
      7.46438598       3.17782271
      8.63651719       3.17288518
      9.83770393       3.16838278
     11.03893841       3.16428954
     12.24096924       3.16057949
     13.44433616       3.15722664
     14.66014944       3.15420503
     15.87661162       3.15148867
     17.03142002       3.14905160
     18.24830283       3.14686783
     19.43439562       3.14491139
     20.68296217       3.14315630
     21.91593427       3.14157659
     23.11696599       3.14014629
     24.37132635       3.13881990
     25.57442057       3.13758244
     26.77557423       3.13640589
     27.97811076       3.13526178
     29.18012789       3.13412186
     30.39710239       3.13295894
     31.62905316       3.13174708
     32.81607794       3.13046099
     34.03173715       3.12907641
     35.24904673       3.12757008
     36.46626935       3.12592019
     37.65260175       3.12410647
     38.85385324       3.12211082
     40.08653752       3.11991717
     41.32471454       3.11751214
     42.52707148       3.11488510
     43.72925213       3.11202856
     44.96220107       3.10893742
     46.19531968       3.10560981
     47.39803202       3.10204609
     48.59939883       3.09824854
     49.83823610       3.09422250
     51.03892423       3.08997597
     52.28725117       3.08552003
     53.52024595       3.08086817
     54.70617568       3.07603626
     55.90783835       3.07104272
     57.12432274       3.06590740
     58.34798240       3.06065127
     59.52754220       3.05529682
     60.75120517       3.04986783
     61.93026873       3.04438872
     63.15294865       3.03888499
     64.35505652       3.03338186
     65.55706845       3.02790491
     66.77443381       3.02248052
     67.93899701       3.01713406
     69.13937463       3.01188909
     70.32492533       3.00676666
     71.52801246       3.00178500
     72.91420496       2.99696029
     74.11597633       2.99230688
     75.34893378       2.98783782
     76.54871590       2.98356420
     77.76620035       2.97949387
     79.02144214       2.97563056
     80.25634251       2.97197568
     81.42944165       2.96852698
     82.65327098       2.96528004
     83.85430176       2.96222844
     85.07126727       2.95936421
     86.27406091       2.95667725
     87.52229096       2.95415613
     88.72439174       2.95178713
     89.96645698       2.94955461
     91.14639772       2.94744083
     92.33180332       2.94542725
     93.51773399       2.94349290
     94.71882385       2.94161686
     95.92195446       2.93977795
     97.12189774       2.93795526
     98.32537195       2.93612815
     99.52702753       2.93427650
    100.71118967       2.93238107
    101.95081715       2.93042365
    103.15290801       2.92838649
    104.35355266       2.92625435
    105.57062877       2.92401448
    106.80381780       2.92165628
    107.99519822       2.91917071
    109.22292474       2.91655110
    110.46262501       2.91379261
    111.66306123       2.91089308
    112.88009339       2.90785170
    114.06608881       2.90466796
    115.22883434       2.90134209
    116.44906800       2.89787478
    117.61733416       2.89426842
    118.83505492       2.89052808
    120.03123901       2.88665916
    121.37300272       2.88266812
    122.58323676       2.87856167
    123.75297938       2.87434667
    124.95545258       2.87003021
    126.14130669       2.86562088
    127.37379672       2.86112701
    128.54477381       2.85655954
    129.74497798       2.85193042
    130.96072225       2.84725169
    132.19424069       2.84253521
    133.39470858       2.83779282
    134.59625593       2.83303552
    135.85186305       2.82827445
    137.06801898       2.82352037
    138.25231677       2.81878304
    139.45449506       2.81407084
    140.71818770       2.80939269
    141.90436320       2.80475660
    143.09124336       2.80017045
    144.34120035       2.79564074
    145.64102974       2.79117377
    146.84095081       2.78677540
    148.08289884       2.78245092
    149.33165728       2.77820496
    150.53309592       2.77404225
    151.75132144       2.76996541
    152.99085014       2.76597612
    154.24006276       2.76207479
    155.45640679       2.75826143
    156.64098909       2.75453480
    157.81242934       2.75089223
    159.12857818       2.74732863
    160.33045400       2.74383755
    161.54543641       2.74041114
    162.76278759       2.73704094
    163.93278872       2.73371878
    165.13526571       2.73043613
    166.36863905       2.72718288
    167.59011381       2.72394970
    168.79231147       2.72072682
    170.00895467       2.71750528
    171.24196221       2.71427678
    172.44196221       2.71103479
    173.65904352       2.70777371
    174.91284005       2.70449056
    176.13108636       2.70118232
    177.31755676       2.69784643
    178.56584258       2.69448142
    179.80577632       2.69108718
    181.02304573       2.68766466
    182.21028603       2.68421608
    183.42700389       2.68074416
    184.59219285       2.67725264
    185.77620612       2.67374671
    186.99605790       2.67023321
    188.21511617       2.66671992
    189.41614647       2.66321601
    190.63425761       2.65973056
    191.86759977       2.65627524
    193.08601764       2.65286246
    194.28877772       2.64950468
    195.52824451       2.64621404
    196.78345464       2.64300278
    197.98558567       2.63988280
    199.27237131       2.63686677
    200.47524009       2.63396602
    201.74604798       2.63119030
    202.93189359       2.62854712
    204.11037015       2.62604165
    205.29552149       2.62367676
    206.48158024       2.62145374
    207.68312806       2.61937195
    208.88503838       2.61742943
    210.13955801       2.61562270
    211.34146029       2.61394616
    212.52122663       2.61239224
    213.74429741       2.61095230
    214.96200493       2.60961618
    216.14815065       2.60837329
    217.36514075       2.60721166
    218.55166172       2.60611802
    219.78660888       2.60507712
    220.97303628       2.60407261
    222.20568274       2.60308638
    223.42301170       2.60209993
    224.62430573       2.60109503
    225.84122446       2.60005334
    227.04263143       2.59895598
    228.26578303       2.59778413
    229.51419551       2.59651937
    230.70017156       2.59514514
    231.90158799       2.59364592
    233.11858328       2.59200824
    234.35316653       2.59022102
    235.63668025       2.58827567
    236.91714984       2.58616617
    238.11938531       2.58389039
    239.36882715       2.58144732
    240.57034993       2.57883838
    241.77104940       2.57606724
    243.02423672       2.57314042
    244.27283920       2.57006616
    245.44475774       2.56685337
    246.64572424       2.56351078
    247.89485746       2.56004777
    249.09598607       2.55647454
    250.29667703       2.55280165
    251.59951699       2.54904062
    252.82190672       2.54520332
    254.12138401       2.54130235
    255.34226421       2.53735018
    256.69119326       2.53335911
    257.90950716       2.52934029
    259.11069390       2.52530451
    260.29260875       2.52126211
    261.45188574       2.51722233
    262.65314857       2.51319293
    263.85430743       2.50917952
    265.05573189       2.50518518
    266.25682553       2.50121133
    267.47479016       2.49725899
    268.67559172       2.49332796
    269.87692355       2.48941707
    271.09405543       2.48552379
    272.26397385       2.48164393
    273.48205995       2.47777254
    274.66792777       2.47390487
    275.88556723       2.47003671
    277.10332013       2.46616517
    278.32629970       2.46228737
    279.54243719       2.45840184
    280.74291264       2.45450863
    282.02887262       2.45060870
    283.20751271       2.44670433
    284.44581593       2.44279787
    285.67764996       2.43889222
    286.89598607       2.43499154
    288.08875692       2.43109996
    289.28245789       2.42722190
    290.55303042       2.42336140
    291.78729559       2.41952263
    292.98910146       2.41571038
    294.25851277       2.41193008
    295.44341220       2.40818769
    296.64480405       2.40448902
    297.89148581       2.40084043
    299.10859973       2.39724786
    300.32548396       2.39371764
    301.49436310       2.39025532
    302.71101575       2.38686581
    303.91208811       2.38355378
    305.15113806       2.38032404
    306.35320907       2.37718053
    307.53283551       2.37412562
    308.73389606       2.37116031
    309.90409948       2.36828473
    311.09031231       2.36549808
    312.29188423       2.36279944
    313.51085742       2.36018774
    314.72500473       2.35766043
    315.89425865       2.35521472
    317.09646955       2.35284737
    318.34539955       2.35055501
    319.53118939       2.34833517
    320.71728690       2.34618563
    321.90425449       2.34410444
    323.16796888       2.34208962
    324.33713538       2.34013863
    325.55427340       2.33824871
    326.77142135       2.33641711
    327.97174462       2.33464014
    329.22678224       2.33291415
    330.45932803       2.33123465
    331.66072036       2.32959788
    332.84655746       2.32799971
    334.06354236       2.32643609
    335.29642324       2.32490329
    336.49759296       2.32339849
    337.67335340       2.32191943
    338.85957427       2.32046390
    340.05795414       2.31903005
    341.24690389       2.31761549
    342.42707526       2.31621792
    343.59662552       2.31483541
    344.79778957       2.31346565
    346.01449751       2.31210609
    347.21639601       2.31075355
    348.41763852       2.30940419
    349.61827797       2.30805451
    350.85708689       2.30670001
    352.05792058       2.30533480
    353.27435110       2.30395197
    354.50633968       2.30254507
    355.70699047       2.30110847
    356.96048642       2.29963638
    358.20871600       2.29812237
    359.42540503       2.29656050
    360.62681296       2.29494474
    361.81190663       2.29326997
    362.96709974       2.29153073
    364.16734408       2.28972217
    365.36944061       2.28784021
    366.57283920       2.28587983
    367.78816757       2.28383647
    368.99031325       2.28170513
    370.19075987       2.27948107
    371.42403161       2.27716011
    372.64135537       2.27473947
    373.84389049       2.27221740
    375.04366552       2.26959407
    376.19850322       2.26687065
    377.46511522       2.26405039
    378.66667155       2.26113861
    379.88253067       2.25814306
    381.11464639       2.25507254
    382.33247727       2.25193745
    383.53524633       2.24874898
    384.77430478       2.24551913
    385.99167817       2.24226049
    387.19491323       2.23898516
    388.39490945       2.23570605
    389.59618504       2.23243580
    390.82926536       2.22918541
    392.04713783       2.22596480
    393.24788740       2.22278282
    394.49568737       2.21964697
    395.66470547       2.21656443
    396.83513290       2.21354134
    398.03597368       2.21058285
    399.23754703       2.20769384
    400.42329291       2.20487849
    401.62489224       2.20213927
    402.78872006       2.19947635
    404.03578653       2.19688828
    405.25335085       2.19437333
    406.45572008       2.19192819
    407.65858744       2.18954817
    408.87501985       2.18722709
    410.11422292       2.18495797
    411.36254986       2.18273237
    412.53299667       2.18054063
    413.73400382       2.17837353
    414.90361315       2.17622103
    416.10513120       2.17407365
    417.30682506       2.17192255
    418.52895911       2.16975969
    419.70856948       2.16757807
    420.93388708       2.16537204
    422.13482239       2.16313754
    423.35284043       2.16087256
    424.61893113       2.15857693
    425.82813959       2.15625113
    427.02069683       2.15389584
    428.22824829       2.15151307
    429.44610564       2.14910583
    430.66312362       2.14667739
    431.82582424       2.14423114
    433.05022827       2.14177047
    434.29927926       2.13929937
    435.48432662       2.13682095
    436.68642929       2.13433678
    437.85531316       2.13184944
    439.05664877       2.12936185
    440.27319082       2.12687774
    441.50532025       2.12440200
    442.75981152       2.12193923
    443.96247188       2.11949289
    445.18024699       2.11706580
    446.38140821       2.11465923
    447.61394975       2.11227423
    448.83171824       2.10991164
    450.01027279       2.10757197
    451.25807844       2.10525523
    452.47475802       2.10296026
    453.67764949       2.10068510
    454.90000709       2.09842717
    456.11790744       2.09618293
    457.38340927       2.09394821
    458.56906441       2.09171883
    459.78587254       2.08949001
    461.02545608       2.08725615
    462.20468363       2.08501170
    463.38941717       2.08275114
    464.64522705       2.08047003
    465.95443976       2.07816496
    467.15557262       2.07583370
    468.35701741       2.07347466
    469.57499858       2.07108646
    470.74488582       2.06866828
    471.96160605       2.06621981
    473.14777445       2.06374168
    474.38660699       2.06123592
    475.60402339       2.05870537
    476.80723671       2.05615297
    478.02449997       2.05358242
    479.22719483       2.05099847
    480.42817031       2.04840641
    481.67687345       2.04581203
    482.87654546       2.04322185
    484.11462228       2.04064495
    485.31521825       2.03809059
    486.49724890       2.03556822
    487.69935252       2.03308704
    488.98476851       2.03065528
    490.20174774       2.02828028
    491.40283428       2.02596918
    492.62681012       2.02372902
    493.82862875       2.02156719
    495.02891374       2.01949005
    496.23117237       2.01750238
    497.48405864       2.01560742
    498.69586791       2.01380688
    499.89845785       2.01210053
    501.10043481       2.01048613
    502.34009301       2.00895963
    503.54058075       2.00751572
    504.75830954       2.00614732
    505.95972125       2.00484571
    507.16096707       2.00360100
    508.41829641       2.00240306
    509.63779090       2.00124230
    510.83912651       2.00010950
    512.04096026       1.99899459
    513.32213736       1.99788719
    514.54494442       1.99677617
    515.74724465       1.99565097
    516.94961576       1.99450212
    518.15109789       1.99332125
    519.35297040       1.99210049
    520.50198688       1.99083293
    521.68793552       1.98951212
    522.88937841       1.98813234
    524.05926990       1.98668923
    525.26058897       1.98518009
    526.46188064       1.98360238
    527.67902480       1.98195489
    528.88137040       1.98023738
    530.06683791       1.97845103
    531.31751706       1.97659718
    532.51772879       1.97467816
    533.75138051       1.97269828
    534.97393519       1.97066296
    536.22201117       1.96857829
    537.45606840       1.96645207
    538.62610120       1.96429307
    539.82711638       1.96211027
    541.02776292       1.95991251
    542.21316474       1.95770808
    543.39965972       1.95550500
    544.63317154       1.95331093
    545.83468108       1.95113270
    547.08917613       1.94897722
    548.30542375       1.94685129
    549.50667996       1.94476150
    550.70869142       1.94271323
    551.91137824       1.94071153
    553.12892130       1.93876114
    554.34555835       1.93686756
    555.56324319       1.93503541
    556.74960442       1.93326751
    557.95099344       1.93156573
    559.13777624       1.92993130
    560.35550740       1.92836447
    561.58889824       1.92686554
    562.81353007       1.92543415
    564.01513413       1.92406882
    565.21747925       1.92276639
    566.39668318       1.92152283
    567.61980169       1.92033298
    568.83667647       1.91919104
    570.03745392       1.91809066
    571.22286236       1.91702541
    572.47040664       1.91598826
    573.67241810       1.91497297
    574.85857137       1.91397324
    576.06069909       1.91298298
    577.30900807       1.91199690
    578.53206231       1.91101064
    579.73320746       1.91002111
    580.93438002       1.90902467
    582.13674547       1.90801753
    583.43785139       1.90699695
    584.63980046       1.90595949
    585.87171248       1.90490168
    587.04373925       1.90382018
    588.27489602       1.90271144
    589.54541704       1.90157250
    591.46510908       1.90040060
    592.59018801       1.89919311
    593.75294440       1.89794800
    594.95628580       1.89666254
    596.14029104       1.89533417
    597.34137569       1.89395973
    598.52760695       1.89253783
    599.69792380       1.89106811
    600.91455754       1.88955105
    602.07878282       1.88798631
    603.26420402       1.88637389
    604.43343904       1.88471529
    605.63532336       1.88301194
    606.86647636       1.88126609
    608.05383528       1.87948134
    609.28827816       1.87766146
    610.48339934       1.87581022
    611.68247160       1.87393142
    612.88486209       1.87202964
    614.08714861       1.87011030
    615.30348507       1.86817975
    616.55106528       1.86624564
    617.76735543       1.86431709
    618.95054067       1.86240324
    620.12070486       1.86051309
    621.30626312       1.85865573
    622.50175719       1.85684116
    623.68668781       1.85508042
    624.87266055       1.85338400
    626.05842345       1.85176121
    627.22936556       1.85021966
    628.43090109       1.84876634
    629.61036495       1.84740730
    630.79692516       1.84614653
    631.98232130       1.84498739
    633.18271263       1.84393206
    634.41587897       1.84298134
    635.63849320       1.84213422
    636.82234437       1.84138786
    638.02082065       1.84073742
    639.24555079       1.84017606
    640.49473458       1.83969515
    641.67003327       1.83928590
    642.87411243       1.83893840
    644.09409182       1.83864275
    645.29503516       1.83838729
    646.47371023       1.83815943
    647.69694831       1.83794562
    648.91486521       1.83773234
    650.14773617       1.83750648
    651.31860597       1.83725438
    652.50488166       1.83696294
    653.66888434       1.83661892
    654.82330567       1.83620857
    656.00915033       1.83571787
    657.21035219       1.83513345
    658.35893765       1.83444351
    659.61484394       1.83363771
    660.76273465       1.83270690
    661.94889928       1.83164335
    663.16460716       1.83044030
    664.36616491       1.82909170
    665.54145698       1.82759413
    666.74279874       1.82594693
    667.95954686       1.82415150
    669.14520105       1.82221036
    670.34734011       1.82012637
    671.54844084       1.81790351
    672.74933267       1.81554745
    673.94990170       1.81306581
    675.11550419       1.81046719
    676.35411507       1.80776133
    677.55480982       1.80495986
    678.73402036       1.80207495
    679.92620659       1.79911879
    681.14181617       1.79610354
    682.31095431       1.79304281
    683.47541165       1.78994998
    684.69865257       1.78683922
    685.91367422       1.78372542
    687.11554058       1.78062384
    688.37940668       1.77754875
    689.58132928       1.77451459
    690.72853328       1.77153571
    691.93166295       1.76862643
    693.11524378       1.76580049
    694.31628259       1.76307078
    695.55586895       1.76044944
    696.73534416       1.75794698
    697.88978014       1.75557242
    699.05949959       1.75333287
    700.26048689       1.75123347
    701.47728794       1.74927786
    702.71297144       1.74746919
    703.92929089       1.74580900
    705.16285942       1.74429686
    706.36322759       1.74293043
    707.59531495       1.74170591
    708.76473099       1.74061834
    709.95042535       1.73966224
    711.18676248       1.73883189
    712.34043188       1.73811979
    713.54122493       1.73751705
    714.75844519       1.73701372
    716.00787805       1.73659880
    717.20990746       1.73626063
    718.41112303       1.73598709
    719.61201155       1.73576597
    720.86733180       1.73558439
    722.09970698       1.73542950
    723.30106859       1.73528836
    724.48440791       1.73514740
    725.68702856       1.73499301
    726.88991436       1.73481315
    728.05231299       1.73459704
    729.75295953       1.73433331
    730.90688886       1.73401183
    732.10864321       1.73362307
    733.30973496       1.73315854
    734.51160888       1.73261100
    735.71428153       1.73197537
    736.89287152       1.73124784
    738.07864907       1.73042566
    739.36491153       1.72950750
    740.65100856       1.72849287
    741.83701250       1.72738206
    743.03736412       1.72617609
    744.23980991       1.72487653
    745.45767671       1.72348546
    746.64455309       1.72200558
    747.87091896       1.72044086
    749.07239163       1.71879609
    750.27543670       1.71707563
    751.47846617       1.71528508
    752.69879530       1.71343085
    753.94850464       1.71151979
    755.16501078       1.70956013
    756.34987901       1.70756076
    757.55081196       1.70553070
    758.75226100       1.70347872
    759.93762737       1.70141386
    761.15493601       1.69934473
    762.35728586       1.69727928
    763.55935450       1.69522512
    764.79215929       1.69318968
    766.02546127       1.69117977
    767.21116888       1.68920107
    768.41211175       1.68725824
    769.61463174       1.68535444
    770.81660491       1.68349184
    772.05628013       1.68167227
    773.27416016       1.67989704
    774.47568151       1.67816499
    775.67565505       1.67647343
    776.86143118       1.67481904
    778.04035531       1.67319813
    779.22588521       1.67160641
    780.46459724       1.67003908
    781.66630622       1.66849155
    782.88348158       1.66695871
    784.11968779       1.66543496
    785.30504518       1.66391401
    786.50751319       1.66238869
    787.70798958       1.66085198
    788.94015162       1.65929794
    790.14205437       1.65772112
    791.37384634       1.65611648
    792.57679547       1.65447992
    793.77813723       1.65280832
    794.94786708       1.65109917
    796.16501645       1.64935141
    797.40430932       1.64756535
    798.60350587       1.64574177
    799.80831569       1.64388277
    801.02915335       1.64199233
    802.20910212       1.64007529
    803.39518451       1.63813709
    804.63444902       1.63618385
    805.85181390       1.63422246
    807.08785990       1.63226020
    808.31095525       1.63030465
    809.52760837       1.62836329
    810.68988837       1.62644287
    811.89070458       1.62454975
    813.07621415       1.62268981
    814.26208859       1.62086778
    815.46795943       1.61908769
    816.74714634       1.61735352
    817.94856466       1.61566828
    819.14974573       1.61403321
    820.35147740       1.61244811
    821.57421357       1.61091261
    822.77650103       1.60942535
    823.97784562       1.60798517
    825.20038849       1.60658987
    826.36365673       1.60523744
    827.53779846       1.60392514
    828.73944553       1.60264852
    829.97219029       1.60140244
    831.17502788       1.60018167
    832.40818808       1.59898165
    833.63245364       1.59779896
    834.86331597       1.59663057
    836.07999839       1.59547241
    837.29749797       1.59432019
    838.48327741       1.59316993
    839.67370692       1.59201798
    840.85955536       1.59086171
    842.06141842       1.58969963
    843.26273229       1.58852975
    844.46392801       1.58735159
    845.66435620       1.58616627
    846.86587283       1.58497587
    848.09940261       1.58378386
    849.31725523       1.58259420
    850.55051468       1.58141243
    851.77494234       1.58024506
    853.02355096       1.57909864
    854.24026457       1.57797960
    855.47997334       1.57689459
    856.68211288       1.57585079
    857.88442256       1.57485636
    859.10122549       1.57391905
    860.30217829       1.57304641
    861.61961831       1.57224591
    862.85247840       1.57152473
    864.05406734       1.57088872
    865.23960527       1.57034250
    866.46115375       1.56989032
    867.66214294       1.56953505
    868.86307730       1.56927872
    870.06417850       1.56912282
    871.28131085       1.56906645
    872.53583190       1.56910765
    873.76868112       1.56924128
    874.94015587       1.56946129
    876.12423058       1.56976107
    877.32644715       1.57013276
    878.52846333       1.57056749
    879.73109250       1.57105437
    880.93074560       1.57158009
    882.16483260       1.57212992
    883.36529293       1.57268849
    884.56631614       1.57323987
    885.80523281       1.57376790
    887.02185852       1.57425683
    888.25414768       1.57469056
    889.50848205       1.57505292
    890.68889871       1.57532996
    891.92770573       1.57550844
    893.12930081       1.57557665
    894.37660690       1.57552494
    895.56205456       1.57534421
    896.79508621       1.57502813
    898.01337694       1.57457112
    899.19850228       1.57396955
    900.41401639       1.57322255
    901.65300631       1.57233189
    902.85473420       1.57130128
    904.07138637       1.57013623
    905.27401554       1.56884329
    906.50736195       1.56743093
    907.76265195       1.56590945
    908.96400174       1.56429048
    910.16560060       1.56258667
    911.38383840       1.56081189
    912.61538462       1.55898181
    913.87003233       1.55711235
    915.07177014       1.55522127
    916.28794875       1.55332619
    917.52490926       1.55144409
    918.70067159       1.54959222
    919.85497571       1.54778674
    921.05740827       1.54604502
    922.30595639       1.54438277
    923.52428351       1.54281452
    924.72574059       1.54135336
    925.92742452       1.54001051
    927.16669802       1.53879576
    928.38327741       1.53771800
    929.54820169       1.53678374
    930.74974951       1.53599818
    932.03486823       1.53536452
    933.27467153       1.53488428
    934.43817419       1.53455672
    935.64138278       1.53437932
    936.88044643       1.53434877
    938.08164263       1.53445995
    939.29902783       1.53470701
    940.51602690       1.53508284
    941.68620479       1.53557879
    942.88742698       1.53618690
    944.08928956       1.53689806
    945.26852563       1.53770484
    946.50854585       1.53859963
    947.70880390       1.53957438
    948.94147967       1.54062152
    950.13194699       1.54173413
    951.36534019       1.54290614
    952.62072282       1.54413324
    953.86918067       1.54541228
    955.08541174       1.54674050
    956.37111698       1.54811703
    957.61757141       1.54954281
    958.85774571       1.55102012
    960.02196627       1.55255210
    961.26190238       1.55414386
    962.46314678       1.55580049
    963.66460763       1.55752786
    964.88193092       1.55933282
    966.08370418       1.56122289
    967.30151285       1.56320678
    968.51834745       1.56529201
    969.77243086       1.56748679
    970.93662070       1.56979855
    972.13886137       1.57223428
    973.37895202       1.57479996
    974.57932822       1.57750054
    975.75994527       1.58033866
    976.94898624       1.58331575
    978.18191344       1.58643093
    979.38567972       1.58968134
    980.58791567       1.59306291
    981.80059455       1.59657058
    983.00165132       1.60019898
    984.28867280       1.60394116
    985.54196032       1.60778904
    986.74303410       1.61173329
    987.96099448       1.61576418
    989.18930138       1.61987259
    990.39531353       1.62404905
    991.61226676       1.62828447
    992.86712054       1.63256799
    994.06838809       1.63688884
    995.26881770       1.64123666
    996.45446859       1.64560055
    997.71503110       1.64997010
    998.90026561       1.65433565
   1000.11941745       1.65868759
   1001.32056780       1.66301734
   1002.53846674       1.66731844
   1003.73975414       1.67158528
   1004.90353186       1.67581317
   1006.22780545       1.67999894
   1007.44529321       1.68414114
   1008.65107378       1.68823885
   1009.86854548       1.69229249
   1011.13619298       1.69630409
   1012.38705172       1.70027701
   1013.58810660       1.70421597
   1014.80671919       1.70812534
   1016.06130972       1.71201032
   1017.26171617       1.71587552
   1018.46284194       1.71972505
   1019.67901204       1.72356290
   1020.94240080       1.72739213
   1022.17829603       1.73121409
   1023.41674386       1.73502971
   1024.64874898       1.73883894
   1025.83466359       1.74264087
   1027.06794951       1.74643509
   1028.28499442       1.75021985
   1029.50278986       1.75399167
   1030.74115404       1.75774452
   1031.92887073       1.76147117
   1033.14512969       1.76516360
   1034.34746772       1.76881315
   1035.49522137       1.77241012
   1036.69537875       1.77594343
   1037.88127209       1.77940024
   1039.09768134       1.78276627
   1040.33721856       1.78602736
   1041.60200720       1.78916893
   1042.78742745       1.79217618
   1044.04252651       1.79503562
   1045.24382243       1.79773508
   1046.44724512       1.80026354
   1047.66377110       1.80261251
   1048.94863272       1.80477608
   1050.12819536       1.80675048
   1051.36887725       1.80853486
   1052.60466803       1.81013154
   1053.80634251       1.81154562
   1055.01642768       1.81278421
   1056.21814092       1.81385734
   1057.46578634       1.81477800
   1058.65191032       1.81556142
   1059.86805537       1.81622460
   1061.06961501       1.81678510
   1062.30328941       1.81726206
   1063.50450498       1.81767552
   1064.75884596       1.81804641
   1066.00764410       1.81839680
   1067.20859122       1.81874760
   1068.42576422       1.81912013
   1069.67992372       1.81953614
   1070.88128533       1.82001635
   1072.14377848       1.82058035
   1073.34526438       1.82124704
   1074.49779997       1.82203174
   1075.69898529       1.82294676
   1076.89972966       1.82400228
   1078.14811001       1.82520681
   1079.38070212       1.82656616
   1080.62499197       1.82808335
   1081.79098626       1.82975831
   1082.98237660       1.83158780
   1084.23047715       1.83356520
   1085.43197299       1.83568119
   1086.64791907       1.83792456
   1087.86560344       1.84028167
   1089.09853489       1.84273719
   1090.28422737       1.84527525
   1091.50122313       1.84787877
   1092.71845095       1.85052991
   1093.95785961       1.85321130
   1095.14329026       1.85590552
   1096.34525115       1.85859476
   1097.50921366       1.86126225
   1098.71063813       1.86389110
   1099.92737112       1.86646423
   1101.15077367       1.86896543
   1102.36727414       1.87138057
   1103.60063378       1.87369740
   1104.75548944       1.87590502
   1106.00361741       1.87799435
   1107.22206174       1.87995866
   1108.50903218       1.88179347
   1109.75654196       1.88349713
   1110.94709624       1.88507091
   1112.16383349       1.88651854
   1113.38046156       1.88784577
   1114.56548528       1.88906179
   1115.81904456       1.89017730
   1117.08322211       1.89120432
   1118.35466851       1.89215650
   1119.62354670       1.89304844
   1120.85698858       1.89389405
   1122.07320311       1.89470807
   1123.30581413       1.89550612
   1124.51000577       1.89630337
   1125.74563208       1.89711373
   1126.96280035       1.89795069
   1128.21407594       1.89882586
   1129.43387243       1.89974959
   1130.58204104       1.90073074
   1131.76711061       1.90177722
   1132.98486445       1.90289568
   1134.18626387       1.90409097
   1135.37040853       1.90536641
   1136.58657816       1.90672384
   1137.77379388       1.90816298
   1138.98993941       1.90968253
   1140.19148628       1.91127993
   1141.42455999       1.91295092
   1142.65623429       1.91468973
   1143.87926206       1.91649037
   1145.05817154       1.91834475
   1146.25969337       1.92024511
   1147.48335350       1.92218473
   1148.63137513       1.92415766
   1149.83306048       1.92615775
   1151.04999338       1.92817928
   1152.25203934       1.93021798
   1153.45322750       1.93227070
   1154.65518035       1.93433492
   1155.87270734       1.93641055
   1157.07395552       1.93849831
   1158.24748001       1.94059939
   1159.44949903       1.94271602
   1160.63619865       1.94485148
   1161.85262539       1.94700946
   1163.03271783       1.94919434
   1164.27191051       1.95141069
   1165.55791586       1.95366314
   1166.77412849       1.95595592
   1168.02227726       1.95829405
   1169.22316908       1.96068224
   1170.47705588       1.96312470
   1171.66387933       1.96562564
   1172.88210815       1.96818982
   1174.11521967       1.97082098
   1175.33274051       1.97352288
   1176.53369047       1.97629852
   1177.71918540       1.97914979
   1178.92186324       1.98207661
   1180.12696892       1.98507789
   1181.31347146       1.98815088
   1182.54673138       1.99129125
   1183.73135528       1.99449345
   1184.97924788       1.99775079
   1186.18401044       2.00105519
   1187.40418786       2.00439744
   1188.59033594       2.00776719
   1189.80739739       2.01115361
   1191.05745080       2.01454480
   1192.29146407       2.01792910
   1193.51457502       2.02129412
   1194.71444742       2.02462672
   1195.94692232       2.02791272
   1197.18020587       2.03113866
   1198.39967059       2.03429107
   1199.59894796       2.03735654
   1200.82161937       2.04032154
   1202.04331295       2.04317302
   1203.24553897       2.04589718
   1204.44799469       2.04848106
   1205.62769250       2.05091306
   1206.83066573       2.05318305
   1208.03270649       2.05528238
   1209.27280233       2.05720352
   1210.47269269       2.05894059
   1211.67496455       2.06048944
   1212.96128703       2.06184765
   1214.14120650       2.06301539
   1215.33066289       2.06399474
   1216.54850889       2.06479046
   1217.76585251       2.06540966
   1219.02466586       2.06586123
   1220.25676125       2.06615475
   1221.45849008       2.06630135
   1222.66095856       2.06631317
   1223.83188650       2.06620253
   1224.99507959       2.06598228
   1226.19951651       2.06566696
   1227.41897934       2.06527079
   1228.58278872       2.06480920
   1229.76821086       2.06429910
   1231.00105110       2.06375862
   1232.19177836       2.06320715
   1233.39297644       2.06266442
   1234.59370522       2.06215060
   1235.79576866       2.06168638
   1236.98108588       2.06129176
   1238.15045608       2.06098643
   1239.28300991       2.06078935
   1240.48537582       2.06071880
   1241.65681655       2.06079224
   1242.83724786       2.06102655
   1244.04121831       2.06143624
   1245.26193924       2.06203373
   1246.46279940       2.06282873
   1247.67971104       2.06382877
   1248.91378717       2.06503943
   1250.11496304       2.06646497
   1251.33111991       2.06810783
   1252.51711486       2.06996848
   1253.67152012       2.07204502
   1254.85487551       2.07433282
   1256.02734890       2.07682522
   1257.24500539       2.07951306
   1258.39986389       2.08238505
   1259.61809460       2.08542750
   1260.86738000       2.08862439
   1262.10562792       2.09195743
   1263.33848848       2.09540547
   1264.54034019       2.09894530
   1265.77302966       2.10255175
   1266.99595346       2.10619870
   1268.21567338       2.10985860
   1269.41810925       2.11350256
   1270.61910222       2.11710186
   1271.86766357       2.12062879
   1273.12195871       2.12405656
   1274.32318279       2.12736112
   1275.55636662       2.13052074
   1276.78924419       2.13351566
   1277.97512666       2.13632757
   1279.17831162       2.13893936
   1280.43198953       2.14133670
   1281.64937615       2.14350728
   1282.89414334       2.14544124
   1284.15062622       2.14713203
   1285.38336862       2.14857641
   1286.58388992       2.14977394
   1287.81732093       2.15072674
   1289.05711902       2.15143893
   1290.25965461       2.15191624
   1291.42432085       2.15216722
   1292.62702989       2.15220330
   1293.82832155       2.15203864
   1294.99908690       2.15169068
   1296.16965896       2.15117965
   1297.37166333       2.15052793
   1298.57357033       2.14976005
   1299.82322627       2.14890189
   1301.02476747       2.14798018
   1302.22549388       2.14702198
   1303.39646341       2.14605372
   1304.59755515       2.14510113
   1305.81499376       2.14418888
   1307.01592151       2.14334108
   1308.21796794       2.14258035
   1309.41934372       2.14192822
   1310.62061554       2.14140552
   1311.82216383       2.14103109
   1313.03885901       2.14082185
   1314.27283353       2.14079246
   1315.52790092       2.14095546
   1316.72989962       2.14132229
   1317.90893293       2.14190273
   1319.19510416       2.14270447
   1320.38148619       2.14373237
   1321.53466359       2.14498825
   1322.78176551       2.14647018
   1323.98274004       2.14817256
   1325.16913530       2.15008703
   1326.82330047       2.15220319
   1328.57283683       2.15450755
   1329.77764713       2.15698494
   1330.99727584       2.15961820
   1332.17604637       2.16238897
   1333.40039889       2.16527608
   1334.61736393       2.16825670
   1335.83152542       2.17130735
   1337.04232565       2.17440432
   1338.26813713       2.17752460
   1339.53967144       2.18064554
   1340.74055239       2.18374497
   1341.94096215       2.18680243
   1343.11907811       2.18979854
   1344.34240458       2.19271495
   1345.50564871       2.19553418
   1346.70758313       2.19823931
   1347.90965414       2.20081390
   1349.11112114       2.20324197
   1350.31235892       2.20550920
   1351.49862138       2.20760415
   1352.70033650       2.20951825
   1353.90363300       2.21124650
   1355.17433692       2.21278679
   1356.40672108       2.21414066
   1357.63867043       2.21531204
   1358.86196287       2.21630757
   1360.00972692       2.21713661
   1361.26467427       2.21781169
   1362.46513413       2.21834763
   1363.66740694       2.21876128
   1364.86905259       2.21907024
   1366.02953901       2.21929285
   1367.21968590       2.21944763
   1368.42227631       2.21955353
   1369.65481455       2.21962847
   1370.80798628       2.21968985
   1372.00936868       2.21975427
   1373.21239768       2.21983679
   1374.42839859       2.21995151
   1375.66095100       2.22011204
   1376.83114071       2.22033049
   1378.06396960       2.22061773
   1379.26497911       2.22098169
   1380.46563038       2.22142968
   1381.66721033       2.22196737
   1382.85338866       2.22259805
   1384.06980831       2.22332310
   1385.28768692       2.22414140
   1386.52598541       2.22504969
   1387.68989971       2.22604249
   1388.90645452       2.22711152
   1390.10755052       2.22824597
   1391.27693773       2.22943324
   1392.44626680       2.23065948
   1393.69371042       2.23190987
   1394.97935422       2.23316962
   1396.19640244       2.23442533
   1397.39772246       2.23566495
   1398.59809488       2.23687748
   1399.81554389       2.23805361
   1401.05483581       2.23918518
   1402.24106424       2.24026582
   1403.48862128       2.24129012
   1404.70531268       2.24225551
   1405.89000369       2.24316060
   1407.07596414       2.24400575
   1408.24799800       2.24479186
   1409.41290054       2.24552077
   1410.65177468       2.24619587
   1411.85307154       2.24682185
   1413.07016750       2.24740437
   1414.27236753       2.24794968
   1415.47418899       2.24846401
   1416.67628693       2.24895538
   1417.86248133       2.24943250
   1419.07969781       2.24990549
   1420.26598626       2.25038691
   1421.58389795       2.25089049
   1422.83201647       2.25142996
   1424.07184670       2.25201934
   1425.33548122       2.25267192
   1426.57374757       2.25340103
   1427.75346759       2.25421774
   1428.97825822       2.25513197
   1430.17950734       2.25615175
   1431.35882848       2.25728318
   1432.62835841       2.25852984
   1433.84525115       2.25989322
   1435.03037507       2.26137372
   1436.21646265       2.26297044
   1437.43399389       2.26468138
   1438.58832968       2.26650261
   1439.79127739       2.26842808
   1440.99394153       2.27045048
   1442.21060977       2.27256132
   1443.44312437       2.27475092
   1444.66175823       2.27700846
   1445.86355795       2.27932211
   1447.06542479       2.28167888
   1448.23606254       2.28406476
   1449.40739220       2.28646463
   1450.55721260       2.28886325
   1451.77308259       2.29124421
   1453.01196051       2.29359149
   1454.20547668       2.29588940
   1455.45934316       2.29812325
   1456.66005397       2.30027997
   1457.89384984       2.30234750
   1459.07871997       2.30431545
   1460.27991474       2.30617582
   1461.48126642       2.30792356
   1462.68219890       2.30955691
   1463.88294232       2.31107621
   1465.09935630       2.31248483
   1466.28577188       2.31378887
   1467.44939127       2.31499595
   1468.63588483       2.31611433
   1469.83654650       2.31715379
   1471.05377573       2.31812478
   1472.29152031       2.31903819
   1473.50751319       2.31990468
   1474.70921366       2.32073575
   1476.12644952       2.32154181
   1477.27520181       2.32233355
   1478.53086706       2.32312097
   1479.73258172       2.32391468
   1480.93339651       2.32472482
   1482.13476946       2.32555923
   1483.31933474       2.32642377
   1484.55753162       2.32732211
   1485.75739834       2.32825584
   1486.93810046       2.32922541
   1488.12447067       2.33022912
   1489.29491134       2.33126377
   1490.51184519       2.33232415
   1491.69754428       2.33340300
   1492.91361325       2.33449114
   1494.13166389       2.33557767
   1495.33390930       2.33665082
   1496.55629809       2.33769849
   1497.77566025       2.33870823
   1498.99296888       2.33966840
   1500.19586224       2.34056751
   1501.42876108       2.34139479
   1502.63215731       2.34214092
   1503.83215542       2.34279803
   1505.04914645       2.34335987
   1506.28872006       2.34382250
   1507.50904494       2.34418293
   1508.73336531       2.34443957
   1509.89828535       2.34459241
   1511.09890353       2.34464317
   1512.30090270       2.34459554
   1513.47078142       2.34445427
   1514.64244806       2.34422493
   1515.86389635       2.34391497
   1517.11268834       2.34353263
   1518.32904796       2.34308678
   1519.51525228       2.34258816
   1520.73194510       2.34204845
   1521.91724436       2.34147978
   1523.11842543       2.34089589
   1524.33439420       2.34031086
   1525.57490311       2.33973923
   1526.77625432       2.33919489
   1527.96287738       2.33869108
   1529.15755383       2.33824090
   1530.39575307       2.33785725
   1531.59883973       2.33755168
   1532.79943333       2.33733534
   1533.98512061       2.33721785
   1535.18698272       2.33720801
   1536.45269297       2.33731309
   1537.65613315       2.33753855
   1538.89545201       2.33788808
   1540.11218453       2.33836452
   1541.29781982       2.33896968
   1542.51528962       2.33970387
   1543.69994801       2.34056629
   1544.93256659       2.34155511
   1546.15032043       2.34266629
   1547.35179689       2.34389483
   1548.55345625       2.34523474
   1549.77095157       2.34667823
   1550.94580458       2.34821542
   1552.15226336       2.34983520
   1553.38580449       2.35152474
   1554.57132304       2.35327103
   1555.77281226       2.35505998
   1557.00420345       2.35687687
   1558.20617568       2.35870678
   1559.43750307       2.36053384
   1560.62251262       2.36234237
   1561.81418653       2.36411741
   1562.96373046       2.36584452
   1564.16703405       2.36751046
   1565.33641936       2.36910415
   1566.55439203       2.37061482
   1567.83988506       2.37203352
   1569.07110186       2.37335409
   1570.27282455       2.37457138
   1571.47460820       2.37568255
   1572.69249863       2.37668659
   1573.93251082       2.37758410
   1575.14959449       2.37837697
   1576.35259467       2.37906874
   1577.61403719       2.37966311
   1578.83821058       2.38016578
   1580.05553812       2.38058286
   1581.30357865       2.38092093
   1582.64232943       2.38118715
   1583.84264561       2.38138828
   1585.04449024       2.38153162
   1586.24400675       2.38162522
   1587.46037488       2.38167649
   1588.66203991       2.38169236
   1589.80896317       2.38167951
   1590.97977201       2.38164314
   1592.22695852       2.38158745
   1593.46303429       2.38151653
   1594.62965338       2.38143289
   1595.84641946       2.38133781
   1597.07848507       2.38123182
   1598.24939600       2.38111600
   1599.45012524       2.38099099
   1600.65147598       2.38085707
   1601.86926905       2.38071361
   1603.06983005       2.38056075
   1604.27123088       2.38039889
   1605.47189207       2.38022892
   1606.72690984       2.38005267
   1607.92978052       2.37987243
   1609.14729994       2.37969153
   1610.34889030       2.37951429
   1611.58162136       2.37934599
   1612.81473004       2.37919207
   1614.05314904       2.37905952
   1615.30105772       2.37895612
   1616.55561563       2.37888889
   1617.75732508       2.37886617
   1619.00644176       2.37889585
   1620.20691722       2.37898492
   1621.44523697       2.37913976
   1622.64669168       2.37936640
   1623.91084797       2.37966907
   1625.11277105       2.38005198
   1626.31386610       2.38051756
   1627.55356636       2.38106678
   1628.75355313       2.38169962
   1629.95537365       2.38241401
   1631.15638363       2.38320758
   1632.35793618       2.38407664
   1633.55933371       2.38501604
   1634.72374851       2.38601942
   1635.93953580       2.38707960
   1637.12632947       2.38818817
   1638.34387489       2.38933702
   1639.58348678       2.39051734
   1640.78497032       2.39171869
   1641.98854377       2.39293171
   1643.23726062       2.39414728
   1644.43810235       2.39535673
   1645.65420345       2.39655033
   1646.82438985       2.39771885
   1648.00979451       2.39885408
   1649.25917632       2.39994933
   1650.51474280       2.40099840
   1651.71646596       2.40199618
   1652.88682912       2.40293777
   1654.12050636       2.40381933
   1655.37372110       2.40463860
   1656.65412074       2.40539393
   1657.89347033       2.40608457
   1659.05881903       2.40671069
   1660.21366524       2.40727429
   1661.44587217       2.40777855
   1662.66195247       2.40822836
   1663.84932747       2.40863035
   1665.03423824       2.40899145
   1666.30063520       2.40931966
   1667.50270289       2.40962422
   1668.73478316       2.40991523
   1669.95759164       2.41020273
   1671.12180511       2.41049823
   1672.32430573       2.41081291
   1673.49412159       2.41115813
   1674.68055466       2.41154574
   1675.86696505       2.41198761
   1677.03187468       2.41249572
   1678.24837940       2.41308098
   1679.45170142       2.41375397
   1680.63788967       2.41452388
   1681.82337940       2.41539900
   1682.99764590       2.41638545
   1684.19778957       2.41748807
   1685.39898576       2.41870911
   1686.61582084       2.42004876
   1687.80203461       2.42150657
   1689.00408341       2.42307879
   1690.20565628       2.42475900
   1691.37012354       2.42653800
   1692.57136794       2.42840609
   1693.79086999       2.43035182
   1694.97422302       2.43236237
   1696.17568293       2.43442300
   1697.38362147       2.43651741
   1698.57997665       2.43862781
   1699.78252736       2.44073673
   1700.98357752       2.44282674
   1702.18455914       2.44488026
   1703.40111443       2.44688074
   1704.57159574       2.44881292
   1705.80466898       2.45066387
   1707.00951283       2.45242227
   1708.23003998       2.45407888
   1709.45936206       2.45562577
   1710.67659603       2.45705725
   1711.86074305       2.45837010
   1713.04576346       2.45956273
   1714.26331314       2.46063516
   1715.49597472       2.46158941
   1716.72840189       2.46243010
   1717.94997968       2.46316260
   1719.12243369       2.46379391
   1720.35298883       2.46433216
   1721.56918067       2.46478631
   1722.80266650       2.46516549
   1724.01968826       2.46547958
   1725.22120536       2.46573918
   1726.42381704       2.46595438
   1727.66269637       2.46613533
   1728.88071677       2.46629164
   1730.11356977       2.46643368
   1731.34804573       2.46657089
   1732.53357468       2.46671211
   1733.73501002       2.46686540
   1734.92061884       2.46703708
   1736.19031089       2.46723300
   1737.37615980       2.46745876
   1738.57755118       2.46772015
   1739.77972144       2.46802146
   1741.02841938       2.46836609
   1742.22997240       2.46875585
   1743.43568775       2.46919166
   1744.66959232       2.46967411
   1745.87060372       2.47020373
   1747.07069115       2.47078019
   1748.30955111       2.47140242
   1749.47368282       2.47206909
   1750.66132200       2.47277864
   1751.84633722       2.47352946
   1753.07901299       2.47431895
   1754.26538934       2.47514445
   1755.42081687       2.47600162
   1756.63483468       2.47688577
   1757.85364529       2.47779121
   1759.03304157       2.47871125
   1760.23960574       2.47963872
   1761.55753634       2.48056596
   1762.78156323       2.48148451
   1763.94461453       2.48238476
   1765.13458136       2.48325668
   1766.30573520       2.48408970
   1767.52290962       2.48487290
   1768.72438371       2.48559505
   1769.92712347       2.48624502
   1771.12827618       2.48681141
   1772.36449042       2.48728253
   1773.61286888       2.48764682
   1774.78334405       2.48789280
   1775.98400902       2.48800923
   1777.16889049       2.48798867
   1778.49821304       2.48781438
   1779.73433418       2.48747529
   1781.29133505       2.48696032
   1782.59895221       2.48625839
   1784.04084872       2.48535842
   1785.20823204       2.48424933
   1786.37776433       2.48292004
   1787.66401119       2.48135948
   1788.91472437       2.47955656
   1790.13831739       2.47750021
   1791.31750572       2.47517934
   1792.50364057       2.47258288
   1793.70454090       2.46969974
   1794.90317740       2.46651886
   1796.22673261       2.46302914
   1797.45974110       2.45921951
   1798.69798334       2.45507890
   1799.86166370       2.45059621
