      0.53526571       2.70855638
      1.81337836       2.69898333
      3.06648534       2.69048366
      4.36958381       2.68301175
      5.57400089       2.67652197
      6.85946415       2.67096866
      8.04269429       2.66630621
      9.22439789       2.66248898
     10.47869775       2.65947133
     11.75041023       2.65720763
     12.95547999       2.65565225
     14.19015398       2.65475954
     15.43323015       2.65448388
     16.63230665       2.65477964
     17.83779279       2.65560117
     19.05627162       2.65690284
     20.30854916       2.65863903
     21.54483808       2.66076409
     22.76349888       2.66323239
     23.96741639       2.66599830
     25.17172949       2.66893938
     26.41830539       2.67205170
     27.62123183       2.67528895
     28.85340378       2.67860700
     30.05402953       2.68196321
     31.28094552       2.68531668
     32.53962559       2.68862839
     33.76907528       2.69186120
     35.00385750       2.69498018
     36.24306341       2.69795340
     37.47701949       2.70075232
     38.67810320       2.70335133
     39.89740108       2.70572891
     41.13472976       2.70786690
     42.38483893       2.70975090
     43.60764457       2.71137010
     44.84275668       2.71271817
     46.08707866       2.71379321
     47.41176626       2.71459747
     48.59259693       2.71513653
     49.89621765       2.71541838
     51.11995435       2.71545478
     52.31904976       2.71525996
     53.51819149       2.71484951
     54.77252727       2.71424172
     56.00338393       2.71345646
     57.22226308       2.71251495
     58.40690304       2.71143938
     59.55958466       2.71025259
     60.80718424       2.70897707
     62.01156209       2.70763509
     63.17817693       2.70624824
     64.48404730       2.70483841
     65.78391355       2.70342587
     66.99435270       2.70203023
     68.17757056       2.70067065
     69.37452408       2.69936417
     70.64898624       2.69812637
     71.92640603       2.69697201
     73.13104713       2.69591421
     74.37972569       2.69496291
     75.58133448       2.69412599
     76.80172836       2.69340697
     78.03502420       2.69280680
     79.25543793       2.69232342
     80.45483440       2.69195256
     81.68888548       2.69168825
     82.91125773       2.69152338
     84.11490964       2.69144924
     85.34625546       2.69145510
     86.51557839       2.69153026
     87.69695304       2.69166242
     88.91463694       2.69183936
     90.16644611       2.69204925
     91.41877328       2.69228181
     92.60269250       2.69252694
     93.78807541       2.69277423
     95.02782814       2.69301421
     96.26269212       2.69324018
     97.40969337       2.69344631
     98.63094883       2.69362705
     99.80917538       2.69377776
    101.10232622       2.69389557
    102.43771480       2.69397886
    103.64161956       2.69402703
    104.87581668       2.69404085
    106.09325529       2.69402184
    107.38264505       2.69397251
    108.70271565       2.69389691
    110.07910184       2.69380020
    111.37827429       2.69368935
    112.61994253       2.69357069
    113.80283523       2.69345131
    115.03683101       2.69333883
    116.25286217       2.69323989
    117.45637513       2.69316126
    118.65757132       2.69310891
    119.84104344       2.69308715
    121.06017213       2.69309925
    122.24674698       2.69314709
    123.46313071       2.69322926
    124.66620177       2.69334378
    125.91714369       2.69348694
    127.20903407       2.69365437
    128.50213481       2.69384054
    129.72036741       2.69403878
    130.92717167       2.69424107
    132.15488827       2.69443878
    133.38918322       2.69462398
    134.55791680       2.69478841
    135.80334660       2.69492458
    137.03985718       2.69502563
    138.31844575       2.69508461
    139.53209681       2.69509395
    140.67232121       2.69504658
    141.90856334       2.69493750
    143.09422935       2.69476186
    144.31057054       2.69451335
    145.54251092       2.69418619
    146.73624544       2.69377528
    147.93438522       2.69327647
    149.13982362       2.69268703
    150.38958967       2.69200448
    151.62847137       2.69122824
    152.88761886       2.69035865
    154.07901535       2.68939747
    155.32973184       2.68834775
    156.60281443       2.68721312
    157.88408842       2.68599850
    159.13532384       2.68470811
    160.31936783       2.68334831
    161.53783201       2.68192712
    162.69354406       2.68045273
    163.89473269       2.67893422
    165.09494300       2.67738145
    166.29282757       2.67580577
    167.53225183       2.67421862
    168.74931849       2.67263053
    169.92861410       2.67105205
    171.20717716       2.66949580
    172.45067395       2.66797484
    173.69946453       2.66650256
    174.95628816       2.66509237
    176.13552517       2.66375753
    177.32541354       2.66251110
    178.57750912       2.66136672
    179.79223916       2.66033772
    181.01266423       2.65943590
    182.19307475       2.65867128
    183.39715485       2.65805175
    184.67630159       2.65758302
    185.89081233       2.65726960
    187.12199085       2.65711459
    188.29789449       2.65711881
    189.53563198       2.65727936
    190.73548358       2.65759154
    191.93523215       2.65804965
    193.10357960       2.65864583
    194.33980141       2.65937098
    195.55245997       2.66021521
    196.83000454       2.66116683
    198.04900420       2.66221393
    199.20537271       2.66334292
    200.44012657       2.66453850
    201.59849330       2.66578499
    202.80118201       2.66706571
    204.03129053       2.66836408
    205.23578700       2.66966323
    206.53888595       2.67094783
    207.75725939       2.67220229
    208.97785697       2.67341058
    210.24214653       2.67455828
    211.41235373       2.67563281
    212.66313685       2.67662262
    213.81284099       2.67751600
    214.98874227       2.67830275
    216.27087122       2.67897466
    217.49135632       2.67952475
    218.72499149       2.67994637
    219.94408000       2.68023304
    221.14526533       2.68037888
    222.37847893       2.68037817
    223.69740723       2.68022560
    224.94947918       2.67991645
    226.21237121       2.67944606
    227.44711704       2.67880986
    228.69607823       2.67800492
    229.89459232       2.67703013
    231.11855824       2.67588624
    232.32271726       2.67457592
    233.61948835       2.67310221
    234.81882243       2.67146865
    236.01365295       2.66968037
    237.21671645       2.66774474
    238.41696363       2.66566980
    239.58876496       2.66346498
    240.74984687       2.66114148
    242.04524784       2.65871181
    243.31155311       2.65618892
    244.52879228       2.65358647
    245.74567839       2.65091820
    247.04973392       2.64819719
    248.39103541       2.64543787
    249.64529841       2.64265454
    250.89559758       2.63986188
    252.07806397       2.63707473
    253.29499215       2.63430857
    254.48843318       2.63157852
    255.67678980       2.62890074
    256.92548821       2.62629245
    258.18018838       2.62377000
    259.41168592       2.62134729
    260.68731072       2.61903668
    261.88827485       2.61684902
    263.09084589       2.61479293
    264.40010445       2.61287439
    265.60183423       2.61109701
    266.84986578       2.60946150
    268.05635149       2.60796646
    269.34659432       2.60660852
    270.62176258       2.60538316
    271.90588786       2.60428472
    273.28684708       2.60330741
    274.57646464       2.60244460
    275.78665236       2.60169002
    276.99074995       2.60103594
    278.30813373       2.60047340
    279.54456585       2.59999232
    280.75863518       2.59958109
    282.04817334       2.59922799
    283.36709312       2.59892148
    284.58621755       2.59864919
    285.83125035       2.59839769
    287.39660425       2.59815464
    288.89357667       2.59790744
    290.18049086       2.59764374
    291.46717158       2.59735134
    292.76658884       2.59701830
    294.03350993       2.59663356
    295.31798117       2.59618654
    296.60576356       2.59567011
    298.44950470       2.59507852
    299.83575864       2.59440778
    301.12496786       2.59365632
    302.49946689       2.59282515
    304.00462833       2.59191649
    305.25811861       2.59093430
    306.53375144       2.58988279
    307.82580723       2.58876602
    309.15589542       2.58758792
    310.61722404       2.58635428
    311.90248927       2.58507117
    313.61278806       2.58374523
    314.94804100       2.58238345
    316.41812910       2.58099319
    318.34365276       2.57958234
    319.98248341       2.57815965
    321.30909740       2.57673449
    322.55452767       2.57531706
    323.78722423       2.57391726
    325.04490047       2.57254591
    326.33574636       2.57121213
    327.57420128       2.56992412
    328.84718321       2.56868901
    330.09373736       2.56751302
    331.33693735       2.56640116
    332.64962805       2.56535712
    333.92617682       2.56438336
    335.13952304       2.56348091
    336.37664092       2.56264867
    337.62964251       2.56188479
    338.84386260       2.56118721
    340.12097567       2.56055218
    341.37546553       2.55997508
    342.62708188       2.55945021
    343.86067074       2.55897092
    345.11735495       2.55852993
    346.32714946       2.55812004
    347.59905004       2.55773401
    348.85026230       2.55736276
    350.08027535       2.55699718
    351.31349888       2.55662832
    352.56328478       2.55624673
    353.83057168       2.55584184
    355.08434599       2.55540261
    356.30050381       2.55491817
    357.53708244       2.55437782
    358.83536732       2.55377136
    360.10541193       2.55309048
    361.31033754       2.55232751
    362.58436064       2.55147617
    363.78977116       2.55053177
    365.04311256       2.54948990
    366.27067556       2.54834732
    367.57097709       2.54710191
    368.79897300       2.54575273
    370.03607010       2.54429987
    371.29640386       2.54274377
    372.53285631       2.54108642
    373.76793911       2.53932905
    375.01725996       2.53747463
    376.22713764       2.53552799
    377.45405080       2.53349383
    378.75271093       2.53137699
    380.02281131       2.52918264
    381.29455593       2.52691625
    382.55311596       2.52458401
    383.78250988       2.52219199
    385.02903378       2.51974703
    386.25192639       2.51725552
    387.46668006       2.51472335
    388.70100100       2.51215607
    389.93629365       2.50955890
    391.20889323       2.50693693
    392.42110847       2.50429535
    393.67327448       2.50164031
    394.88612209       2.49897664
    396.09635613       2.49630910
    397.33176881       2.49364336
    398.58199898       2.49098418
    399.79874757       2.48833573
    401.03416025       2.48570215
    402.29935960       2.48308768
    403.55925194       2.48049760
    404.81884937       2.47793682
    406.02544426       2.47541094
    407.25414816       2.47292622
    408.54191448       2.47048829
    409.73297682       2.46810184
    410.96672070       2.46577040
    412.22061223       2.46349559
    413.46835407       2.46127891
    414.77619572       2.45912107
    415.98679604       2.45702172
    417.23921064       2.45497962
    418.44638685       2.45299356
    419.69935724       2.45106205
    420.89480689       2.44918299
    422.15461510       2.44735512
    423.38556487       2.44557637
    424.59771065       2.44384262
    425.81451169       2.44214938
    427.08342392       2.44049160
    428.31883377       2.43886454
    429.56826427       2.43726315
    430.77781160       2.43568220
    432.07138590       2.43411693
    433.28972673       2.43256260
    434.51058189       2.43101454
    435.74735571       2.42946911
    436.98320273       2.42792341
    438.27931263       2.42637595
    439.56212120       2.42482646
    440.80145519       2.42327570
    442.01039946       2.42172344
    443.22916281       2.42017102
    444.44265696       2.41862165
    445.65472617       2.41707828
    446.89251375       2.41554554
    448.10792389       2.41402931
    449.34180199       2.41253569
    450.53700635       2.41107139
    451.79628382       2.40964256
    453.02314214       2.40825555
    454.25278040       2.40691572
    455.46624194       2.40562738
    456.70106622       2.40439374
    457.91913672       2.40321692
    459.15770743       2.40209851
    460.39204681       2.40104012
    461.69826172       2.40004269
    462.94354548       2.39910692
    464.15831994       2.39823356
    465.41096801       2.39742308
    466.60553009       2.39667432
    467.80192213       2.39598590
    469.01568993       2.39535552
    470.27126964       2.39477914
    471.55886251       2.39425161
    472.77242755       2.39376811
    474.00385750       2.39332311
    475.21800953       2.39291121
    476.48994461       2.39252590
    477.70640679       2.39216036
    478.91363452       2.39180648
    480.12985519       2.39145538
    481.34865304       2.39109713
    482.58272586       2.39072242
    483.87631435       2.39032089
    485.08910052       2.38988261
    486.30510804       2.38939731
    487.55858224       2.38885449
    488.81111263       2.38824390
    490.03454449       2.38755731
    491.24395712       2.38678659
    492.48045541       2.38592223
    493.69555929       2.38495617
    494.95751886       2.38388081
    496.17155463       2.38268907
    497.44676683       2.38137516
    498.68765147       2.37993449
    499.92409636       2.37836408
    501.20042157       2.37666175
    502.45546156       2.37482674
    503.66098172       2.37285952
    504.88330529       2.37076299
    506.08835614       2.36854321
    507.29543878       2.36620892
    508.55366987       2.36376977
    509.78228728       2.36123796
    511.01990708       2.35862701
    512.27272955       2.35595216
    513.49570061       2.35322992
    514.73103531       2.35047918
    515.96980264       2.34771988
    517.22617540       2.34497211
    518.43468155       2.34225717
    519.67636397       2.33959686
    520.88605119       2.33701178
    522.08108966       2.33452180
    523.34983978       2.33214557
    524.58455773       2.32990022
    525.87685171       2.32780136
    527.12926347       2.32586335
    528.34922774       2.32409827
    529.61935885       2.32251647
    530.82900259       2.32112596
    532.06079031       2.31993328
    533.27411621       2.31894166
    534.53775876       2.31815171
    535.75555466       2.31756193
    537.01949780       2.31716730
    538.22966473       2.31695927
    539.50327051       2.31692713
    540.77664234       2.31705962
    542.06126151       2.31734372
    543.35265847       2.31776406
    544.56496351       2.31830360
    545.77312702       2.31894318
    546.98213509       2.31966213
    548.23349292       2.32043741
    549.48090676       2.32124493
    550.67017978       2.32206085
    551.86771509       2.32286306
    553.07527884       2.32362938
    554.33320746       2.32433739
    555.56494650       2.32496401
    556.84625735       2.32548891
    558.07388510       2.32589199
    559.26628164       2.32615485
    560.48759240       2.32626049
    561.75268777       2.32619342
    563.00151993       2.32593918
    564.21020143       2.32548471
    565.46295064       2.32482068
    566.71640594       2.32393969
    567.96893822       2.32283618
    569.19718368       2.32150725
    570.47459355       2.31995307
    571.74016816       2.31817562
    573.03040721       2.31617931
    574.32090005       2.31397029
    575.59826691       2.31155678
    576.85206392       2.30894976
    578.08500482       2.30616246
    579.34052026       2.30320907
    580.57278863       2.30010426
    581.83089542       2.29686579
    583.07980462       2.29351249
    584.33851825       2.29006362
    585.58391544       2.28653963
    586.81306832       2.28296202
    588.03114591       2.27935269
    589.29012468       2.27573202
    590.54889408       2.27211886
    591.76444742       2.26853153
    592.97778513       2.26498673
    594.16721459       2.26150025
    595.39151890       2.25808573
    596.60119856       2.25475624
    597.81244778       2.25152413
    599.08281991       2.24839973
    600.33417727       2.24539002
    601.56604817       2.24249987
    602.84518498       2.23973234
    604.09678337       2.23708944
    605.35293495       2.23456953
    606.55791538       2.23217002
    607.81049209       2.22988663
    609.02655255       2.22771323
    610.30396194       2.22564384
    611.58266253       2.22367309
    612.91299365       2.22179600
    614.12544095       2.22000560
    615.36148742       2.21829414
    616.59026410       2.21665400
    617.86351683       2.21507764
    619.07543906       2.21355725
    620.32845719       2.21208581
    621.53936565       2.21065748
    622.76492192       2.20926818
    623.97752141       2.20791390
    625.19680228       2.20659044
    626.42732338       2.20529392
    627.64121831       2.20402172
    628.85515908       2.20277321
    630.11756385       2.20154671
    631.35575742       2.20034116
    632.60382678       2.19915599
    633.91939288       2.19799100
    635.21283863       2.19684531
    636.45294251       2.19571745
    637.73073000       2.19460682
    638.98618258       2.19351298
    640.19639204       2.19243507
    641.47498535       2.19137244
    642.78608569       2.19032343
    644.00141549       2.18928599
    645.21060032       2.18825766
    646.44454222       2.18723584
    647.70185833       2.18621813
    648.93507619       2.18520225
    650.18113362       2.18418580
    651.41355701       2.18316577
    652.74946972       2.18213827
    654.00094571       2.18110034
    655.23790952       2.18004803
    656.51416479       2.17897773
    657.80847874       2.17788761
    659.06942312       2.17677577
    660.30109742       2.17563943
    661.51831720       2.17447544
    662.75714927       2.17328191
    663.99114317       2.17205789
    665.20135263       2.17080293
    666.41237074       2.16951756
    667.68119695       2.16820256
    668.99125045       2.16685968
    670.28535739       2.16549020
    671.49961954       2.16409456
    672.71741309       2.16267370
    673.99888699       2.16122905
    675.24897962       2.15976256
    676.52022705       2.15827609
    677.73569815       2.15677040
    678.99108362       2.15524672
    680.18863310       2.15370605
    681.44183413       2.15214933
    682.64061809       2.15057805
    683.88966198       2.14899501
    685.12735599       2.14740373
    686.34026410       2.14580761
    687.59504981       2.14421075
    688.86426877       2.14261694
    690.08628325       2.14102930
    691.29884871       2.13945179
    692.55104401       2.13788921
    693.83704322       2.13634638
    695.04958126       2.13482706
    696.26709596       2.13333383
    697.50605375       2.13186824
    698.72450044       2.13043101
    699.96093540       2.12902209
    701.15769184       2.12764110
    702.39061005       2.12628692
    703.64418493       2.12495889
    704.89303552       2.12365674
    706.11895949       2.12237936
    707.34874095       2.12112517
    708.59478042       2.11989338
    709.82271584       2.11868314
    711.04873528       2.11749322
    712.32504584       2.11632248
    713.55262397       2.11516969
    714.81096896       2.11403293
    716.04767520       2.11291120
    717.25687185       2.11180256
    718.46872223       2.11070465
    719.71931584       2.10961382
    720.93371363       2.10852572
    722.17500945       2.10743563
    723.37006352       2.10633792
    724.60702686       2.10522696
    725.84212763       2.10409810
    727.11846938       2.10294743
    728.34830520       2.10177287
    729.57189964       2.10057426
    730.76517099       2.09935187
    732.06190190       2.09810628
    733.31755865       2.09683819
    734.53367771       2.09554796
    735.80069664       2.09423451
    737.08881506       2.09289766
    738.33350048       2.09153786
    739.52472494       2.09015454
    740.69818893       2.08874650
    741.91529624       2.08731179
    743.15262680       2.08584866
    744.36537705       2.08435509
    745.60052555       2.08282898
    746.83277218       2.08126792
    748.08042186       2.07966978
    749.28961992       2.07803293
    750.52256650       2.07635644
    751.72997287       2.07464080
    752.95235788       2.07288689
    754.18111991       2.07109669
    755.46146048       2.06927323
    756.79656124       2.06742008
    758.11765648       2.06554102
    759.31103607       2.06364032
    760.52819489       2.06172203
    761.79931376       2.05979005
    763.02599675       2.05784841
    764.23504263       2.05589875
    765.48417065       2.05394171
    766.75423417       2.05197704
    768.04565524       2.05000599
    769.26005066       2.04802976
    770.49028678       2.04605057
    771.70028830       2.04407163
    772.97329764       2.04209733
    774.18227451       2.04013250
    775.43430960       2.03818268
    776.68942379       2.03625241
    777.91216562       2.03434430
    779.12215816       2.03245982
    780.36413880       2.03059929
    781.58549067       2.02876211
    782.84188045       2.02694713
    784.04784298       2.02515420
    785.29468684       2.02338152
    786.51525086       2.02162586
    787.76575987       2.01988363
    788.99275668       2.01815012
    790.23248719       2.01642034
    791.46668667       2.01468868
    792.78011324       2.01295011
    793.99614439       2.01119995
    795.25165321       2.00943511
    796.46321956       2.00765370
    797.66056912       2.00585565
    798.89627342       2.00404270
    800.13302030       2.00221738
    801.38336673       2.00038312
    802.58571989       1.99854369
    803.81099873       1.99670296
    805.06077424       1.99486357
    806.28725211       1.99302918
    807.48246309       1.99120317
    808.70450451       1.98938926
    809.95687374       1.98759090
    811.17359113       1.98581114
    812.40799336       1.98405492
    813.63683999       1.98232809
    814.85261782       1.98063832
    816.12090005       1.97899254
    817.33752765       1.97739861
    818.56408917       1.97586381
    819.81966132       1.97439566
    821.03647419       1.97300059
    822.29285640       1.97168393
    823.54571006       1.97044976
    824.75613929       1.96930129
    825.97118929       1.96824195
    827.21920430       1.96727512
    828.42207734       1.96640297
    829.68095497       1.96562563
    830.84196079       1.96494265
    832.07649394       1.96435110
    833.32951065       1.96384629
    834.54015445       1.96342238
    835.73116292       1.96307253
    837.00546108       1.96279003
    838.22705777       1.96256764
    839.43976691       1.96239823
    840.65734588       1.96227399
    841.84527383       1.96218785
    843.05659631       1.96213190
    844.33759523       1.96209834
    845.57506049       1.96207829
    846.76832382       1.96206157
    848.08714483       1.96203611
    849.36093588       1.96198913
    850.61673772       1.96190700
    851.91043018       1.96177599
    853.18894030       1.96158381
    854.41652551       1.96131729
    855.62981502       1.96096483
    856.88187232       1.96051481
    858.07559502       1.95995739
    859.30822967       1.95928484
    860.48116765       1.95849022
    861.71950111       1.95756844
    862.95006664       1.95651530
    864.17119827       1.95532884
    865.40099202       1.95400914
    866.61076337       1.95255888
    867.84096830       1.95098208
    869.02813959       1.94928479
    870.26122937       1.94747525
    871.49906516       1.94556316
    872.73728378       1.94355910
    873.95058557       1.94147327
    875.16068208       1.93931518
    876.39816577       1.93709455
    877.66614033       1.93482262
    878.91940611       1.93250896
    880.15139375       1.93016295
    881.40872876       1.92779445
    882.68653421       1.92541356
    883.90571630       1.92303032
    885.17691457       1.92065378
    886.41926811       1.91829304
    887.63008205       1.91595625
    888.84223964       1.91365093
    890.11341333       1.91138238
    891.35059644       1.90915513
    892.56962210       1.90697171
    893.80125149       1.90483352
    895.01765507       1.90274106
    896.27139488       1.90069458
    897.48375475       1.89869326
    898.74124100       1.89673568
    899.99465234       1.89481986
    901.18842042       1.89294346
    902.41841976       1.89110526
    903.63673082       1.88930308
    904.86358489       1.88753526
    906.11326540       1.88580093
    907.36779212       1.88409899
    908.60388538       1.88242947
    909.79832788       1.88079288
    911.02545844       1.87919096
    912.29624790       1.87762643
    913.53089069       1.87610223
    914.74326947       1.87461995
    915.95272085       1.87318074
    917.20278277       1.87178466
    918.39587217       1.87043035
    919.61196145       1.86911491
    920.83948381       1.86783465
    922.06918823       1.86658585
    923.30479280       1.86536438
    924.49804148       1.86416538
    925.73033537       1.86298201
    926.92416725       1.86180846
    928.14512165       1.86063893
    930.06711628       1.85946771
    931.30532922       1.85828973
    932.50781566       1.85709987
    933.70013989       1.85589361
    934.91341428       1.85466590
    936.13908492       1.85341187
    937.39246366       1.85212714
    938.64732263       1.85080856
    939.89479649       1.84945303
    941.11484489       1.84805849
    942.35135405       1.84662345
    943.54449591       1.84514664
    944.76334055       1.84362700
    946.00038471       1.84206448
    947.23351891       1.84046054
    948.43400098       1.83881717
    949.68156843       1.83713625
    950.89031750       1.83541950
    952.10195947       1.83366969
    953.29305915       1.83189134
    954.52271112       1.83008936
    955.72843261       1.82827015
    956.93965820       1.82644034
    958.17043830       1.82460702
    959.36534350       1.82277585
    960.58167571       1.82095123
    961.79376855       1.81913614
    963.02793022       1.81733400
    964.24386638       1.81554714
    965.45691958       1.81377748
    966.67153856       1.81202645
    967.86228094       1.81029573
    969.04293296       1.80858668
    970.27121859       1.80690002
    971.48708197       1.80523688
    972.74660236       1.80359812
    974.00338015       1.80198568
    975.29381298       1.80040171
    976.55231960       1.79884916
    977.84310263       1.79733180
    979.06267889       1.79585239
    980.35388349       1.79441436
    981.58435403       1.79302068
    982.81124449       1.79167454
    984.06147182       1.79037968
    985.31724153       1.78913979
    986.53573407       1.78795785
    988.39911432       1.78683717
    989.61002609       1.78578028
    990.84940592       1.78478847
    992.10530796       1.78386238
    993.38141624       1.78300267
    994.61493232       1.78220931
    995.82742925       1.78148032
    997.10074248       1.78081355
    998.31381364       1.78020753
    999.56153704       1.77966123
   1000.79836995       1.77917420
   1002.02724068       1.77874549
   1003.24509755       1.77837368
   1004.51656663       1.77805580
   1005.76418417       1.77778751
   1006.97191807       1.77756321
   1008.18317627       1.77737820
   1009.43516882       1.77722777
   1010.68813449       1.77710732
   1011.89691618       1.77701046
   1013.16849396       1.77693120
   1014.40514774       1.77686337
   1015.65540484       1.77680081
   1016.90966737       1.77673710
   1018.12349472       1.77666583
   1019.35099344       1.77658027
   1020.60101329       1.77647261
   1021.83712167       1.77633555
   1023.10993298       1.77616224
   1024.34989744       1.77594572
   1025.61199170       1.77567871
   1026.83102255       1.77535262
   1028.04425062       1.77495991
   1029.26455848       1.77449190
   1030.49059824       1.77394057
   1031.70745553       1.77329851
   1032.94273305       1.77255888
   1034.15121793       1.77171426
   1035.40408293       1.77075744
   1036.61579863       1.76967995
   1037.85409995       1.76847426
   1039.06613702       1.76713483
   1040.29737745       1.76565748
   1041.55352430       1.76403931
   1042.84227083       1.76227896
   1044.08021911       1.76037838
   1045.35500737       1.75834184
   1046.58244938       1.75617579
   1047.81561383       1.75388864
   1049.03730174       1.75148945
   1050.28806832       1.74898841
   1051.56246574       1.74639706
   1052.82730117       1.74372932
   1054.10884786       1.74100128
   1055.31200730       1.73823100
   1056.54242159       1.73543674
   1057.81667061       1.73263618
   1059.03423871       1.72984601
   1060.26358064       1.72708335
   1061.47978902       1.72436380
   1062.73055041       1.72170184
   1063.98779420       1.71911101
   1065.24109401       1.71660305
   1066.46231639       1.71418759
   1067.69738123       1.71187284
   1068.97052101       1.70966594
   1070.25107142       1.70757282
   1071.59816010       1.70559705
   1072.89764637       1.70373934
   1074.16326540       1.70199859
   1075.44348498       1.70037248
   1077.33460026       1.69885673
   1078.97347628       1.69744677
   1080.21331786       1.69613730
   1081.53697327       1.69492216
   1082.80381071       1.69379236
   1084.10941783       1.69273836
   1085.27636823       1.69175068
   1086.56361845       1.69082242
   1088.23647655       1.68994749
   1089.84637030       1.68911946
   1091.26594372       1.68833315
   1092.66662949       1.68758417
   1094.11554861       1.68686912
   1095.53761225       1.68618553
   1096.99927831       1.68553195
   1098.25418124       1.68490745
   1099.65848583       1.68431150
   1100.91132957       1.68374553
   1102.14568974       1.68321246
   1103.35304507       1.68271631
   1104.57027289       1.68226073
   1105.82242235       1.68184959
   1107.06348564       1.68148571
   1108.32498157       1.68117029
   1109.54221317       1.68090429
   1110.78617360       1.68068860
   1111.94670397       1.68052360
   1113.14717139       1.68041042
   1114.30112719       1.68034966
   1115.52723075       1.68034066
   1116.76628590       1.68038267
   1118.00356211       1.68047462
   1119.22578785       1.68061513
   1120.41996096       1.68080257
   1121.60456926       1.68103346
   1122.78866098       1.68130302
   1124.01271244       1.68160693
   1125.24492599       1.68194076
   1126.46143070       1.68230018
   1127.69599694       1.68268039
   1128.89441462       1.68307560
   1130.12357364       1.68347852
   1131.35411933       1.68387928
   1132.57690795       1.68426864
   1133.78929760       1.68463769
   1135.02110186       1.68497759
   1136.30475736       1.68527774
   1137.52886553       1.68552655
   1138.75980443       1.68571314
   1140.01047933       1.68582658
   1141.22427642       1.68585720
   1142.43240496       1.68579685
   1143.67747746       1.68563787
   1144.90061676       1.68537365
   1146.13657769       1.68499877
   1147.36327533       1.68450926
   1148.61710494       1.68390317
   1149.87276027       1.68317929
   1151.11053793       1.68233771
   1152.32172713       1.68138074
   1153.54498979       1.68031213
   1154.77993601       1.67913689
   1155.99476152       1.67786226
   1157.24635045       1.67649753
   1158.45579381       1.67505462
   1159.66652787       1.67354745
   1160.88390315       1.67198993
   1162.13544861       1.67039729
   1163.38659234       1.66878607
   1164.64642135       1.66717271
   1165.95721922       1.66557413
   1167.26356410       1.66400700
   1168.48363896       1.66248577
   1169.69986719       1.66102429
   1170.91695654       1.65963587
   1172.12061884       1.65833227
   1173.31959185       1.65712231
   1174.53929618       1.65601137
   1175.76147182       1.65500226
   1177.00730145       1.65409498
   1178.19760100       1.65328700
   1179.44968571       1.65257492
   1180.73051496       1.65195319
   1181.98242008       1.65141388
   1183.54058973       1.65094742
   1184.98144838       1.65054374
   1186.18467966       1.65019230
   1187.76709738       1.64988259
   1189.46494036       1.64960402
   1190.68098285       1.64934451
   1191.90733076       1.64909161
   1193.13914589       1.64883362
   1194.35433768       1.64855916
   1195.58657249       1.64825806
   1196.85953126       1.64792222
   1198.05597151       1.64754336
   1199.32012969       1.64711432
   1200.55914466       1.64662929
   1201.72818685       1.64608354
   1202.90697488       1.64547312
   1204.11550891       1.64479647
   1205.28055986       1.64405516
   1206.48621755       1.64325285
   1207.71919343       1.64239409
   1208.91439826       1.64148408
   1210.13459317       1.64052972
   1211.36854737       1.63953899
   1212.60364340       1.63852064
   1213.79392357       1.63748477
   1214.97570562       1.63644075
   1216.14351665       1.63539703
   1217.32507940       1.63436394
   1218.51477541       1.63335199
   1219.70404891       1.63237132
   1220.93032592       1.63143167
   1222.10470490       1.63054274
   1223.25382489       1.62971549
   1224.45563879       1.62896080
   1225.60866921       1.62828934
   1226.86094107       1.62771078
   1228.04164745       1.62723394
   1229.28200465       1.62686764
   1230.48597558       1.62662119
   1231.68534510       1.62650252
   1232.89140358       1.62651834
   1234.13825784       1.62667416
   1235.32372157       1.62697236
   1236.53007401       1.62741324
   1237.72554020       1.62799707
   1238.93299809       1.62872219
   1240.16518659       1.62958492
   1241.35786718       1.63058033
   1242.56267983       1.63170191
   1243.76269165       1.63294055
   1244.91969393       1.63428594
   1246.18502042       1.63572778
   1247.44610847       1.63725566
   1248.72521079       1.63885872
   1249.92932680       1.64052683
   1251.10081810       1.64224968
   1252.49299960       1.64401542
   1254.24002590       1.64581237
   1256.02757623       1.64762832
   1257.41548245       1.64945155
   1258.75536325       1.65127086
   1259.89352468       1.65307520
   1261.09460744       1.65485320
   1262.21681144       1.65659279
   1263.39568548       1.65828436
   1264.59647759       1.65992013
   1265.78633051       1.66149223
   1266.95277615       1.66299342
   1268.18696523       1.66441761
   1269.65248785       1.66575910
   1271.16105876       1.66701379
   1272.41759079       1.66817756
   1273.56782568       1.66924593
   1274.72069635       1.67021485
   1275.90334234       1.67108188
   1277.05371807       1.67184535
   1278.22194264       1.67250328
   1279.38834055       1.67305226
   1280.65820557       1.67348924
   1281.88764438       1.67381079
   1283.10589967       1.67401377
   1284.34096499       1.67409671
   1285.66402159       1.67405940
   1286.82159574       1.67390163
   1287.98516126       1.67362482
   1289.18897669       1.67323261
   1290.38419003       1.67272963
   1291.65478761       1.67212159
   1293.35781046       1.67141589
   1294.52485916       1.67062185
   1295.76081961       1.66974980
   1296.91268314       1.66881016
   1298.28435214       1.66781477
   1299.44264230       1.66677554
   1300.59040447       1.66570494
   1301.73636548       1.66461693
   1302.92328346       1.66352473
   1304.07187411       1.66244199
   1305.24264514       1.66138239
   1306.39132512       1.66035842
   1307.57455196       1.65938225
   1308.73779279       1.65846688
   1309.89165926       1.65762651
   1311.10729295       1.65687253
   1312.30582925       1.65621477
   1313.50637843       1.65566141
   1314.74017099       1.65521962
   1316.01148978       1.65489472
   1317.16656096       1.65469140
   1318.36158478       1.65461192
   1319.60279647       1.65465612
   1320.82045248       1.65482219
   1322.01995718       1.65510618
   1323.58539709       1.65550144
   1324.73597368       1.65599896
   1325.88898803       1.65658883
   1327.01354188       1.65726048
   1328.19499735       1.65800318
   1329.34131472       1.65880611
   1330.49638070       1.65965787
   1331.64280488       1.66054653
   1332.81823733       1.66146013
   1334.03342250       1.66238675
   1335.20069144       1.66331399
   1336.32036080       1.66422812
   1337.44961718       1.66511553
   1338.60708263       1.66596311
   1339.82149649       1.66675781
   1341.02923512       1.66748796
   1342.24075609       1.66814191
   1343.44265648       1.66870989
   1344.68071252       1.66918294
   1345.89213519       1.66955421
   1347.09339235       1.66981919
   1348.31812863       1.66997450
   1349.49879577       1.67001917
   1350.70027081       1.66995502
   1351.88244702       1.66978556
   1353.12215910       1.66951880
   1354.30620262       1.66916513
   1355.57622171       1.66873592
   1356.77956359       1.66824187
   1358.00829348       1.66769557
   1359.18149092       1.66711064
   1360.41411753       1.66650270
   1361.61363593       1.66588736
   1362.82036836       1.66528138
   1364.06969299       1.66470032
   1365.34117152       1.66415938
   1366.51279988       1.66367303
   1367.69853772       1.66325463
   1368.94561554       1.66291640
   1370.18150793       1.66267055
   1371.42975405       1.66252879
   1372.65183470       1.66250056
   1373.85023205       1.66259366
   1375.02010936       1.66281281
   1376.20531363       1.66315977
   1377.40901989       1.66363382
   1378.60548235       1.66423212
   1379.82489555       1.66494775
   1381.05759684       1.66577079
   1382.28219984       1.66668872
   1383.57905505       1.66768708
   1384.75862856       1.66874931
   1385.96251867       1.66985714
   1387.18490274       1.67099194
   1388.43866476       1.67213296
   1389.99252132       1.67326067
   1391.33564663       1.67435600
   1392.66739276       1.67540149
   1393.90860588       1.67638070
   1395.07742641       1.67727816
   1396.27928049       1.67808101
   1397.49644970       1.67877868
   1398.72560542       1.67936252
   1399.89762321       1.67982714
   1401.09677581       1.68016747
   1402.30091120       1.68038017
   1403.50083606       1.68046475
   1404.68418578       1.68042442
   1405.88567688       1.68026607
   1407.10565202       1.67999975
   1408.35352430       1.67963737
   1409.55384143       1.67919480
   1410.79246129       1.67868861
   1411.99419154       1.67813827
   1413.24271840       1.67756347
   1414.41204227       1.67698579
   1415.56622540       1.67642860
   1416.76956160       1.67591768
   1417.91928181       1.67547815
   1419.14662552       1.67513358
   1420.34044180       1.67490680
   1421.57325368       1.67481910
   1422.77109855       1.67489007
   1423.97536581       1.67513772
   1425.17876770       1.67557683
   1426.39866297       1.67621757
   1427.60557120       1.67706789
   1428.80582216       1.67813319
   1430.00272794       1.67941515
   1431.26619421       1.68091226
   1432.48572036       1.68261964
   1433.68712592       1.68452901
   1434.90330075       1.68662832
   1436.11841409       1.68890363
   1437.30396856       1.69133708
   1438.50771736       1.69390807
   1439.79516608       1.69659310
   1441.00168204       1.69936663
   1442.19838649       1.70220144
   1443.38266773       1.70506795
   1444.59940025       1.70793554
   1445.80418738       1.71077305
   1447.00230968       1.71354871
   1448.20511986       1.71623264
   1449.41098786       1.71879687
   1450.60682080       1.72121359
   1451.81468089       1.72345679
   1453.02648354       1.72550134
   1454.21934987       1.72732448
   1455.41395826       1.72890705
   1456.60471671       1.73023143
   1457.81746838       1.73128462
   1459.05554096       1.73205589
   1460.27595610       1.73254021
   1461.54377706       1.73273635
   1462.72643675       1.73264685
   1463.91074021       1.73227551
   1465.12714615       1.73162968
   1466.38250846       1.73072111
   1467.60264807       1.72956514
   1468.83245080       1.72817987
   1470.00697535       1.72658660
   1471.25722536       1.72480840
   1472.43914683       1.72287099
   1473.60833507       1.72080328
   1474.81001569       1.71863477
   1476.05876846       1.71639430
   1477.27686495       1.71411058
   1478.45962436       1.71181124
   1479.66356457       1.70952335
   1480.91652598       1.70727223
   1482.15209795       1.70508224
   1483.35208188       1.70297543
   1484.55984602       1.70097314
   1485.77306653       1.69909439
   1487.04000085       1.69735575
   1488.23979290       1.69577074
   1489.51205976       1.69434965
   1490.74791103       1.69310058
   1491.93831266       1.69202863
   1493.16325690       1.69113574
   1494.38215872       1.69042177
   1495.59777445       1.68988147
   1496.80065694       1.68950582
   1497.98403454       1.68928470
   1499.15729909       1.68920614
   1500.38546373       1.68925811
   1501.58782729       1.68942750
   1502.75792767       1.68969990
   1503.93891525       1.69006102
   1505.11586810       1.69049608
   1506.34192724       1.69099109
   1507.54517742       1.69153153
   1508.74516702       1.69210383
   1509.94929249       1.69269534
   1511.16738520       1.69329602
   1512.37179424       1.69389751
   1513.57189018       1.69449249
   1514.77982542       1.69507490
   1516.02730826       1.69564122
   1517.25822400       1.69618843
   1518.45281632       1.69671486
   1519.72445838       1.69721899
   1520.90689311       1.69769842
   1522.14196552       1.69815097
   1523.36336607       1.69857551
   1524.57811454       1.69897192
   1525.73670340       1.69934066
   1526.94030285       1.69968147
   1528.13394380       1.69999552
   1529.34131898       1.70028395
   1530.54230438       1.70054893
   1531.74160208       1.70079128
   1532.98916810       1.70101123
   1534.18137654       1.70120798
   1535.37601660       1.70138025
   1536.65107237       1.70152636
   1537.85753304       1.70164395
   1539.05643562       1.70172987
   1540.25992448       1.70178111
   1541.54559191       1.70179267
   1542.81656994       1.70176166
   1544.01932104       1.70168635
   1545.29944231       1.70156544
   1546.46584542       1.70139849
   1547.70102180       1.70118460
   1548.90248502       1.70092420
   1550.07098040       1.70061858
   1551.27176541       1.70026965
   1552.47262888       1.69987985
   1553.66415912       1.69945289
   1554.87573728       1.69899386
   1556.06424372       1.69850834
   1557.31132578       1.69800251
   1558.50424504       1.69748338
   1559.68748511       1.69695848
   1560.89925563       1.69643633
   1562.08688914       1.69592651
   1563.28394427       1.69543765
   1564.47234059       1.69497911
   1565.69076176       1.69455963
   1566.89005567       1.69418874
   1568.12577556       1.69387649
   1569.32768352       1.69363335
   1570.49828062       1.69346925
   1571.71820661       1.69339221
   1572.93940630       1.69340987
   1574.15760960       1.69353071
   1575.34173724       1.69376191
   1576.53309167       1.69410932
   1577.74935157       1.69457592
   1578.93446037       1.69516345
   1580.18673743       1.69587206
   1581.43931461       1.69670037
   1582.63885145       1.69764524
   1583.83946963       1.69870285
   1585.04599079       1.69986778
   1586.29842524       1.70113401
   1587.49909447       1.70249333
   1588.68113267       1.70393880
   1589.88234919       1.70546217
   1591.08602520       1.70705398
   1592.31940942       1.70870402
   1593.53432945       1.71040153
   1594.75650226       1.71213601
   1595.95652778       1.71389553
   1597.19262482       1.71566823
   1598.36057385       1.71744322
   1599.54266499       1.71921051
   1600.81316095       1.72096019
   1601.96755534       1.72268278
   1603.16650519       1.72437047
   1604.35239758       1.72601703
   1605.57334962       1.72761732
   1606.82166947       1.72916850
   1608.02241621       1.73067016
   1609.32464034       1.73212283
   1610.52587481       1.73352957
   1611.73405108       1.73489506
   1612.96304233       1.73622684
   1614.21616821       1.73753280
   1615.44905524       1.73882246
   1616.63597747       1.74010548
   1617.84217489       1.74139154
   1619.05672392       1.74269219
   1620.27373906       1.74401829
   1621.44943144       1.74537904
   1622.63306284       1.74678246
   1623.84587595       1.74823551
   1625.05178176       1.74974476
   1626.25541477       1.75131508
   1627.45420156       1.75294939
   1628.74046827       1.75464953
   1629.98748937       1.75641631
   1631.24681409       1.75824803
   1632.47007912       1.76014115
   1633.65066025       1.76208926
   1634.82518479       1.76408538
   1636.04025370       1.76611889
   1637.29577481       1.76817642
   1638.47640320       1.77024282
   1639.67609978       1.77230139
   1640.89870409       1.77433374
   1642.08133732       1.77632032
   1643.30624846       1.77824215
   1644.62841324       1.78008017
   1645.92138590       1.78181493
   1647.15448891       1.78342619
   1648.39781273       1.78489485
   1649.58606490       1.78620415
   1650.78096820       1.78733943
   1651.96466671       1.78828874
   1653.18831219       1.78904373
   1654.33731733       1.78959975
   1655.54077736       1.78995418
   1656.74781509       1.79010859
   1658.02730117       1.79006778
   1659.22812400       1.78983987
   1660.43165775       1.78943425
   1661.65007751       1.78886337
   1662.87478969       1.78814023
   1664.12243369       1.78727933
   1665.31936877       1.78629705
   1666.49067055       1.78521007
   1667.69268484       1.78403675
   1668.89340180       1.78279651
   1670.05157807       1.78150938
   1671.19987003       1.78019523
   1672.43432898       1.77887343
   1673.60191552       1.77756345
   1674.78556062       1.77628479
   1675.95782842       1.77505539
   1677.15647296       1.77389165
   1678.33618825       1.77280770
   1679.50837429       1.77181521
   1680.70598569       1.77092464
   1681.89478231       1.77014302
   1683.14561317       1.76947566
   1684.31401072       1.76892644
   1685.49987381       1.76849734
   1686.70251999       1.76818806
   1687.90335511       1.76799609
   1689.12842269       1.76791677
   1690.37166994       1.76794251
   1691.57705399       1.76806371
   1692.77514840       1.76826888
   1693.97994357       1.76854742
   1695.20422992       1.76888896
   1696.38890863       1.76928291
   1697.54417169       1.76971905
   1698.72276594       1.77018790
   1699.92531996       1.77067964
   1701.12833526       1.77118382
   1702.35030247       1.77169101
   1703.55266319       1.77219137
   1704.78852960       1.77267476
   1706.01189292       1.77313010
   1707.22969923       1.77354748
   1708.44148439       1.77391665
   1709.66367941       1.77422995
   1710.91227480       1.77448188
   1712.11383916       1.77466885
   1713.34668034       1.77478864
   1714.63053434       1.77484040
   1715.96571497       1.77482530
   1717.20407963       1.77474592
   1718.41766121       1.77460747
   1719.62031779       1.77441789
   1720.85355266       1.77418627
   1722.05608825       1.77392265
   1723.27320547       1.77363867
   1724.47580439       1.77334648
   1725.65653440       1.77306047
   1726.88133779       1.77279656
   1728.11490585       1.77257084
   1729.31548386       1.77239995
   1730.51835359       1.77229978
   1731.81894058       1.77228483
   1732.98214833       1.77236779
   1734.20832042       1.77256009
   1735.39515426       1.77287242
   1736.59613778       1.77331418
   1737.84136955       1.77389422
   1739.07475424       1.77462037
   1740.27603172       1.77550018
   1741.47921243       1.77653920
   1742.69978921       1.77774129
   1743.94695068       1.77910850
   1745.20009405       1.78063998
   1746.38041713       1.78233151
   1747.60221610       1.78417734
   1748.80762094       1.78616939
   1749.98766518       1.78829701
   1751.18784950       1.79054725
   1752.39140405       1.79290580
   1753.61135887       1.79535766
   1754.86217271       1.79788644
   1756.02415118       1.80047564
   1757.22821001       1.80310691
   1758.42927009       1.80576061
   1759.65136208       1.80841584
   1760.88592879       1.81105294
   1762.08631680       1.81365279
   1763.30244390       1.81619647
   1764.52146719       1.81866707
   1765.71131444       1.82104817
   1766.95897215       1.82332368
   1768.16013952       1.82547892
   1769.40857090       1.82750112
   1770.62352213       1.82937912
   1771.89736894       1.83110468
   1773.09548462       1.83266961
   1774.29705749       1.83406605
   1775.49955716       1.83528676
   1776.69858499       1.83632554
   1777.90342411       1.83717780
   1779.11834981       1.83784112
   1780.32186655       1.83831627
   1781.52264353       1.83860657
   1782.77695049       1.83871663
   1783.99011428       1.83865313
   1785.21013479       1.83842474
   1786.41449326       1.83804152
   1787.63182695       1.83751428
   1788.84713547       1.83685475
   1790.01936783       1.83607518
   1791.25182146       1.83518782
   1792.47933200       1.83420588
   1793.70151237       1.83314416
   1794.92419088       1.83201668
   1796.12369652       1.83083743
   1797.30447379       1.82961976
   1798.50479753       1.82837695
   1799.71703594       1.82712099
   1800.99720258       1.82586327
   1802.26519793       1.82461419
   1803.53632248       1.82338388
   1804.70777643       1.82218238
   1805.93748369       1.82101967
   1807.08474724       1.81990616
   1808.35842108       1.81885122
   1809.61149356       1.81786344
   1810.79371987       1.81695117
   1812.06838762       1.81612139
   1813.26612284       1.81538071
   1814.50097643       1.81473502
   1815.72013819       1.81418980
   1816.92254807       1.81374915
   1818.14479224       1.81341598
   1819.34546855       1.81318997
   1820.54518309       1.81307039
   1821.72969261       1.81305695
   1822.90000945       1.81314983
   1824.09971265       1.81334886
   1825.30346097       1.81365426
   1826.45758786       1.81406586
   1827.70491899       1.81458246
   1828.90821171       1.81520167
   1830.11047366       1.81592073
   1831.34393586       1.81673637
   1832.56723066       1.81764329
   1833.81659121       1.81863591
   1835.01393226       1.81970825
   1836.19681031       1.82085380
   1837.43673412       1.82206556
   1838.62543670       1.82333649
   1839.84657022       1.82465911
   1841.04857931       1.82602378
   1842.23101830       1.82742022
   1843.40472853       1.82883731
   1844.61802796       1.83026439
   1845.84041203       1.83169092
   1847.04001834       1.83310796
   1848.25829017       1.83450703
   1849.46016787       1.83588075
   1850.71291992       1.83722180
   1851.93352742       1.83852324
   1853.16546449       1.83977849
   1854.40053406       1.84098151
   1855.60186022       1.84212641
   1856.83342675       1.84320808
   1858.05718472       1.84422233
   1859.25200815       1.84516599
   1860.45534718       1.84603648
   1861.67592964       1.84683227
   1862.87934713       1.84755185
   1864.12377025       1.84819554
   1865.34212054       1.84876511
   1866.56068066       1.84926540
   1867.73041146       1.84970324
   1868.93166578       1.85008598
   1870.11853366       1.85042130
   1871.31865890       1.85071783
   1872.53890107       1.85098368
   1873.78535692       1.85122780
   1874.99286916       1.85145874
   1876.19901601       1.85168523
   1877.39618220       1.85191624
   1878.59489858       1.85216019
   1879.78141152       1.85242734
   1881.04971785       1.85272747
   1882.25022260       1.85307001
   1883.48245269       1.85346400
   1884.70056383       1.85391753
   1885.88745581       1.85443729
   1887.10919995       1.85502820
   1888.31164338       1.85569538
   1889.56037299       1.85644381
   1890.76379379       1.85727890
   1891.96403199       1.85820484
   1893.20285177       1.85922435
   1894.44989319       1.86033791
   1895.69057603       1.86154380
   1896.92753370       1.86283833
   1898.19642938       1.86421552
   1899.39723425       1.86566762
   1900.63037696       1.86718571
   1901.86510105       1.86875903
   1903.07006068       1.87037628
   1904.32162599       1.87202601
   1905.55309895       1.87369593
   1906.75326673       1.87537305
   1907.95808033       1.87704426
   1909.18098805       1.87869667
   1910.41064285       1.88031927
   1911.62768730       1.88190068
   1912.87519094       1.88342998
   1914.05307248       1.88489643
   1915.25153175       1.88628934
   1916.55009216       1.88759846
   1917.75210031       1.88881416
   1918.91699718       1.88992778
   1920.13342534       1.89093260
   1921.33809715       1.89182277
   1922.59338006       1.89259458
   1923.81226676       1.89324701
   1925.01064380       1.89378127
   1926.26193262       1.89420140
   1927.47812589       1.89451229
   1928.69494158       1.89472095
   1929.91479715       1.89483566
   1931.11610441       1.89486608
   1932.31785735       1.89482309
   1933.56950961       1.89471939
   1934.73914731       1.89457020
   1935.95583965       1.89439094
   1937.17369463       1.89419628
   1938.37457843       1.89399872
   1939.57777190       1.89381007
   1940.76165283       1.89364142
   1941.96328620       1.89350245
   1943.16318222       1.89340194
   1944.36630338       1.89334712
   1945.58090440       1.89334467
   1946.78585175       1.89340066
   1947.98530682       1.89351966
   1949.21795281       1.89370559
   1950.43846107       1.89396153
   1951.63677099       1.89428812
   1952.81787105       1.89468472
   1954.00290234       1.89514971
   1955.24611226       1.89568049
   1956.41067452       1.89627312
   1957.63431149       1.89692122
   1958.89772104       1.89761853
   1960.10203320       1.89835792
   1961.30308571       1.89913067
   1962.53656587       1.89992644
   1963.75602586       1.90073462
   1964.93872479       1.90154521
   1966.19566516       1.90234820
   1967.40969337       1.90313431
   1968.61297852       1.90389522
   1969.82651804       1.90462439
   1971.04823572       1.90531597
   1972.22399380       1.90596500
   1973.41849396       1.90656741
   1974.60031618       1.90712024
   1975.75335747       1.90762108
   1977.00272227       1.90806834
   1978.20320292       1.90846167
   1979.44182279       1.90880159
   1980.70778589       1.90908915
   1981.90718472       1.90932394
   1983.07500331       1.90950583
   1984.26242320       1.90963550
   1985.44659527       1.90971559
   1986.66433446       1.90974879
   1987.89975424       1.90973837
   1989.12924693       1.90968865
   1990.30541099       1.90960478
   1991.55092160       1.90949304
   1992.74187005       1.90936073
   1993.88340123       1.90921523
   1995.12645377       1.90906424
   1996.40725797       1.90891597
   1997.58736365       1.90877797
   1998.81220202       1.90865884
   2000.04333800       1.90856668
   2001.28999471       1.90850957
   2002.52364548       1.90849468
   2003.77909097       1.90852926
   2005.02428635       1.90862065
   2006.23248247       1.90877422
   2007.44654375       1.90899331
   2008.64947681       1.90928015
   2009.88462247       1.90963802
   2011.11758654       1.91006948
   2012.38658667       1.91057619
   2013.65308902       1.91115967
   2014.91197280       1.91182079
   2016.13832590       1.91256013
   2017.36084277       1.91337702
   2018.59390797       1.91426949
   2019.81481559       1.91523466
   2021.01351778       1.91626805
   2022.20285271       1.91736410
   2023.40290281       1.91851648
   2024.60294676       1.91971843
   2025.77567820       1.92096220
   2026.99260308       1.92223961
   2028.20891213       1.92354162
   2029.42562338       1.92486009
   2030.71168450       1.92618640
   2031.96049445       1.92751192
   2033.20942776       1.92882753
   2034.41621689       1.93012579
   2035.61654016       1.93139945
   2036.84989461       1.93264201
   2038.15157334       1.93384781
   2039.32090430       1.93501160
   2040.54252651       1.93612757
   2041.77810556       1.93719008
   2043.00688697       1.93819457
   2044.24452899       1.93913596
   2045.43775309       1.94000962
   2046.67104656       1.94081058
   2047.84163752       1.94153518
   2049.06515445       1.94217993
   2050.29499594       1.94274201
   2051.49736942       1.94321863
   2052.72041278       1.94360674
   2053.93773891       1.94390284
   2055.22166002       1.94410486
   2056.42003516       1.94421256
   2057.62185757       1.94422522
   2058.79316124       1.94414351
   2059.97595799       1.94396916
   2061.17391298       1.94370464
   2062.34161862       1.94335302
   2063.49727206       1.94291788
   2064.73055466       1.94240328
   2065.92988402       1.94181438
   2067.15054162       1.94115713
   2068.38160718       1.94043842
   2069.56176437       1.93966599
   2070.79336163       1.93884831
   2072.02847137       1.93799479
   2073.23014585       1.93711551
   2074.43234872       1.93622092
   2075.63229484       1.93532229
   2076.83406195       1.93443032
   2078.05526968       1.93355614
   2079.32384351       1.93271175
   2080.54028678       1.93190999
   2081.73998620       1.93116227
   2082.89156852       1.93048060
   2084.05983043       1.92987560
   2085.23152731       1.92935622
   2086.46492240       1.92893031
   2087.65768333       1.92860540
   2088.85675747       1.92838817
   2090.02803042       1.92828384
   2091.22940526       1.92829695
   2092.46264155       1.92843195
   2093.76764420       1.92869292
   2095.01181400       1.92908160
   2096.18788258       1.92959816
   2097.39415893       1.93024133
   2098.61366665       1.93100765
   2099.86025011       1.93189192
   2101.07354387       1.93288960
   2102.25840785       1.93399518
   2103.51108286       1.93520132
   2104.69185682       1.93650079
   2105.92141142       1.93788519
   2107.17107870       1.93934566
   2108.38207176       1.94087259
   2109.65667571       1.94245593
   2110.90635575       1.94408521
   2112.10412783       1.94575020
   2113.30366089       1.94744059
   2114.50550598       1.94914590
   2115.66191230       1.95085664
   2116.86076432       1.95256422
   2118.06852657       1.95426136
   2119.24662504       1.95594080
   2120.43548405       1.95759553
   2121.62222290       1.95921980
   2122.82614231       1.96080825
   2124.07292143       1.96235741
   2125.30751319       1.96386638
   2126.57341201       1.96533505
   2127.77922850       1.96676373
   2128.98454686       1.96815453
   2130.18080704       1.96950985
   2131.38293429       1.97083348
   2132.58362903       1.97213102
   2133.78299336       1.97340896
   2134.93310301       1.97467401
   2136.09039360       1.97593303
   2137.35744466       1.97719314
   2138.57941140       1.97846152
   2139.78086281       1.97974348
   2140.98471085       1.98104228
   2142.18468722       1.98236031
   2143.41970480       1.98369863
   2144.63699028       1.98505658
   2145.86961548       1.98643313
   2147.06774486       1.98782652
   2148.32413984       1.98923245
   2149.54473458       1.99064544
   2150.76298561       1.99205962
   2152.03367110       1.99346770
   2153.21460811       1.99486148
   2154.43715097       1.99623055
   2155.72207970       1.99756408
   2156.92549152       1.99885109
   2158.16132909       2.00008014
   2159.36342184       2.00123938
   2160.60476539       2.00231694
   2161.76840653       2.00330117
   2162.98980661       2.00418019
   2164.16195578       2.00494171
   2165.37780829       2.00557261
   2166.57563142       2.00606091
   2167.75113003       2.00639688
   2168.97446547       2.00657144
   2170.15287304       2.00657761
   2171.37482797       2.00641057
   2172.54277936       2.00606621
   2173.77785366       2.00554246
   2174.95259183       2.00483974
   2176.17944874       2.00396015
   2177.45482967       2.00290690
   2178.65396194       2.00168474
   2179.80328799       2.00029923
   2181.00631558       1.99875690
   2182.20615536       1.99706569
   2183.35846693       1.99523554
   2184.58788117       1.99327763
   2185.76017780       1.99120378
   2186.99184878       1.98902745
   2188.19358990       1.98676369
   2189.43066715       1.98442940
   2190.66354425       1.98204355
   2191.89561270       1.97962772
   2193.09822438       1.97720404
   2194.26874208       1.97479647
   2195.45062055       1.97243111
   2196.61777936       1.97013530
   2197.82187648       1.96793658
   2199.00700040       1.96586252
   2200.20446670       1.96394007
   2201.42458741       1.96219655
   2202.62548821       1.96065752
   2203.82031637       1.95934591
   2205.07316719       1.95828246
   2206.30676267       1.95748547
   2207.50529614       1.95697021
   2208.72637437       1.95674878
   2209.92952105       1.95682952
   2211.15567187       1.95721760
   2212.36793485       1.95791587
   2213.60083417       1.95892397
   2214.80196041       1.96023721
   2215.96941509       1.96184795
   2217.17076677       1.96374500
   2218.34506021       1.96591259
   2219.57740940       1.96833138
   2220.74492315       1.97097844
   2221.93761981       1.97382677
   2223.17060608       1.97684593
   2224.34195323       1.98000401
   2225.54115923       1.98326720
   2226.72951443       1.98660035
   2227.94600828       1.98996739
   2229.20869284       1.99333258
   2230.42502127       1.99666004
   2231.69381250       1.99991475
   2232.86388548       2.00306331
   2234.06588795       2.00607502
   2235.25128552       2.00892345
   2236.46776849       2.01158572
   2237.65533395       2.01404250
   2238.80314148       2.01627762
   2240.09249863       2.01828021
   2241.30567991       2.02004361
   2242.52982163       2.02156501
   2243.71170057       2.02284476
   2244.93679178       2.02388682
   2246.17204898       2.02469809
   2247.37331323       2.02528836
   2248.53970027       2.02567013
   2249.72012827       2.02585934
   2250.94987428       2.02587550
   2252.23061327       2.02574092
   2253.44679093       2.02547996
   2254.62951349       2.02511822
   2255.82806445       2.02468240
   2257.10036108       2.02420065
   2258.28795489       2.02370167
   2259.50364765       2.02321395
   2260.70442936       2.02276447
   2261.86286226       2.02237887
   2263.09401667       2.02208030
   2264.26813383       2.02188957
   2265.51242651       2.02182546
   2266.66472815       2.02190394
   2267.90108087       2.02213722
   2269.13672515       2.02253503
   2270.52106216       2.02310409
   2271.76359765       2.02384689
   2273.04852780       2.02476195
   2274.27030503       2.02584426
   2275.48380107       2.02708670
   2276.65334234       2.02847826
   2277.95402906       2.03000495
   2279.17189396       2.03164938
   2280.39762274       2.03339259
   2281.59971454       2.03521345
   2282.76927567       2.03708734
   2283.96313638       2.03898816
   2285.18030796       2.04088892
   2286.37993695       2.04276276
   2287.58462484       2.04458237
   2288.79038178       2.04632038
   2290.04011192       2.04795000
   2291.26080118       2.04944615
   2292.45745175       2.05078541
   2293.64486644       2.05194705
   2294.84306577       2.05291426
   2296.04578237       2.05367387
   2297.21732093       2.05421601
   2298.42000917       2.05453361
   2299.61980547       2.05462371
   2300.85921272       2.05448649
   2302.10477295       2.05412621
   2303.32612672       2.05355108
   2304.58228208       2.05277267
   2305.77766981       2.05180601
   2307.49824754       2.05066821
   2309.20335416       2.04937987
   2310.38779609       2.04796448
   2311.58567074       2.04644781
   2312.80811294       2.04485698
   2314.04038509       2.04322001
   2315.25804630       2.04156589
   2316.51244021       2.03992486
   2317.76385334       2.03832582
   2318.96259429       2.03679639
   2320.17893548       2.03536321
   2321.40057943       2.03405107
   2322.65458958       2.03288220
   2323.90104921       2.03187401
   2325.12285810       2.03104093
   2326.32983250       2.03039336
   2327.52775866       2.02993932
   2328.78492211       2.02968271
   2330.05508961       2.02962389
   2331.34779004       2.02976217
   2332.66106537       2.03009439
   2334.44462115       2.03061566
   2335.72869397       2.03131850
   2336.94759155       2.03219329
   2338.14940498       2.03322856
   2339.38568681       2.03441132
   2340.58427416       2.03572757
   2341.75847780       2.03716267
   2342.99086149       2.03870194
   2344.19666664       2.04032941
   2345.39429883       2.04202873
   2346.56912396       2.04378349
   2347.76948173       2.04557897
   2348.94908549       2.04739956
   2350.12134667       2.04923122
   2351.35093814       2.05106108
   2352.57575524       2.05287836
   2353.79334036       2.05467353
   2354.92978666       2.05643847
   2356.13302030       2.05816817
   2357.33012411       2.05985863
   2358.53914778       2.06150640
   2359.75112246       2.06310903
   2360.96790933       2.06466507
   2362.16950820       2.06617336
   2363.35287587       2.06763217
   2364.56113485       2.06903957
   2365.80632503       2.07039404
   2366.99015965       2.07169421
   2368.19270327       2.07293668
   2369.39283608       2.07411695
   2370.59382196       2.07522972
   2371.79539624       2.07627073
   2372.99413483       2.07723467
   2374.16641445       2.07811700
   2375.40300348       2.07891373
   2376.62141426       2.07962202
   2377.82013205       2.08024098
   2378.99850795       2.08076931
   2380.22511296       2.08120589
   2381.45198310       2.08154870
   2382.64807740       2.08179616
   2383.82770384       2.08194735
   2385.03040201       2.08200251
   2386.20460565       2.08196278
   2387.40550835       2.08182960
   2388.60433484       2.08160517
   2389.79089410       2.08129195
   2390.99422699       2.08089391
   2392.25529331       2.08041544
   2393.51117360       2.07986276
   2394.71199359       2.07924213
   2395.89484564       2.07856247
   2397.06452776       2.07783319
   2398.24529274       2.07706559
   2399.45578105       2.07627038
   2400.66862015       2.07545959
   2401.86924353       2.07464530
   2403.04664017       2.07383765
   2404.27975830       2.07304585
   2405.51592623       2.07227855
   2406.72108957       2.07154333
   2407.97047942       2.07084690
   2409.17565977       2.07019586
   2410.37453447       2.06959800
   2411.59359463       2.06905906
   2412.77932208       2.06858385
   2414.00064181       2.06817471
   2415.20525361       2.06783454
   2416.43551619       2.06756614
   2417.65236781       2.06737244
   2418.85885920       2.06725515
   2420.06044766       2.06721690
   2421.28819971       2.06726006
   2422.51158431       2.06738595
   2423.71245959       2.06759477
   2424.94607917       2.06788448
   2426.14557111       2.06825204
   2427.31783513       2.06869416
   2428.49414570       2.06920761
   2429.69777114       2.06978908
   2430.91745515       2.07043432
   2432.09980859       2.07113814
   2433.28673176       2.07189454
   2434.50144479       2.07269792
   2435.66350785       2.07354166
   2436.95469214       2.07441856
   2438.15873065       2.07532045
   2439.35773343       2.07624031
   2440.58132266       2.07717004
   2441.78142239       2.07810170
   2442.93348536       2.07902624
   2444.13308127       2.07993594
   2445.30597340       2.08082219
   2446.48732111       2.08167699
   2447.67168507       2.08249123
   2448.88995548       2.08325608
   2450.11334717       2.08396396
   2451.31352440       2.08460870
   2452.56794998       2.08518614
   2453.87126491       2.08569433
   2455.19823147       2.08613346
   2456.40029302       2.08650597
   2457.65230259       2.08681335
   2458.85483676       2.08706007
   2460.05700323       2.08725170
   2461.25972409       2.08739596
   2462.45816445       2.08750139
   2463.63146870       2.08757743
   2464.86359718       2.08763415
   2466.01219634       2.08768167
   2467.22962739       2.08773014
   2468.46718576       2.08778979
   2469.68439940       2.08787049
   2470.88636926       2.08798217
   2472.17048226       2.08813483
   2473.38716893       2.08833860
   2474.59153875       2.08860214
   2475.77547262       2.08893318
   2476.98117095       2.08933715
   2478.17809139       2.08981863
   2479.38029756       2.09038109
   2480.61522014       2.09102665
   2481.82148751       2.09175410
   2482.97356844       2.09256138
   2484.15809734       2.09344511
   2485.32647078       2.09440068
   2486.50635008       2.09542129
   2487.67974318       2.09649938
   2488.81780725       2.09762620
   2490.02529586       2.09879255
   2491.26095856       2.09998718
   2492.46380277       2.10119850
   2493.63492448       2.10241460
   2494.83532100       2.10362467
   2496.06819385       2.10481832
   2497.29446141       2.10598668
   2498.52465972       2.10712200
   2499.77446169       2.10821721
   2501.00234323       2.10926653
   2502.18665614       2.11026544
   2503.35762614       2.11120864
   2504.53713018       2.11209374
   2505.73960102       2.11291810
   2506.99354264       2.11367997
   2508.19812986       2.11437923
   2509.41021939       2.11501662
   2510.59601112       2.11559416
   2511.81651464       2.11611406
   2513.09985822       2.11658026
   2514.30536845       2.11699694
   2515.50327712       2.11736795
   2516.71946471       2.11769822
   2517.92726572       2.11799276
   2519.12345643       2.11825676
   2520.37614468       2.11849446
   2521.55554285       2.11871034
   2522.77862355       2.11890850
   2524.03485311       2.11909361
   2525.23264741       2.11927004
   2526.41612048       2.11944097
   2527.61903605       2.11960823
   2528.80550976       2.11977459
   2530.02408218       2.11994064
   2531.25450451       2.12010570
   2532.49408662       2.12026881
   2533.67395930       2.12042810
   2534.89318770       2.12058118
   2536.13444761       2.12072464
   2537.35369208       2.12085509
   2538.60324640       2.12096881
   2539.86969913       2.12106182
   2541.06466388       2.12113021
   2542.28532715       2.12116987
   2543.48488808       2.12117793
   2544.68918795       2.12115136
   2545.85459005       2.12108787
   2547.03529501       2.12098583
   2548.26875910       2.12084408
   2549.47184292       2.12066151
   2550.67126113       2.12043932
   2551.87509074       2.12017811
   2553.09207138       2.11987965
   2554.25745884       2.11954588
   2555.47380664       2.11917839
   2556.69474309       2.11877947
   2557.89949855       2.11835065
   2559.13262520       2.11789476
   2560.32021759       2.11741455
   2561.52488752       2.11691418
   2562.70720457       2.11640007
   2563.90838847       2.11587886
   2565.13555353       2.11535845
   2566.33762028       2.11484788
   2567.54004339       2.11435816
   2568.73951831       2.11390115
   2569.96334858       2.11348916
   2571.15392319       2.11313487
   2572.39156994       2.11285035
   2573.60631510       2.11264765
   2574.80530654       2.11253917
   2576.01141416       2.11253498
   2577.21274647       2.11264556
   2578.44661701       2.11288139
   2579.66348281       2.11325115
   2580.87359113       2.11376233
   2582.07683233       2.11441961
   2583.27489650       2.11522681
   2584.43398539       2.11618546
   2585.66149593       2.11729660
   2586.88246262       2.11855967
   2588.08620290       2.11997294
   2589.28622890       2.12153381
   2590.46943730       2.12323761
   2591.67207403       2.12507836
   2592.82793022       2.12704771
   2594.03058633       2.12913589
   2595.24308326       2.13133079
   2596.43032072       2.13361831
   2597.66259003       2.13598088
   2598.86299554       2.13839857
   2600.03117615       2.14084954
   2601.23175416       2.14331195
   2602.48813638       2.14576363
   2603.79787606       2.14818221
   2604.96728406       2.15054725
   2606.15089608       2.15283870
   2607.37129516       2.15503888
   2608.57744437       2.15713198
   2609.82348904       2.15910287
   2611.05783551       2.16093968
   2612.22427170       2.16263246
   2613.41260327       2.16417350
   2614.57924788       2.16555627
   2615.72950356       2.16677569
   2616.93248341       2.16782885
   2618.11716024       2.16871414
   2619.33370134       2.16943187
   2620.57238974       2.16998392
   2621.77260431       2.17037275
   2622.99289657       2.17060370
   2624.17073700       2.17068230
   2625.37207828       2.17061527
   2626.56705579       2.17041047
   2627.76737669       2.17007705
   2629.02188876       2.16962752
   2630.18791992       2.16907574
   2631.38811133       2.16843736
   2632.57512619       2.16772807
   2633.79857553       2.16696481
   2635.04592935       2.16616502
   2636.29409418       2.16534573
   2637.48530068       2.16452360
   2638.65143581       2.16371433
   2639.85655803       2.16293337
   2641.05360512       2.16219477
   2642.25736526       2.16151152
   2643.49486266       2.16089526
   2644.68980093       2.16035748
   2645.91545929       2.15990996
   2647.14923483       2.15956431
   2648.36500085       2.15933073
   2649.55206912       2.15921898
   2650.76856296       2.15923804
   2651.99997873       2.15939531
   2653.16807144       2.15969784
   2654.37330520       2.16015084
   2655.55827552       2.16075767
   2656.77194453       2.16152087
   2657.97393189       2.16243988
   2659.17538235       2.16351153
   2660.36185133       2.16472968
   2661.56622776       2.16608562
   2662.75060070       2.16756819
   2663.93333837       2.16916340
   2665.15212299       2.17085475
   2666.30546392       2.17262324
   2667.52812069       2.17444758
   2668.77866183       2.17630482
   2669.92940573       2.17816962
   2671.18807683       2.18001574
   2672.41586668       2.18181532
   2673.66300263       2.18353963
   2674.85475500       2.18515910
   2676.08563435       2.18664227
   2677.26688706       2.18795651
   2678.43974611       2.18910073
   2679.65518130       2.18998637
   2680.87485869       2.19058083
   2682.08112700       2.19085150
   2683.30019188       2.19076579
   2684.49753341       2.19029107
   2685.67119118       2.18939474
   2686.87305755       2.18804420
   2688.07717734       2.18620683
   2689.27132446       2.18385004
   2690.46089948       2.18094121
   2691.67526986       2.17744775
   2692.87902480       2.17333703
   2694.03401044       2.16857646
   2695.31351967       2.16313342
   2696.51728642       2.15697532
   2697.78566270       2.15006954
   2699.00892158       2.14238348
   2700.21251820       2.13388453
