      0.34239276        3.22753906
      1.65026845        3.18847656
      2.88252264        3.05664063
      4.19896166        3.15429688
      5.41733038        3.08105469
      6.70369775        3.30078125
      7.89304592        3.07617188
      9.06204936        2.99316406
     10.29690153        3.16406250
     11.58434079        3.18847656
     12.80042252        3.19335938
     14.01541864        2.94921875
     15.27010227        2.89550781
     16.47318752        3.21289063
     17.67456756        2.92480469
     18.90706940        3.09570313
     20.14068095        3.25195313
     21.38037176        2.76855469
     22.61213112        3.19335938
     23.81517619        2.88574219
     25.01792398        3.03710938
     26.26824678        3.07128906
     27.46979649        2.91015625
     28.67218179        3.22265625
     29.88033348        3.22753906
     31.12456661        2.96386719
     32.36992930        2.95898438
     33.58336153        3.02734375
     34.85404418        3.24218750
     36.07090998        3.01757813
     37.31201722        3.10058594
     38.51694378        3.21289063
     39.71631803        3.21777344
     40.96348139        3.02246094
     42.22354718        3.20312500
     43.45432964        3.08105469
     44.68729039        3.05175781
     45.92428210        3.23242188
     47.24573038        3.24218750
     48.42960518        3.15917969
     49.71650803        2.97363281
     50.96552546        2.89550781
     52.16824016        3.19824219
     53.36725098        3.19335938
     54.62311662        3.15917969
     55.84373594        2.94433594
     57.07165198        3.24707031
     58.24343347        3.27148438
     59.38810613        3.41308594
     60.62857724        3.02246094
     61.85006853        3.25195313
     63.01074730        2.99316406
     64.28222158        3.00292969
     65.61653827        3.06152344
     66.83836371        3.13964844
     68.01837722        3.08593750
     69.21937397        3.02246094
     70.46002845        3.31054688
     71.74563869        2.99804688
     72.94704237        3.01757813
     74.21770705        3.21777344
     75.41799062        3.22753906
     76.63357894        2.95898438
     77.85396242        3.17382813
     79.08366448        3.12011719
     80.30394399        2.99316406
     81.51501503        2.92480469
     82.75659206        3.19335938
     83.96055353        2.96875000
     85.19287861        3.29101563
     86.34962380        3.14941406
     87.53374199        3.30078125
     88.76356835        3.12011719
     89.99988232        3.17382813
     91.25318733        3.09570313
     92.43732490        3.04199219
     93.61722829        3.24707031
     94.87268985        3.06640625
     96.10950905        2.95410156
     97.26068728        2.91503906
     98.48106603        2.98339844
     99.62765847        3.17871094
    100.92415071        2.98339844
    102.26962540        3.15429688
    103.47843734        2.98339844
    104.70407868        3.08593750
    105.90876987        3.07617188
    107.18105469        2.97363281
    108.49825037        3.10546875
    109.80964894        3.13964844
    111.16810594        2.92968750
    112.46494650        3.22265625
    113.64997968        3.17871094
    114.85504802        3.13964844
    116.08622275        2.95410156
    117.28615092        2.97851563
    118.48507713        3.07128906
    119.67259816        2.91503906
    120.88969081        3.25195313
    122.07699113        3.19335938
    123.31344736        2.95410156
    124.51537138        2.90039063
    125.75121132        2.93457031
    127.00012288        2.88574219
    128.32874501        2.93945313
    129.57062121        2.94921875
    130.77291671        3.14941406
    131.97163213        3.19824219
    133.23546468        3.15917969
    134.39156332        2.88574219
    135.61872932        2.99316406
    136.86548197        3.14453125
    138.15408577        3.08105469
    139.36596404        2.89550781
    140.51776944        2.83203125
    141.74321417        2.99316406
    142.92461009        3.11523438
    144.13322920        3.02246094
    145.35211118        2.91503906
    146.58062934        2.87597656
    147.78497835        2.94921875
    148.98399909        3.03710938
    150.22062121        2.90527344
    151.43940535        2.97363281
    152.70189377        3.03222656
    153.91083993        3.31542969
    155.14059020        2.97851563
    156.39935346        3.10058594
    157.72018971        2.90039063
    158.97274467        2.97363281
    160.15585430        3.06152344
    161.38830368        3.17871094
    162.54321370        2.92480469
    163.74018659        2.93457031
    164.94094183        3.09082031
    166.12472257        2.87109375
    167.37890429        2.88574219
    168.59720164        3.00781250
    169.76506749        2.86132813
    171.05132238        2.96875000
    172.28641464        3.12500000
    173.53120687        2.89062500
    174.80280923        2.85644531
    175.97484026        2.81738281
    177.17327542        3.23730469
    178.42245354        2.93457031
    179.63836465        2.95410156
    180.85586375        3.04199219
    182.04101745        2.84667969
    183.24262482        2.81250000
    184.52678555        2.74902344
    185.71385665        2.79296875
    186.93068227        3.16406250
    188.14674462        2.83203125
    189.36779071        2.85156250
    190.58104051        2.87109375
    191.78524633        2.89062500
    192.95305736        3.09570313
    194.15470395        3.02246094
    195.38043178        2.98339844
    196.66798306        2.89062500
    197.86941178        2.97851563
    199.05453381        2.96386719
    200.28021627        2.70507813
    201.44200853        2.99804688
    202.64639204        3.11523438
    203.88069408        2.89062500
    205.06489688        2.89062500
    206.35691296        2.82226563
    207.60224068        2.70019531
    208.82406233        3.08105469
    210.06190899        3.08105469
    211.25781802        2.87597656
    212.49326947        3.09570313
    213.66299459        2.83203125
    214.80641341        2.98339844
    216.11816313        2.87597656
    217.32192374        2.78320313
    218.57442152        2.97363281
    219.78199614        2.70996094
    220.99630319        3.02246094
    222.19103730        3.07617188
    223.44670255        2.83203125
    224.79347695        2.72949219
    226.04575921        2.84179688
    227.26921281        2.74414063
    228.54694028        3.07128906
    229.73555022        2.80273438
    230.96522629        3.00292969
    232.16649196        2.73925781
    233.45497476        2.96875000
    234.64225618        2.74414063
    235.85231015        2.91503906
    237.03660226        2.80273438
    238.24280536        2.65136719
    239.43351986        3.01757813
    240.58836040        2.74414063
    241.84691381        3.05175781
    243.14037611        2.92968750
    244.36020474        2.99316406
    245.56816360        2.86132813
    246.86793249        2.97851563
    248.15718755        2.90527344
    249.47841276        2.90039063
    250.72486058        2.96875000
    251.87859425        2.85644531
    253.14169660        2.75390625
    254.33975414        2.79785156
    255.52368707        2.74902344
    256.74481634        2.85156250
    257.99572377        2.98339844
    259.25774666        3.04687500
    260.50799431        2.83203125
    261.72392952        2.70996094
    262.90677496        2.90039063
    264.23209398        2.84179688
    265.43197157        2.79785156
    266.64650642        2.79296875
    267.90086631        2.75878906
    269.14132654        2.83203125
    270.46696977        2.77343750
    271.73498261        2.74414063
    273.08010757        2.75390625
    274.38578984        2.80273438
    275.63441452        2.66113281
    276.83776159        2.85156250
    278.15559389        2.68066406
    279.39510038        2.85644531
    280.58943229        2.84667969
    281.86842165        2.91992188
    283.20099675        2.79785156
    284.40992542        2.68554688
    285.65800943        2.61718750
    286.96096092        2.68066406
    288.70769278        2.91015625
    290.01263777        2.87109375
    291.31326588        2.86132813
    292.58314602        2.84179688
    293.86203565        2.71972656
    295.13387621        2.84667969
    296.41882196        2.81738281
    298.23702289        2.91015625
    299.61859274        2.80273438
    300.96094060        2.68066406
    302.21212829        2.88574219
    303.79244664        2.83691406
    305.09228028        2.88574219
    306.36613419        3.02734375
    307.64888841        2.81250000
    308.92764287        2.76855469
    310.43204671        2.63183594
    311.71366902        2.75390625
    313.31570363        2.69531250
    314.77871382        2.91503906
    316.04190833        2.74902344
    317.98859009        2.91015625
    319.81686816        2.74902344
    321.14195087        2.64648438
    322.39254636        2.67578125
    323.61695559        2.75878906
    324.87937974        2.86621094
    326.16966794        2.77832031
    327.40927935        2.76367188
    328.68021721        2.64160156
    329.92919258        2.81250000
    331.16006295        2.69042969
    332.47067792        2.58300781
    333.76287171        2.57812500
    334.97768872        2.65625000
    336.21298703        2.78808594
    337.46755723        2.71972656
    338.68029378        2.61718750
    339.95867346        2.62695313
    341.21311275        2.62207031
    342.46504102        2.67089844
    343.69501011        2.64160156
    344.95560192        2.65625000
    346.16586905        2.59765625
    347.43788117        2.67089844
    348.68680644        2.50976563
    349.91601556        2.64648438
    351.15326625        2.62695313
    352.40054682        2.55859375
    353.66919249        2.57324219
    354.92352827        2.90039063
    356.13902868        2.57324219
    357.37572499        2.74902344
    358.67116330        2.65136719
    359.94180625        2.67578125
    361.13450621        2.52929688
    362.42364028        2.72949219
    363.62251593        2.50000000
    364.88222914        2.76855469
    366.10164045        2.69042969
    367.40636473        2.73437500
    368.63808770        2.66601563
    369.84446471        2.65625000
    371.12197903        2.65625000
    372.36945904        2.61718750
    373.60285602        2.59765625
    374.85352903        2.46093750
    376.06473288        2.72949219
    377.29329121        2.55859375
    378.58542356        2.71972656
    379.86055542        2.45117188
    381.11262501        2.65625000
    382.38898803        2.56347656
    383.62148090        2.46582031
    384.86720892        2.66601563
    386.08798561        2.62695313
    387.30254882        2.75390625
    388.53489328        2.69042969
    389.77444184        2.48535156
    391.04818043        2.71484375
    392.26021183        2.54394531
    393.50859548        2.71484375
    394.72144923        2.63671875
    395.93205428        2.54882813
    397.17024879        2.54882813
    398.41888765        2.43652344
    399.63256943        2.57324219
    400.87082160        2.68554688
    402.13715570        2.55859375
    403.39405874        2.71972656
    404.65677023        2.78808594
    405.86465064        2.75390625
    407.09354548        2.74414063
    408.37174225        2.43164063
    409.57161370        2.49023438
    410.80485850        2.62695313
    412.05874152        2.73437500
    413.29563302        2.68066406
    414.61529813        2.61230469
    415.82344840        2.50000000
    417.07588946        2.50488281
    418.28623551        2.71484375
    419.53794922        2.50976563
    420.73148997        2.60253906
    421.99141397        2.57812500
    423.22201212        2.52441406
    424.43946443        2.51464844
    425.65392792        2.66113281
    426.92378065        2.62207031
    428.15586423        2.31933594
    429.40589306        2.73925781
    430.61653449        2.54882813
    431.91021419        2.65136719
    433.12542157        2.55371094
    434.34502382        2.39746094
    435.58143515        2.53417969
    436.81958476        2.37792969
    438.10760251        2.51464844
    439.39304261        2.52929688
    440.63739673        2.28027344
    441.84869841        2.54394531
    443.06148647        2.60253906
    444.27718680        2.52929688
    445.49309885        2.53417969
    446.73066951        2.57812500
    447.94693130        2.57812500
    449.18024085        2.49511719
    450.37292238        2.42675781
    451.63492353        2.46093750
    452.86257207        2.46093750
    454.08988175        2.43164063
    455.30074295        2.49511719
    456.54124761        2.41699219
    457.75508252        2.50976563
    458.99254022        2.57324219
    460.21058661        2.29492188
    461.53723604        2.42187500
    462.77798127        2.31445313
    463.99423219        2.54882813
    465.22893359        2.50976563
    466.44782644        2.56347656
    467.63735325        2.38281250
    468.85430223        2.59765625
    470.10546959        2.60742188
    471.39334934        2.51464844
    472.60761716        2.45117188
    473.84288618        2.59277344
    475.05546392        2.51953125
    476.32910515        2.33886719
    477.54139743        2.26562500
    478.74859113        2.45605469
    479.96892877        2.36816406
    481.18289837        2.38769531
    482.41972891        2.54882813
    483.71407736        2.31445313
    484.92834329        2.58300781
    486.13945072        2.34863281
    487.39458854        2.45117188
    488.64735760        2.54394531
    489.87196486        2.38281250
    491.08048897        2.54882813
    492.31800669        2.35351563
    493.53420279        2.63183594
    494.79298259        2.42187500
    496.01073029        2.42187500
    497.27923512        2.45605469
    498.52288315        2.34863281
    499.75789648        2.44628906
    501.03693168        2.48535156
    502.29345804        2.44628906
    503.49979630        2.36328125
    504.71994726        2.52441406
    505.92650103        2.54394531
    507.13298958        2.46093750
    508.38978250        2.54394531
    509.62008242        2.33398438
    510.85460423        2.37304688
    512.10783126        2.37792969
    513.32389833        2.29492188
    514.56947180        2.50000000
    515.80486890        2.30468750
    517.06140377        2.26562500
    518.27291009        2.54882813
    519.51495926        2.47558594
    520.72354245        2.50976563
    521.91583880        2.39746094
    523.18815387        2.36328125
    524.42102104        2.32910156
    525.71521731        2.29003906
    526.96929315        2.47558594
    528.18629317        2.35839844
    529.45808552        2.48046875
    530.66698679        2.36328125
    531.89746488        2.35839844
    533.10943154        2.50976563
    534.34871212        2.44628906
    535.59432813        2.42187500
    536.86039615        2.43164063
    538.06794762        2.20703125
    539.34151842        2.60253906
    540.61502212        2.23144531
    541.89899522        2.29003906
    543.19148959        2.35351563
    544.40153222        2.42187500
    545.61256924        2.24609375
    546.82228293        2.34863281
    548.07169783        2.15820313
    549.32163781        2.37792969
    550.50930346        2.24121094
    551.70201240        2.20703125
    552.91296293        2.32910156
    554.17123986        2.42675781
    555.40375399        2.29003906
    556.68299147        2.23632813
    557.91129223        2.26562500
    559.10359472        2.26074219
    560.32778560        2.39746094
    561.58588625        2.42675781
    562.84100611        2.30468750
    564.05163005        2.35351563
    565.29992627        2.27539063
    566.55192780        2.49511719
    567.80507968        2.33886719
    569.03555542        2.24609375
    570.31051477        2.48046875
    571.57179471        2.09472656
    572.86865229        2.26074219
    574.16232537        2.37304688
    575.43476190        2.18750000
    576.69053302        2.33886719
    577.92070959        2.20214844
    579.17683990        2.13378906
    580.40948022        2.37304688
    581.66946424        2.39746094
    582.91721648        2.32910156
    584.17482891        2.31933594
    585.41827750        2.38281250
    586.65015076        2.18261719
    587.86985510        2.38769531
    589.12500992        2.22656250
    590.36994678        2.23144531
    591.60401677        2.32910156
    592.81286037        2.36328125
    594.00546817        2.35839844
    595.23065958        2.29003906
    596.41891459        2.10937500
    597.64966161        2.21191406
    598.92212602        2.44140625
    600.17340350        2.23144531
    601.40247698        2.39257813
    602.68261055        2.43164063
    603.93171730        2.33398438
    605.19044889        2.47070313
    606.39573180        2.09960938
    607.64595866        2.09472656
    608.86286368        2.28027344
    610.14137049        2.15820313
    611.42053566        2.33398438
    612.74689349        2.21679688
    613.96512562        2.38769531
    615.19936528        2.27539063
    616.43132928        2.27050781
    617.70307768        2.22656250
    618.91276112        2.36328125
    620.16171191        2.18261719
    621.37919684        2.24609375
    622.60298977        2.26074219
    623.81384152        2.24121094
    625.03417680        2.27050781
    626.26527686        2.17773438
    627.48021816        2.32910156
    628.69360030        2.24121094
    629.95032752        2.12890625
    631.19179963        2.14355469
    632.44255912        2.11425781
    633.73608191        2.28027344
    635.05250250        2.11425781
    636.28940299        2.18750000
    637.56666352        2.01660156
    638.82131926        2.20214844
    640.03518111        2.24121094
    641.31207961        2.01660156
    642.62720050        2.20703125
    643.83684566        2.13378906
    645.04872772        2.30957031
    646.28391638        2.18261719
    647.54086007        2.12890625
    648.76948220        2.08007813
    650.01608929        2.06542969
    651.24879057        2.15820313
    652.58816426        2.06054688
    653.83549114        1.91894531
    655.07414315        2.02148438
    656.34986861        2.10449219
    657.64626822        2.25097656
    658.90460470        2.16796875
    660.13750071        2.08984375
    661.35698102        2.27539063
    662.59087047        2.07519531
    663.83223765        2.08007813
    665.04054909        2.11425781
    666.25099580        2.03613281
    667.51991370        2.29492188
    668.82929987        2.02148438
    670.12284392        2.19238281
    671.33581772        2.25097656
    672.55170047        2.11914063
    673.83740713        2.17773438
    675.08722328        2.19726563
    676.35673809        2.14355469
    677.57171910        2.10937500
    678.82949364        2.21191406
    680.02407509        2.22656250
    681.28073993        2.22656250
    682.47643486        2.18750000
    683.72634459        2.18261719
    684.96567197        2.23632813
    686.17860181        2.10937500
    687.43561780        2.06542969
    688.70386080        1.97753906
    689.91822268        2.07031250
    691.13584230        2.02148438
    692.38949893        2.02636719
    693.67159858        2.05566406
    694.88562915        1.97753906
    696.10557026        2.27539063
    697.34383188        2.13867188
    698.56116840        2.04101563
    699.79507534        2.15820313
    700.99589911        2.10937500
    702.22893453        2.20214844
    703.48289270        2.14843750
    704.73089400        2.17773438
    705.95805575        2.13378906
    707.18752954        2.08496094
    708.43542923        2.12402344
    709.65818147        2.02636719
    710.88707913        2.07519531
    712.16066837        1.97753906
    713.39071119        2.08984375
    714.64831890        1.96777344
    715.88545192        2.07519531
    717.09804289        1.99707031
    718.30675275        2.12402344
    719.55649564        2.05566406
    720.77217328        2.14843750
    722.01416243        2.16308594
    723.20619128        2.01171875
    724.44521145        2.06054688
    725.67596414        2.08496094
    726.95465433        2.01660156
    728.18596234        2.22167969
    729.41152050        2.08007813
    730.60364387        2.21191406
    731.89622474        2.11914063
    733.15197979        1.97265625
    734.37237367        2.12402344
    735.63812125        2.12402344
    736.89385220        2.09472656
    738.16971804        2.13378906
    739.36216657        2.01171875
    740.53365172        1.87988281
    741.75040740        1.94824219
    742.99131520        2.08496094
    744.20081999        2.10937500
    745.43697421        1.92382813
    746.67079182        1.91894531
    747.91612710        2.09960938
    749.12705305        1.88476563
    750.36283816        1.89453125
    751.54725741        2.07519531
    752.77912783        2.12402344
    753.98521324        1.90429688
    755.26030210        2.00195313
    756.59081328        1.82128906
    757.95511040        1.99707031
    759.14941774        2.14843750
    760.36380466        1.91406250
    761.63565325        2.12402344
    762.86547772        1.86035156
    764.05119194        1.93847656
    765.30031145        2.00195313
    766.57828988        2.08984375
    767.88189973        1.99707031
    769.09503327        1.95800781
    770.32725155        2.03125000
    771.53707535        2.12402344
    772.80968344        2.09472656
    774.02161890        1.99707031
    775.27070202        2.15332031
    776.52454582        2.11914063
    777.75436840        2.05078125
    778.95772634        2.04589844
    780.20137484        2.21679688
    781.41836163        2.06054688
    782.68021249        2.09960938
    783.88671475        2.09472656
    785.13082642        1.97265625
    786.35085496        2.16308594
    787.60358858        1.99218750
    788.83398444        2.04589844
    790.06966274        1.87011719
    791.30633070        1.80664063
    792.61575515        1.87500000
    793.83341730        2.08007813
    795.08904427        1.84082031
    796.29832363        2.12402344
    797.49738690        1.95800781
    798.73125177        1.96289063
    799.95072499        1.85058594
    801.22009755        1.79687500
    802.42033527        2.05566406
    803.64861996        2.11914063
    804.89765157        1.98730469
    806.12614468        2.07519531
    807.31723964        1.94824219
    808.53630924        1.89941406
    809.79409182        1.92382813
    811.00949203        2.05566406
    812.24685521        1.84570313
    813.47550286        1.88964844
    814.68885287        2.02148438
    815.95992684        1.85546875
    817.17494518        2.01660156
    818.39997542        1.89453125
    819.65412453        1.79687500
    820.87051723        1.81640625
    822.12872186        1.88476563
    823.38493676        1.89941406
    824.59575685        1.91406250
    825.80719086        1.81640625
    827.05818147        1.96289063
    828.25435091        2.04101563
    829.51221761        1.85058594
    830.67990340        1.87988281
    831.91282209        2.06054688
    833.16735212        1.87011719
    834.37982778        1.89453125
    835.56849727        1.86523438
    836.84307900        2.10937500
    838.06556988        1.87500000
    839.28194983        1.86523438
    840.49149337        1.85546875
    841.68162183        1.76757813
    842.89433285        1.72363281
    844.17560826        1.99218750
    845.40959932        1.89453125
    846.60281254        1.98242188
    847.92119638        1.92382813
    849.20050239        1.78710938
    850.45379417        2.07031250
    851.74535938        1.84082031
    853.02258540        1.87988281
    854.25439486        1.79199219
    855.46619515        1.82617188
    856.72083672        1.78710938
    857.90988052        2.03613281
    859.14144942        1.82128906
    860.31604581        1.83593750
    861.55563312        1.95800781
    862.78429542        1.66503906
    864.01113910        1.86035156
    865.24028348        1.92382813
    866.44887990        2.01660156
    867.67871997        2.03125000
    868.86598626        1.96289063
    870.09630697        2.08007813
    871.33844736        1.93847656
    872.57276358        1.94824219
    873.78879946        1.75781250
    874.99725126        1.75781250
    876.23757964        1.78222656
    877.50561421        1.87011719
    878.75522856        1.69921875
    879.98888359        2.04101563
    881.24305395        1.95312500
    882.51599854        1.99218750
    883.73957266        1.78710938
    885.01191183        1.79687500
    886.25615583        1.93359375
    887.46996238        2.08496094
    888.67858905        2.03125000
    889.94903492        1.85546875
    891.18788825        1.88964844
    892.40818666        1.92382813
    893.63994745        1.75292969
    894.85263295        1.90917969
    896.11009509        1.87988281
    897.32200928        1.82617188
    898.57676002        1.79687500
    899.82979989        1.80175781
    901.02461624        1.78222656
    902.25611330        1.83593750
    903.47360956        1.91894531
    904.70202847        1.85546875
    905.95262822        1.81640625
    907.20355030        1.92382813
    908.44196268        1.71875000
    909.63798845        1.86523438
    910.86393226        1.99707031
    912.13392678        1.81152344
    913.37056544        1.86035156
    914.58214596        1.66503906
    915.78989404        1.68945313
    917.04159877        1.92382813
    918.23087699        1.93359375
    919.44150613        1.71875000
    920.68030276        1.67968750
    921.90862194        1.75781250
    923.14397036        1.78222656
    924.33689860        1.69433594
    925.56806577        1.80175781
    926.76547016        1.80175781
    927.97249797        1.95312500
    929.90673715        1.66015625
    931.14343063        2.01171875
    932.34335265        1.89453125
    933.51669518        1.67968750
    934.74904626        1.70410156
    935.97836739        1.83593750
    937.23189264        2.03613281
    938.48344755        1.87500000
    939.73409456        1.70410156
    940.94374208        1.91894531
    942.18983402        1.79199219
    943.38047195        1.72851563
    944.60008224        1.95312500
    945.83654839        1.98242188
    947.07147712        2.00683594
    948.27202204        1.90429688
    949.51756669        1.70410156
    950.72949411        1.78710938
    951.93817230        1.78710938
    953.12980037        1.78710938
    954.36188773        1.81640625
    955.56857100        1.55761719
    956.77799403        1.81640625
    957.99641662        1.57714844
    959.20217356        1.86523438
    960.41405420        1.91894531
    961.63293429        1.86035156
    962.86656616        1.75781250
    964.08233123        1.73828125
    965.29388718        1.77734375
    966.50728019        1.90917969
    967.67350889        1.87011719
    968.86805443        1.72363281
    970.10829111        1.68457031
    971.32254428        1.73828125
    972.58169603        1.89453125
    973.81056015        2.01660156
    975.04037375        1.77246094
    976.34672051        1.44042969
    977.64121406        1.87988281
    978.89585563        1.68457031
    980.14226941        1.80664063
    981.42275838        1.81640625
    982.65060211        1.51367188
    983.89287720        1.94335938
    985.13322778        1.66992188
    986.37266858        1.93359375
    988.23575581        1.68945313
    989.44368017        1.68457031
    990.66050532        1.82617188
    991.94478184        1.91894531
    993.21676749        1.85546875
    994.45041779        1.96777344
    995.66740363        1.86523438
    996.93810566        1.76757813
    998.15092302        1.66503906
    999.39426574        1.65527344
   1000.63585222        1.90429688
   1001.86570883        1.67968750
   1003.08325000        1.94335938
   1004.35494121        1.68457031
   1005.60570779        2.01171875
   1006.81195767        1.66992188
   1008.01923928        1.64062500
   1009.27366486        1.67968750
   1010.52519850        1.85058594
   1011.73209398        1.76757813
   1013.00561469        1.90917969
   1014.24361306        1.54785156
   1015.47620423        1.74804688
   1016.74109874        1.64550781
   1017.96063435        1.67480469
   1019.18956982        1.60156250
   1020.42915714        1.70410156
   1021.67286236        1.86523438
   1022.94637787        1.80664063
   1024.18839206        1.67968750
   1025.44904012        1.77246094
   1026.67059947        1.61621094
   1027.88191863        1.95312500
   1029.10688839        1.68457031
   1030.32964866        1.85058594
   1031.54408568        1.88476563
   1032.78242622        1.85546875
   1033.98856693        1.68457031
   1035.24541137        1.85546875
   1036.44778107        1.67968750
   1037.68929476        1.82128906
   1038.90306539        1.65039063
   1040.11762435        1.56250000
   1041.38978439        1.80664063
   1042.67404484        1.95312500
   1043.91415014        2.00195313
   1045.18990964        1.84082031
   1046.42277398        1.64062500
   1047.65022449        1.63085938
   1048.87429580        1.66992188
   1050.12631435        1.81152344
   1051.39764637        1.94335938
   1052.66672921        1.75781250
   1053.94028631        1.66992188
   1055.15061440        1.60644531
   1056.38361202        1.66503906
   1057.63306473        1.60644531
   1058.87045154        1.80664063
   1060.10307815        1.50390625
   1061.31360474        1.54785156
   1062.56873547        1.86035156
   1063.80720126        1.58203125
   1065.07924835        1.72363281
   1066.30036628        1.69433594
   1067.53459175        1.67480469
   1068.80918152        1.84082031
   1070.08978676        1.65527344
   1071.43284260        1.94824219
   1072.73545097        1.66992188
   1073.99769599        1.77734375
   1075.25184746        1.71875000
   1076.88034340        1.88476563
   1078.81904787        1.68945313
   1080.03402225        1.84082031
   1081.36252339        1.93359375
   1082.58899843        1.81152344
   1083.94945366        1.95312500
   1085.12609363        1.81152344
   1086.35880674        1.82617188
   1087.93122625        1.64062500
   1089.53136520        1.73828125
   1091.07148468        1.87988281
   1092.42722697        1.90917969
   1093.95090270        1.69433594
   1095.24764779        1.92382813
   1096.82827571        1.75781250
   1098.08167665        1.88476563
   1099.37127389        1.95312500
   1100.75218113        1.67480469
   1101.98042091        1.95312500
   1103.19136104        1.81152344
   1104.40985642        1.82617188
   1105.61834272        1.98242188
   1106.89991587        1.68457031
   1108.15616103        1.77734375
   1109.36438314        1.84570313
   1110.61409532        1.83593750
   1111.78538622        1.93847656
   1112.98578889        1.92871094
   1114.14717092        1.94335938
   1115.37071479        1.52343750
   1116.59073813        1.65527344
   1117.85155255        1.56738281
   1119.07236044        1.94335938
   1120.25396384        1.86035156
   1121.45428332        1.83105469
   1122.62725391        1.61621094
   1123.84293391        1.77734375
   1125.08358414        1.61132813
   1126.30795981        1.79199219
   1127.54564153        2.04101563
   1128.73306898        1.91406250
   1129.96878509        1.68945313
   1131.18212895        1.65527344
   1132.41719426        1.71386719
   1133.63634327        1.74804688
   1134.87212129        1.67480469
   1136.14232991        1.84570313
   1137.37512335        1.51367188
   1138.60602161        1.92871094
   1139.84446188        1.77246094
   1141.05589873        1.75292969
   1142.27977532        2.02148438
   1143.51359954        1.94824219
   1144.75030200        1.91894531
   1145.96998696        1.91406250
   1147.20412122        1.83105469
   1148.45487126        1.63574219
   1149.70656795        1.94824219
   1150.93954667        1.93359375
   1152.16115564        1.81152344
   1153.39052640        1.77734375
   1154.61037441        1.89941406
   1155.83606065        1.91894531
   1157.07942416        1.86523438
   1158.29742235        1.73828125
   1159.50137579        1.79687500
   1160.70237206        1.86523438
   1161.96907055        1.89941406
   1163.22387281        1.89941406
   1164.44664679        1.93359375
   1165.75304979        1.89941406
   1167.10997599        1.77734375
   1168.33425289        1.89453125
   1169.52870248        1.69433594
   1170.75110734        1.91894531
   1171.95151143        1.98242188
   1173.15688555        1.73828125
   1174.38222111        1.93847656
   1175.59442927        1.79199219
   1176.84198159        1.73339844
   1178.03459932        1.93847656
   1179.27613428        1.81152344
   1180.54485746        1.75781250
   1181.79847203        1.83593750
   1183.10771310        1.80664063
   1184.82763531        1.95800781
   1186.02433739        1.79199219
   1187.41917406        1.91406250
   1189.31059701        1.89941406
   1190.52027100        1.86035156
   1191.75425024        1.88476563
   1192.95600318        1.75292969
   1194.20415714        1.76269531
   1195.42464837        1.92871094
   1196.69206099        2.12890625
   1197.87053897        1.94824219
   1199.13388425        2.00683594
   1200.38510785        1.74316406
   1201.57648496        1.68945313
   1202.73441547        1.88476563
   1203.96304185        1.66015625
   1205.13088502        1.82617188
   1206.33239220        1.93847656
   1207.56432501        1.66503906
   1208.75378849        1.71875000
   1209.98585080        1.80664063
   1211.21621973        1.87011719
   1212.43472550        1.79687500
   1213.64021117        1.90429688
   1214.82163733        1.93359375
   1215.99351901        1.75781250
   1217.16402962        1.82128906
   1218.36355512        1.81640625
   1219.54990264        1.92382813
   1220.76933427        1.82128906
   1221.95192544        1.88476563
   1223.10349642        1.87011719
   1224.29662079        2.06542969
   1225.45944193        1.99218750
   1226.69657258        2.04101563
   1227.88234541        1.71875000
   1229.11875532        1.76269531
   1230.33297919        1.81640625
   1231.53622275        1.91406250
   1232.72485585        1.92382813
   1233.98851873        1.77734375
   1235.16217177        1.83105469
   1236.37930932        2.01660156
   1237.56526032        1.74804688
   1238.77834187        1.81152344
   1240.00085922        2.05078125
   1241.19703764        1.96777344
   1242.39687459        2.05078125
   1243.60015833        1.71875000
   1244.76582651        1.69433594
   1246.01812201        1.94335938
   1247.21669660        2.00195313
   1248.55934930        1.90429688
   1249.75832703        1.73339844
   1250.93077207        1.77734375
   1252.21149593        1.99707031
   1253.84460886        1.63574219
   1255.66447530        2.01660156
   1257.20146984        1.91894531
   1258.58676910        2.01660156
   1259.73162561        1.94824219
   1260.91819385        1.84082031
   1262.05139044        1.92382813
   1263.21755393        2.09472656
   1264.41782379        1.69921875
   1265.60624610        1.84082031
   1266.78257510        1.79687500
   1268.02251120        2.00683594
   1269.42345265        1.75781250
   1270.93829990        1.86035156
   1272.26427066        2.06054688
   1273.41934892        1.92382813
   1274.56927850        2.00683594
   1275.73687544        1.99707031
   1276.89287720        1.78222656
   1278.06955073        1.97753906
   1279.23469667        2.05566406
   1280.49924901        1.91406250
   1281.72141048        1.87988281
   1282.95649753        1.88476563
   1284.15806095        1.95312500
   1285.50823251        1.99218750
   1286.65571393        1.90429688
   1287.83230949        1.79199219
   1289.03424863        1.99218750
   1290.23434930        1.81640625
   1291.46898784        1.99707031
   1293.17211846        1.67968750
   1294.36581517        2.08984375
   1295.58941481        1.80175781
   1296.76331030        1.83105469
   1298.06070996        1.87500000
   1299.28911233        1.66992188
   1300.43631869        1.79687500
   1301.58696996        1.82617188
   1302.73716373        1.94335938
   1303.90703868        1.98730469
   1305.08842515        1.95312500
   1306.22979989        1.92382813
   1307.39599505        1.95800781
   1308.57280139        1.95800781
   1309.73845350        1.87500000
   1310.93516504        1.79687500
   1312.13625773        2.09472656
   1313.33779326        1.88476563
   1314.56637947        1.81152344
   1315.85808931        2.04589844
   1317.01208339        1.89453125
   1318.18744447        1.97265625
   1319.44859208        2.06542969
   1320.66788523        1.88964844
   1321.84568407        1.84082031
   1323.38836702        2.02148438
   1324.56163677        2.12402344
   1325.72271915        2.21679688
   1326.85988714        1.95312500
   1328.04069418        2.07519531
   1329.18239078        1.79199219
   1330.32528357        2.02636719
   1331.48050126        1.98730469
   1332.66378245        1.99707031
   1333.86139337        2.06542969
   1335.03204671        1.82617188
   1336.16818203        1.79687500
   1337.29168384        2.03613281
   1338.43639148        1.84082031
   1339.65244626        2.13378906
   1340.87560873        2.07031250
   1342.07073747        1.82617188
   1343.27374095        1.84082031
   1344.53042138        1.76757813
   1345.72964204        1.81152344
   1346.93383557        1.87500000
   1348.15154687        1.88964844
   1349.33773560        1.95800781
   1350.53730977        1.93359375
   1351.71922841        1.98242188
   1352.97203055        2.07031250
   1354.14118192        1.95800781
   1355.40610573        2.10449219
   1356.60662136        1.80175781
   1357.83031883        2.09960938
   1359.02737254        2.13867188
   1360.26349462        1.85058594
   1361.45229077        1.93359375
   1362.66722924        2.14843750
   1363.91697497        2.12402344
   1365.19222262        2.14355469
   1366.35983893        1.99218750
   1367.54549549        2.05078125
   1368.78352600        2.15820313
   1370.01509537        1.87500000
   1371.26069862        1.92871094
   1372.48878150        1.90429688
   1373.68869123        2.16796875
   1374.86870475        1.90917969
   1376.05462503        2.15820313
   1377.23631822        1.87011719
   1378.45339906        2.17773438
   1379.65803543        2.11425781
   1380.88030701        1.94824219
   1382.12524671        1.83105469
   1383.41382309        2.07519531
   1384.59686844        2.03613281
   1385.78460593        1.82128906
   1387.03125461        1.66503906
   1388.23933115        1.91894531
   1389.62483837        1.86523438
   1391.17230183        1.92871094
   1392.43241961        2.12402344
   1393.74799232        1.89453125
   1394.92458268        2.07519531
   1396.10622342        1.99707031
   1397.34270375        2.00683594
   1398.56477116        2.08496094
   1399.74815065        1.93359375
   1400.93162136        2.06542969
   1402.13301369        1.92871094
   1403.35158090        2.08984375
   1404.52331134        1.79199219
   1405.73569390        2.03613281
   1406.93520143        2.13867188
   1408.19835529        2.04101563
   1409.38411866        1.93359375
   1410.63854897        1.90429688
   1411.84005851        1.86035156
   1413.09383897        2.04101563
   1414.25929448        1.90917969
   1415.41739749        1.86035156
   1416.61546071        2.00195313
   1417.76943919        1.77246094
   1418.98604458        2.25097656
   1420.18765951        2.10449219
   1421.42458788        1.84570313
   1422.61113154        1.93359375
   1423.81244116        2.04101563
   1425.01673015        1.87011719
   1426.24511125        2.09960938
   1427.45043292        2.04101563
   1428.65173403        1.97265625
   1429.85227990        2.15820313
   1431.09994707        1.92871094
   1432.32282833        2.06054688
   1433.50938428        2.13378906
   1434.72943267        2.07519531
   1435.96109137        1.87500000
   1437.13468580        1.86035156
   1438.33668592        2.05078125
   1439.62583133        2.10937500
   1440.84260355        2.14843750
   1442.04984073        1.94824219
   1443.23027440        1.96777344
   1444.43489659        2.13378906
   1445.65502770        2.09960938
   1446.83599779        2.09960938
   1448.05582925        2.08984375
   1449.25779203        2.08496094
   1450.45751508        1.92382813
   1451.66158194        2.09472656
   1452.85700654        1.93359375
   1454.06570174        2.09960938
   1455.26480330        1.97265625
   1456.45045702        1.91894531
   1457.66830397        1.85546875
   1458.90157240        1.98730469
   1460.09410647        2.14355469
   1461.37868310        1.86523438
   1462.57695569        2.17773438
   1463.74158317        1.99218750
   1464.96492807        2.10449219
   1466.21577925        2.10937500
   1467.45252755        2.05566406
   1468.68401185        2.15820313
   1469.85595450        2.11914063
   1471.09050324        1.97753906
   1472.27830737        2.16796875
   1473.43924230        1.98730469
   1474.64393775        2.18261719
   1475.88823941        2.10449219
   1477.12416441        1.87500000
   1478.30922453        2.06054688
   1479.50777313        2.18261719
   1480.74495387        2.10937500
   1482.00174821        1.95800781
   1483.19903114        2.15820313
   1484.40169291        2.15820313
   1485.60960357        2.27050781
   1486.89085440        1.92871094
   1488.07750345        1.95312500
   1489.35881005        2.30468750
   1490.57773267        2.06542969
   1491.78536165        2.11914063
   1492.99570392        1.86035156
   1494.21086829        2.21191406
   1495.43192147        2.05078125
   1496.65201287        1.98242188
   1497.83065580        1.94824219
   1499.00175766        2.03613281
   1500.23225939        1.88964844
   1501.43520379        2.01660156
   1502.60479753        2.00195313
   1503.77822230        1.84570313
   1504.96199028        1.95800781
   1506.16907575        1.90429688
   1507.37950876        2.26074219
   1508.58364132        2.34863281
   1509.78795631        1.94335938
   1511.01656379        2.21679688
   1512.21798731        2.02148438
   1513.42244362        1.93847656
   1514.62250742        2.07031250
   1515.86978846        2.09960938
   1517.09568690        2.25097656
   1518.29904484        1.97753906
   1519.55254315        2.07519531
   1520.75234701        1.99218750
   1521.98803902        2.15820313
   1523.19308420        2.26074219
   1524.40810727        2.13378906
   1525.58276556        2.12890625
   1526.78486304        2.11425781
   1527.98352270        2.04101563
   1529.18644110        2.07031250
   1530.38800830        1.90917969
   1531.58715192        2.14843750
   1532.82376174        2.06054688
   1533.99435176        1.87500000
   1535.20743662        2.24121094
   1536.50187912        1.98730469
   1537.70355408        2.09472656
   1538.88731970        2.10937500
   1540.11099212        2.38769531
   1541.37672883        1.99707031
   1542.66520266        1.96289063
   1543.86442946        1.95312500
   1545.11629913        1.98242188
   1546.31442473        2.16308594
   1547.55098919        2.07519531
   1548.73954997        2.04589844
   1549.90550409        2.02148438
   1551.10137106        2.24121094
   1552.30295574        1.95312500
   1553.50489347        2.02636719
   1554.72681201        1.93847656
   1555.91109373        2.13378906
   1557.14692043        2.04589844
   1558.33452795        2.14843750
   1559.53407944        2.21191406
   1560.72963401        1.99707031
   1561.93257368        2.12890625
   1563.13617077        2.25097656
   1564.31995009        1.96777344
   1565.52492438        2.17773438
   1566.74029340        2.25097656
   1567.97411195        2.28027344
   1569.17461907        2.24121094
   1570.34274723        2.08007813
   1571.55968391        2.03125000
   1572.77498393        2.07031250
   1573.99467078        2.00195313
   1575.17552413        1.99707031
   1576.37638713        2.01660156
   1577.57964204        2.10937500
   1578.78181608        2.14355469
   1580.02106925        2.28515625
   1581.27289166        2.05078125
   1582.46937681        1.92871094
   1583.67117700        2.17285156
   1584.89289941        2.07519531
   1586.13078341        1.91406250
   1587.34467503        2.05566406
   1588.53130423        2.25585938
   1589.72026580        2.22656250
   1590.91955120        2.04589844
   1592.14892480        2.20214844
   1593.37455101        2.22656250
   1594.60633023        2.07031250
   1595.80760440        2.08984375
   1597.00999111        2.19726563
   1598.19580269        2.28027344
   1599.38140301        1.99218750
   1600.64369671        1.94824219
   1601.81407027        2.26074219
   1603.01521967        2.11425781
   1604.20275299        2.11914063
   1605.41994442        2.11425781
   1606.65220948        2.03125000
   1607.85250581        2.05078125
   1609.17101962        1.98730469
   1610.35619222        2.07031250
   1611.58107454        2.36816406
   1612.79827117        2.14355469
   1614.03475244        2.12890625
   1615.28102822        2.19726563
   1616.48560741        2.05078125
   1617.68865767        2.29003906
   1618.88762075        2.10937500
   1620.11048264        2.27539063
   1621.29636038        2.08984375
   1622.46447057        2.11425781
   1623.67728510        2.17773438
   1624.87873651        2.12402344
   1626.10180729        2.16796875
   1627.28553321        2.15332031
   1628.57278957        2.16796875
   1629.81091933        2.14843750
   1631.05749995        2.16796875
   1632.30492136        2.17773438
   1633.48859293        2.16796875
   1634.67489083        2.19238281
   1635.87769202        1.90917969
   1637.14482721        2.05566406
   1638.31583360        2.20703125
   1639.51394975        1.97265625
   1640.73241961        2.26562500
   1641.91889663        2.09472656
   1643.15367837        2.01171875
   1644.42347439        2.16796875
   1645.76324177        2.27050781
   1647.00054540        2.21679688
   1648.23260771        2.07519531
   1649.41783986        2.13867188
   1650.63170123        2.04589844
   1651.80340709        2.01660156
   1653.03454118        2.07519531
   1654.18560315        2.08496094
   1655.38770819        2.12402344
   1656.59340747        2.19726563
   1657.86129412        2.08984375
   1659.07661115        2.29003906
   1660.26378292        1.96777344
   1661.49715627        2.23144531
   1662.72140622        2.07031250
   1663.97280706        2.04101563
   1665.15763559        2.24609375
   1666.34116916        2.05078125
   1667.52692449        2.28027344
   1668.72396686        2.28515625
   1669.89704378        2.29492188
   1671.05102463        2.08496094
   1672.26960366        2.26074219
   1673.44927642        2.29492188
   1674.63275469        2.24609375
   1675.80313345        2.01171875
   1677.00272842        2.10449219
   1678.18706921        2.19238281
   1679.35454563        2.17285156
   1680.53682392        2.13867188
   1681.74139980        2.06542969
   1682.96412037        2.00683594
   1684.16357308        2.16796875
   1685.34623986        2.21679688
   1686.53532525        2.32421875
   1687.74965357        1.98242188
   1688.97070533        2.28027344
   1690.21097605        2.01171875
   1691.42200692        2.15820313
   1692.61335851        2.29492188
   1693.82611916        2.09960938
   1695.03405155        2.15820313
   1696.24024330        2.09472656
   1697.39129582        2.23632813
   1698.56115328        2.23144531
   1699.76370352        2.33886719
   1700.96573388        2.29980469
   1702.19910770        2.10937500
   1703.40274401        2.04589844
   1704.63448022        2.00683594
   1705.85890977        2.15332031
   1707.07577226        2.07031250
   1708.28012600        2.36816406
   1709.51239201        2.19238281
   1710.74210210        2.16796875
   1711.96419504        2.20703125
   1713.16123788        2.33886719
   1714.46420260        2.18261719
   1715.77043122        2.10449219
   1717.03438806        2.15820313
   1718.26532554        2.08007813
   1719.45028168        2.11425781
   1720.67427123        2.09960938
   1721.89247547        2.18261719
   1723.09890967        2.31445313
   1724.32612388        2.11914063
   1725.49552385        2.11914063
   1726.72742594        2.07519531
   1727.94470622        2.06542969
   1729.16281783        2.31445313
   1730.34785668        2.22167969
   1731.65171985        2.36816406
   1732.80668516        2.23144531
   1734.03938078        2.26562500
   1735.24051648        2.24121094
   1736.44068473        2.35351563
   1737.67120442        2.12402344
   1738.89675785        2.23632813
   1740.09821824        2.22656250
   1741.30030531        2.24121094
   1742.54505076        2.30957031
   1743.78118844        2.09472656
   1745.03435261        2.28027344
   1746.22108626        2.28515625
   1747.45330879        2.13378906
   1748.65706751        2.20214844
   1749.83519245        1.95312500
   1751.02532800        2.10449219
   1752.22984337        2.29003906
   1753.46274269        2.08007813
   1754.69233889        2.08496094
   1755.86080307        2.15332031
   1757.06594041        2.09960938
   1758.26649479        2.25097656
   1759.48458277        2.11914063
   1760.73183167        2.33398438
   1761.91689368        2.14843750
   1763.13647749        2.22656250
   1764.35069995        2.31445313
   1765.55818241        2.23144531
   1766.79122256        2.13378906
   1768.00704530        2.17285156
   1769.25845747        2.38281250
   1770.45591385        2.17285156
   1771.72666219        2.39257813
   1772.94123154        2.07519531
   1774.14613494        2.17285156
   1775.33212753        2.20703125
   1776.54827495        2.06542969
   1777.74860720        2.08984375
   1778.95891497        2.26074219
   1780.15213339        2.32910156
   1781.35378471        2.22656250
   1782.62424145        2.39746094
   1783.82534406        2.22167969
   1785.05657835        2.38769531
   1786.25949014        2.09472656
   1787.46691448        2.20214844
   1788.69467975        2.13867188
   1789.86404617        2.23144531
   1791.08237235        2.23144531
   1792.31283627        2.26562500
   1793.53976738        2.16796875
   1794.77018356        2.16796875
   1795.97388179        2.33886719
   1797.14164461        2.13378906
   1798.34687884        2.19726563
   1799.52812541        2.28027344
   1800.84769978        2.14355469
   1802.09590761        2.40722656
   1803.36640027        2.29980469
   1804.55293920        2.31933594
   1805.78345984        2.23632813
   1806.92627606        2.23632813
   1808.18725731        2.13378906
   1809.44365465        2.30468750
   1810.63080184        2.19238281
   1811.91524992        2.19726563
   1813.09895930        2.12890625
   1814.33456434        2.12402344
   1815.55750279        2.37304688
   1816.75591102        2.13867188
   1817.97723831        2.29003906
   1819.19521712        2.03613281
   1820.36277010        2.23632813
   1821.55571772        2.08496094
   1822.73121869        2.32421875
   1823.93107171        2.07519531
   1825.13278967        2.21679688
   1826.30518649        2.30957031
   1827.53913313        2.03613281
   1828.74174622        2.18261719
   1829.95792011        2.37304688
   1831.16331597        2.27539063
   1832.41269165        2.23632813
   1833.64713027        2.38281250
   1834.84612832        2.25585938
   1836.02573208        2.18261719
   1837.26727177        2.26562500
   1838.46110460        2.43164063
   1839.69750931        2.27050781
   1840.89877072        2.32421875
   1842.06968117        2.30468750
   1843.25029633        2.30468750
   1844.45054634        2.21191406
   1845.69118334        2.38281250
   1846.87783286        2.20703125
   1848.10953835        2.28515625
   1849.30797493        2.05566406
   1850.54160208        2.35839844
   1851.77072944        2.29492188
   1852.99949572        2.33398438
   1854.24761045        2.06542969
   1855.43195361        2.14843750
   1856.66533121        2.06054688
   1857.90295858        2.32421875
   1859.09382810        2.37792969
   1860.29262104        2.31445313
   1861.52269221        2.29492188
   1862.72449099        2.33886719
   1863.95788561        2.16308594
   1865.17652466        2.21679688
   1866.39900136        2.21679688
   1867.58005558        2.33398438
   1868.78115441        2.51464844
   1869.96554294        2.17285156
   1871.15200153        2.33398438
   1872.36661295        2.32910156
   1873.62582708        2.39257813
   1874.83993327        2.23144531
   1876.04294809        2.13378906
   1877.24390230        2.15332031
   1878.43405155        2.47558594
   1879.61443040        2.38769531
   1880.88012269        2.16308594
   1882.08035097        2.18261719
   1883.31947228        2.32910156
   1884.52313127        2.33886719
   1885.72566544        2.24609375
   1886.95713226        2.28515625
   1888.14604798        2.24121094
   1889.39060675        2.30957031
   1890.59446991        2.37792969
   1891.79394342        2.19726563
   1893.04964128        2.39746094
   1894.29815160        2.49511719
   1895.51154697        2.18750000
   1896.75654716        2.35351563
   1898.02869775        2.29003906
   1899.24470575        2.21191406
   1900.46259901        2.11914063
   1901.71658364        2.34375000
   1902.91756527        2.13378906
   1904.15099911        2.16796875
   1905.37298807        2.25585938
   1906.59240978        2.23632813
   1907.79636463        2.34863281
   1909.02885986        2.32421875
   1910.25843621        2.47070313
   1911.42100781        2.32910156
   1912.72521410        2.07031250
   1913.89716430        2.13867188
   1915.09638685        2.44140625
   1916.38202119        2.12890625
   1917.59776263        2.16796875
   1918.76792115        2.19238281
   1919.97138968        2.35351563
   1921.17180889        2.29003906
   1922.42277209        2.36328125
   1923.65817721        2.31445313
   1924.85662845        2.28027344
   1926.10772964        2.19238281
   1927.31148127        2.31933594
   1928.54477522        2.18261719
   1929.76051572        2.22167969
   1930.94622001        2.17773438
   1932.16211364        2.18261719
   1933.40449884        2.35351563
   1934.58413521        2.43164063
   1935.78553084        2.40722656
   1937.00383812        2.41699219
   1938.20481171        2.36328125
   1939.40808600        2.35839844
   1940.60993157        2.31933594
   1941.79318818        2.22167969
   1943.00144810        2.17285156
   1944.19589296        2.22656250
   1945.42760884        2.51953125
   1946.62918644        2.47070313
   1947.82267473        2.31445313
   1949.06791642        2.29003906
   1950.28377649        2.34375000
   1951.48586451        2.32421875
   1952.65905911        2.29003906
   1953.83590752        2.29003906
   1955.09460508        2.64160156
   1956.26133193        2.42187500
   1957.47859708        2.13867188
   1958.72745004        2.45117188
   1959.95097737        2.42187500
   1961.13046014        2.43652344
   1962.35584107        2.23144531
   1963.60643420        2.48046875
   1964.77944118        2.39257813
   1966.04172921        2.27539063
   1967.24019557        2.31933594
   1968.46363877        2.41210938
   1969.66106584        2.38769531
   1970.86878084        2.11914063
   1972.06746555        2.17285156
   1973.26272378        2.21679688
   1974.43959582        2.39257813
   1975.60375210        2.10937500
   1976.85205305        2.21679688
   1978.05452719        2.29003906
   1979.28664811        2.39746094
   1980.54214086        2.51464844
   1981.74335359        2.41699219
   1982.92501512        2.57324219
   1984.10849056        2.35839844
   1985.29338620        2.40234375
   1986.49410127        2.38281250
   1987.75005530        2.42675781
   1988.95994338        2.39746094
   1990.15123117        2.23144531
   1991.38461444        2.34375000
   1992.58664338        2.34863281
   1993.72229711        2.39746094
   1994.95472569        2.17285156
   1996.24431868        2.31445313
   1997.42640414        2.35839844
   1998.65989990        2.18261719
   1999.88716704        2.37792969
   2001.12142087        2.19726563
   2002.36220012        2.22656250
   2003.59537261        2.35839844
   2004.86438078        2.42675781
   2006.07669575        2.12402344
   2007.29469724        2.29492188
   2008.48245742        2.41210938
   2009.73083398        2.48046875
   2010.94597047        2.49023438
   2012.20023442        2.26074219
   2013.48665236        2.33398438
   2014.75463259        2.50000000
   2015.96107388        2.23632813
   2017.20645831        2.35351563
   2018.44061005        2.44140625
   2019.64458996        2.29492188
   2020.84742566        2.24121094
   2022.04824801        2.47558594
   2023.25049861        2.47558594
   2024.44993383        2.47558594
   2025.62152532        2.21679688
   2026.82300225        2.43652344
   2028.05553670        2.36328125
   2029.27593058        2.50488281
   2030.54040683        2.32910156
   2031.79856844        2.26074219
   2033.03152825        2.48046875
   2034.26367185        2.36328125
   2035.46475036        2.40234375
   2036.67884757        2.42675781
   2037.98346362        2.26074219
   2039.17028754        2.30957031
   2040.37150878        2.48535156
   2041.62447161        2.55859375
   2042.84164272        2.40722656
   2044.08934722        2.22167969
   2045.28825359        2.56347656
   2046.51778551        2.38281250
   2047.68742745        2.30957031
   2048.91162731        2.35839844
   2050.14261442        2.57812500
   2051.34423408        2.41699219
   2052.54905713        2.30468750
   2053.78834906        2.23632813
   2055.05069191        2.31445313
   2056.27156975        2.32421875
   2057.45626642        2.17773438
   2058.64296321        2.23144531
   2059.81125206        2.34375000
   2061.01259098        2.50488281
   2062.19265128        2.30957031
   2063.34665482        2.24121094
   2064.56141133        2.47070313
   2065.77602841        2.45605469
   2066.99731979        2.42187500
   2068.20354651        2.10449219
   2069.39476577        2.52929688
   2070.62289213        2.28027344
   2071.86326729        2.29003906
   2073.06649763        2.54394531
   2074.28227688        2.42187500
   2075.48232603        2.49023438
   2076.67074125        2.44628906
   2077.90250250        2.54394531
   2079.13965726        2.45605469
   2080.37483364        2.40234375
   2081.57740751        2.43652344
   2082.74193622        2.39257813
   2083.90948683        2.36328125
   2085.05847685        2.40234375
   2086.31625376        2.47558594
   2087.48496512        2.51464844
   2088.70777407        2.57812500
   2089.87465830        2.34375000
   2091.07937879        2.36328125
   2092.30919523        2.31445313
   2093.59482863        2.35839844
   2094.85015927        2.40722656
   2096.03566176        2.45605469
   2097.22667495        2.33398438
   2098.44369577        2.33398438
   2099.71039709        2.27539063
   2100.90068907        2.24121094
   2102.10784260        2.24609375
   2103.35919003        2.38281250
   2104.53157032        2.29492188
   2105.76588701        2.33886719
   2107.01790602        2.50488281
   2108.21495453        2.21679688
   2109.48603418        2.49023438
   2110.74106944        2.32421875
   2111.93065486        2.34863281
   2113.14345142        2.29003906
   2114.34296085        2.36816406
   2115.50925242        2.47558594
   2116.70619459        2.41210938
   2117.90323033        2.21191406
   2119.08511447        2.51464844
   2120.26417188        2.51953125
   2121.46909938        2.55859375
   2122.66951717        2.20703125
   2123.90678488        2.49023438
   2125.15409995        2.44140625
   2126.40849623        2.44628906
   2127.62563851        2.41210938
   2128.82943267        2.32910156
   2130.03022856        2.36328125
   2131.23282795        2.61718750
   2132.43092803        2.21679688
   2133.63218755        2.29980469
   2134.78457994        2.20214844
   2135.92369227        2.56835938
   2137.19905618        2.54394531
   2138.42758285        2.35351563
   2139.63046865        2.44628906
   2140.83136189        2.49511719
   2142.03117048        2.53417969
   2143.26487797        2.44140625
   2144.48568822        2.47070313
   2145.70629336        2.45117188
   2146.90731894        2.32910156
   2148.15473704        2.54882813
   2149.37051865        2.58789063
   2150.60959034        2.29003906
   2151.87151965        2.33398438
   2153.05332911        2.34863281
   2154.27674301        2.26074219
   2155.55287540        2.23144531
   2156.75587699        2.19238281
   2158.01114950        2.30468750
   2159.21420024        2.34375000
   2160.44968949        2.46582031
   2161.60341371        2.37304688
   2162.82414598        2.19238281
   2164.00952559        2.38769531
   2165.22717356        2.52441406
   2166.40220996        2.48535156
   2167.58960338        2.21191406
   2168.80460565        2.29980469
   2169.99070978        2.49511719
   2171.22457417        2.47070313
   2172.37647409        2.37304688
   2173.62728510        2.21191406
   2174.79932038        2.21679688
   2176.01892026        2.55859375
   2177.30215041        2.33886719
   2178.50113806        2.51464844
   2179.65280025        2.24609375
   2180.83945781        2.37304688
   2182.05258143        2.32421875
   2183.20912434        2.42675781
   2184.42754929        2.49511719
   2185.61092737        2.44628906
   2186.82905930        2.42187500
   2188.02005927        2.39746094
   2189.26930686        2.59277344
   2190.49735476        2.49023438
   2191.71595176        2.25585938
   2192.93531911        2.55859375
   2194.11861731        2.34375000
   2195.30197743        2.29003906
   2196.46739135        2.31933594
   2197.65547999        2.28515625
   2198.85685200        2.30957031
   2200.03945734        2.52929688
   2201.27430478        2.48535156
   2202.46011825        2.43164063
   2203.64081990        2.50000000
   2204.91826001        2.57812500
   2206.12172713        2.40722656
   2207.35263815        2.55859375
   2208.57377970        2.42675781
   2209.77189302        2.41699219
   2210.97769722        2.59277344
   2212.19117010        2.56835938
   2213.45150339        2.50000000
   2214.65224446        2.49511719
   2215.81848309        2.48535156
   2217.00631699        2.31445313
   2218.19144658        2.44628906
   2219.42507656        2.21679688
   2220.59554323        2.51953125
   2221.76671220        2.35351563
   2223.00914135        2.18750000
   2224.19190408        2.34375000
   2225.39156805        2.44628906
   2226.57595374        2.45605469
   2227.79633864        2.52929688
   2229.04685568        2.62695313
   2230.25207620        2.42675781
   2231.52825916        2.64648438
   2232.71474233        2.36816406
   2233.91407972        2.60253906
   2235.10002599        2.33398438
   2236.31694945        2.31445313
   2237.48593635        2.56347656
   2238.64308184        2.31933594
   2239.92090100        2.50976563
   2241.14742802        2.40234375
   2242.36467144        2.61718750
   2243.55552489        2.59765625
   2244.78386298        2.34375000
   2246.01932624        2.61230469
   2247.21849018        2.44628906
   2248.39075420        2.53906250
   2249.55897593        2.36816406
   2250.79514528        2.29980469
   2252.06276774        2.28027344
   2253.28509604        2.29980469
   2254.46490964        2.56835938
   2255.66633930        2.52441406
   2256.93114685        2.21679688
   2258.12428162        2.26074219
   2259.35501919        2.40234375
   2260.55517326        2.60253906
   2261.70895750        2.57324219
   2262.92483647        2.40234375
   2264.11145764        2.46582031
   2265.34424164        2.49511719
   2266.51463221        2.49511719
   2267.74738454        2.30957031
   2268.95104259        2.41210938
   2270.28392867        2.37792969
   2271.59545815        2.32421875
   2272.89593833        2.29492188
   2274.11663658        2.51953125
   2275.31009320        2.26074219
   2276.49933456        2.46582031
   2277.78356287        2.52441406
   2279.00834405        2.41699219
   2280.22720806        2.51953125
   2281.42955272        2.50488281
   2282.61571828        2.19726563
   2283.81457928        2.26562500
   2285.01842307        2.56835938
   2286.22105460        2.53417969
   2287.40830624        2.25585938
   2288.63715239        2.47558594
   2289.88752103        2.61718750
   2291.10680379        2.26074219
   2292.28834669        2.16308594
   2293.47548254        2.27539063
   2294.69355256        2.56347656
   2295.87694056        2.62207031
   2297.06650472        2.50000000
   2298.26479006        2.48535156
   2299.46996663        2.42187500
   2300.70493270        2.50488281
   2301.92498677        2.45605469
   2303.16401686        2.56347656
   2304.40882895        2.44140625
   2305.62816937        2.64648438
   2307.28114874        2.35351563
   2309.04113560        2.29492188
   2310.23812645        2.44140625
   2311.42769155        2.42187500
   2312.63863971        2.38769531
   2313.87566544        2.57812500
   2315.10418975        2.34375000
   2316.34297172        2.56347656
   2317.59367781        2.50488281
   2318.80101660        2.46093750
   2320.01484961        2.54882813
   2321.23827533        2.50000000
   2322.50050712        2.62207031
   2323.71572112        2.66113281
   2324.96626415        2.38769531
   2326.17493336        2.51953125
   2327.37749022        2.42187500
   2328.59608390        2.29980469
   2329.87974932        2.42675781
   2331.16920808        2.51953125
   2332.47705683        2.31445313
   2334.12961699        2.45605469
   2335.56699246        2.30957031
   2336.78319186        2.50000000
   2337.99930998        2.67578125
   2339.23290262        2.44628906
   2340.43484460        2.51464844
   2341.60545541        2.58300781
   2342.83793268        2.43652344
   2344.03065249        2.54394531
   2345.24452143        2.60742188
   2346.41506607        2.56835938
   2347.61651039        2.47070313
   2348.78707110        2.49023438
   2349.96851759        2.36816406
   2351.17692260        2.30468750
   2352.40967919        2.62695313
   2353.64425771        2.64160156
   2354.77543150        2.54882813
   2355.98293854        2.43164063
   2357.16099590        2.47558594
   2358.38103342        2.36816406
   2359.58651578        2.37304688
   2360.79957843        2.52929688
   2361.99807314        2.56347656
   2363.20475169        2.59765625
   2364.38619487        2.36328125
   2365.65691816        2.64648438
   2366.82894777        2.37304688
   2368.02713859        2.36328125
   2369.22995160        2.35839844
   2370.43142475        2.45117188
   2371.63099420        2.48046875
   2372.83357090        2.50488281
   2374.01467475        2.55371094
   2375.25031996        2.65136719
   2376.45645263        2.67089844
   2377.65835964        2.59765625
   2378.84404267        2.48046875
   2380.06426168        2.34375000
   2381.29776358        2.59277344
   2382.49746961        2.63671875
   2383.66712290        2.56347656
   2384.86918162        2.56347656
   2386.05193206        2.38281250
   2387.24810055        2.62695313
   2388.43432236        2.59765625
   2389.63717602        2.58300781
   2390.82547876        2.45605469
   2392.09558340        2.35351563
   2393.34212006        2.56835938
   2394.56232679        2.46093750
   2395.74531212        2.62207031
   2396.91398709        2.41699219
   2398.08238274        2.47558594
   2399.28449770        2.41210938
   2400.48995123        2.45117188
   2401.71097085        2.53906250
   2402.89303269        2.64648438
   2404.10724899        2.47558594
   2405.36412084        2.43652344
   2406.56754589        2.57324219
   2407.80096839        2.53906250
   2409.00523754        2.37304688
   2410.20638458        2.47070313
   2411.44341314        2.52441406
   2412.62768446        2.49511719
   2413.84611037        2.44628906
   2415.04891534        2.68554688
   2416.26543991        2.33886719
   2417.48237329        2.55859375
   2418.69995652        2.58300781
   2419.90568889        2.61718750
   2421.11033471        2.33398438
   2422.35818336        2.48046875
   2423.56016929        2.60742188
   2424.79296179        2.40722656
   2425.98100790        2.41210938
   2427.16423899        2.64160156
   2428.33318336        2.41210938
   2429.53640755        2.73437500
   2430.75540343        2.54394531
   2431.92264448        2.49023438
   2433.11728312        2.52441406
   2434.34023763        2.50000000
   2435.50602492        2.51464844
   2436.78850975        2.48535156
   2438.00493459        2.68066406
   2439.20866590        2.68066406
   2440.41622351        2.48535156
   2441.63201505        2.36816406
   2442.78226790        2.64648438
   2443.98288135        2.43652344
   2445.15197317        2.29980469
   2446.32713056        2.54394531
   2447.50271046        2.41210938
   2448.72669906        2.43652344
   2449.91608078        2.47070313
   2451.15005435        2.33886719
   2452.41336938        2.50000000
   2453.68236526        2.60742188
   2455.02497164        2.55371094
   2456.23520048        2.63671875
   2457.48233832        2.53417969
   2458.70049483        2.54394531
   2459.88663724        2.69042969
   2461.10494357        2.66113281
   2462.28934013        2.34375000
   2463.47816889        2.34863281
   2464.70923824        2.31445313
   2465.85192449        2.50976563
   2467.06167221        2.65136719
   2468.28490841        2.38769531
   2469.53554549        2.49511719
   2470.71689368        2.56347656
   2472.01685256        2.60742188
   2473.21793249        2.47558594
   2474.41824489        2.57812500
   2475.62215721        2.34863281
   2476.82708897        2.32421875
   2478.02589088        2.52929688
   2479.21356079        2.40722656
   2480.44449780        2.34375000
   2481.65631369        2.31445313
   2482.82180747        2.58789063
   2484.00486606        2.39257813
   2485.16565023        2.33398438
   2486.32874927        2.51464844
   2487.52636492        2.36816406
   2488.64859349        2.42675781
   2489.84929202        2.55371094
   2491.08422831        2.35839844
   2492.30295858        2.36328125
   2493.48173290        2.49511719
   2494.68559559        2.53417969
   2495.91939997        2.38769531
   2497.13854330        2.38769531
   2498.35483487        2.56347656
   2499.62595043        2.46093750
   2500.82939675        2.59277344
   2502.03425242        2.45117188
   2503.20379275        2.42187500
   2504.37633372        2.62207031
   2505.57451510        2.43164063
   2506.82879558        2.60253906
   2508.04380920        2.55859375
   2509.24332996        2.60253906
   2510.42675341        2.75390625
   2511.66515209        2.43164063
   2512.93114071        2.45117188
   2514.15049388        2.63183594
   2515.33411772        2.34863281
   2516.54920931        2.41210938
   2517.77365210        2.51953125
   2518.96989007        2.63183594
   2520.20629667        2.68066406
   2521.39456160        2.49511719
   2522.62587434        2.58300781
   2523.88146445        2.56347656
   2525.07947284        2.40722656
   2526.26637144        2.60742188
   2527.46639932        2.64160156
   2528.64409418        2.47558594
   2529.85567518        2.54394531
   2531.10703726        2.46093750
   2532.34080666        2.47558594
   2533.49771868        2.51953125
   2534.74350294        2.54394531
   2535.98172581        2.67089844
   2537.20370957        2.34375000
   2538.43798325        2.55859375
   2539.69995274        2.62695313
   2540.90319961        2.64648438
   2542.13191769        2.34863281
   2543.33501238        2.43652344
   2544.51923739        2.71972656
   2545.70560901        2.32421875
   2546.87361098        2.49023438
   2548.10646161        2.43652344
   2549.30610762        2.43164063
   2550.50895703        2.66601563
   2551.71355795        2.56835938
   2552.92594901        2.54394531
   2554.08873896        2.35351563
   2555.31253710        2.43652344
   2556.53244938        2.68554688
   2557.73360257        2.70019531
   2558.96367043        2.48046875
   2560.17146388        2.48535156
   2561.37396355        2.45605469
   2562.54399115        2.70019531
   2563.75914182        2.46582031
   2564.97530956        2.54882813
   2566.17343800        2.41699219
   2567.37486200        2.44140625
   2568.58270743        2.72460938
   2569.81036874        2.33886719
   2571.00015880        2.66601563
   2572.23721194        2.45117188
   2573.43943277        2.43164063
   2574.64325387        2.53906250
   2575.85475830        2.49023438
   2577.05913851        2.40722656
   2578.27662013        2.50000000
   2579.51031013        2.41699219
   2580.72369085        2.38769531
   2581.92302494        2.44140625
   2583.10177515        2.65136719
   2584.27983959        2.80273438
   2585.50279316        2.66601563
   2586.71972276        2.69531250
   2587.93330009        2.50976563
   2589.13694680        2.66601563
   2590.30933371        2.49511719
   2591.50971794        2.46093750
   2592.67433645        2.41699219
   2593.87439883        2.57324219
   2595.09338006        2.60742188
   2596.26534681        2.80761719
   2597.49692894        2.70019531
   2598.69447795        2.42675781
   2599.87745855        2.59765625
   2601.08040059        2.83203125
   2602.31221289        2.37792969
   2603.63364227        2.52929688
   2604.81699151        2.41210938
   2606.00058179        2.73925781
   2607.21635112        2.50976563
   2608.42313411        2.47558594
   2609.65220334        2.67578125
   2610.89255865        2.59277344
   2612.07463278        2.62207031
   2613.25925005        2.43652344
   2614.42633467        2.72460938
   2615.57740562        2.55859375
   2616.78297210        2.48046875
   2617.96378528        2.61718750
   2619.16502874        2.56835938
   2620.42203339        2.46582031
   2621.60730382        2.50000000
   2622.82675955        2.63183594
   2624.00915364        2.62695313
   2625.21132200        2.51464844
   2626.41199170        2.75878906
   2627.61833422        2.45117188
   2628.85233425        2.58300781
   2630.03851447        2.36816406
   2631.22549767        2.65136719
   2632.42582330        2.44140625
   2633.64358612        2.65625000
   2634.87937454        2.69042969
   2636.12812919        2.44628906
   2637.33157551        2.40722656
   2638.50141549        2.45117188
   2639.70282247        2.55859375
   2640.90031287        2.69042969
   2642.08475859        2.66601563
   2643.34099051        2.49511719
   2644.53308694        2.43652344
   2645.75966832        2.65136719
   2646.97576895        2.51953125
   2648.21500983        2.72460938
   2649.39895410        2.60253906
   2650.59750269        2.66601563
   2651.83829423        2.70996094
   2653.02011693        2.60742188
   2654.20465338        2.56347656
   2655.40447473        2.73925781
   2656.62016986        2.54394531
   2657.82133533        2.75878906
   2659.02705825        2.62695313
   2660.20927794        2.52929688
   2661.41158620        2.56347656
   2662.58178016        2.38281250
   2663.78183120        2.58300781
   2665.00212347        2.68066406
   2666.15650793        2.64160156
   2667.37914532        2.60742188
   2668.61316284        2.54882813
   2669.77679405        2.47070313
   2671.03455867        2.71484375
   2672.26555145        2.42675781
   2673.49052593        2.74414063
   2674.70168724        2.37304688
   2675.92080600        2.49023438
   2677.10609345        2.64648438
   2678.28681778        2.45605469
   2679.48580591        2.50000000
   2680.70937010        2.73925781
   2681.90798438        2.74414063
   2683.13411252        2.48535156
   2684.33534558        2.48046875
   2685.52004225        2.48535156
   2686.70436178        2.58789063
   2687.92287228        2.34375000
   2689.12268796        2.71484375
   2690.30768333        2.58789063
   2691.52590979        2.56347656
   2692.70793334        2.52929688
   2693.88165208        2.56347656
   2695.15158988        2.53906250
   2696.35107048        2.50976563
   2697.58522884        2.38769531
   2698.85606981        2.78320313
   2700.05790073        2.60253906
