      0.47668535       2.79890472
      1.75039794       2.80594064
      3.00683687       2.81238964
      4.17251829       2.81827297
      5.39146407       2.82361188
      6.62400325       2.82842761
      7.82781727       2.83274141
      9.01244399       2.83657453
     10.23018271       2.83994820
     11.43323818       2.84288369
     12.61801851       2.84540223
     13.82193933       2.84752507
     15.03596140       2.84927346
     16.22262605       2.85066864
     17.42467389       2.85173186
     18.62576753       2.85248436
     19.83283740       2.85294740
     21.10831333       2.85314222
     22.26304800       2.85309006
     23.51165520       2.85281217
     24.75039983       2.85236599
     25.96773352       2.85175593
     27.14875560       2.85100353
     28.36893302       2.85012895
     29.55372894       2.84915124
     30.80678016       2.84808868
     31.98110148       2.84695743
     33.22535824       2.84577211
     34.42682997       2.84454584
     35.61728642       2.84329033
     36.81081583       2.84201620
     38.03082169       2.84073265
     39.26483685       2.83944763
     40.51698111       2.83816807
     41.66697544       2.83690022
     42.92003705       2.83564925
     44.11689179       2.83441954
     45.35734635       2.83321478
     46.57176683       2.83203776
     47.76080874       2.83089043
     48.97727423       2.82977707
     50.20978553       2.82870025
     51.46396204       2.82766208
     52.68296217       2.82666513
     53.88212895       2.82571146
     55.07332694       2.82480328
     56.28483988       2.82394163
     57.51846466       2.82312812
     58.71907764       2.82236407
     59.92358971       2.82165125
     61.12423625       2.82099143
     62.30745789       2.82038803
     63.52620281       2.81984402
     64.72747651       2.81936277
     65.91858517       2.81894726
     67.13201363       2.81860032
     68.30102369       2.81832514
     69.53521986       2.81812507
     70.73492589       2.81800316
     72.07024311       2.81796114
     73.29429741       2.81800014
     74.49689822       2.81812071
     75.72509925       2.81832326
     76.94311398       2.81860724
     78.18063217       2.81896973
     79.39531542       2.81940800
     80.62082349       2.81991878
     81.84454081       2.82049851
     83.00891449       2.82114338
     84.20972314       2.82184938
     85.42994121       2.82261251
     86.68350048       2.82342896
     87.90102889       2.82429422
     89.13996966       2.82520302
     90.32186041       2.82614959
     91.50793381       2.82712704
     92.68977636       2.82812744
     93.88872148       2.82914243
     95.09253597       2.83016339
     96.29508999       2.83117986
     97.50912008       2.83218108
     98.71658034       2.83315600
     99.88744069       2.83409274
    101.09041297       2.83497944
    102.34196032       2.83580364
    103.52597690       2.83655492
    104.72686684       2.83722278
    105.94777539       2.83779788
    107.15369066       2.83827186
    108.38118939       2.83863780
    109.61816549       2.83888863
    110.84087472       2.83901913
    112.05317457       2.83902510
    113.23752765       2.83890449
    114.43667741       2.83865713
    115.62447634       2.83828430
    116.80919334       2.83778900
    118.01201108       2.83717551
    119.21372904       2.83645014
    120.48538480       2.83562019
    121.73015672       2.83469394
    122.92986133       2.83367992
    124.11101102       2.83258749
    125.31355701       2.83142835
    126.53232650       2.83021527
    127.73307985       2.82896245
    128.91364255       2.82768509
    130.13630924       2.82639894
    131.34404456       2.82511917
    132.54350058       2.82386069
    133.74370664       2.82263644
    135.04144233       2.82145893
    136.22428918       2.82033889
    137.41528206       2.81928587
    138.64313666       2.81830869
    139.89652627       2.81741529
    141.09570202       2.81661192
    142.25164329       2.81590220
    143.50351154       2.81528953
    144.80190086       2.81477585
    146.00462739       2.81436135
    147.23754797       2.81404436
    148.49394531       2.81382190
    149.69431915       2.81369059
    150.91337269       2.81364466
    152.12740987       2.81367718
    153.40058085       2.81378028
    154.64944326       2.81394493
    155.81882054       2.81416106
    156.97479347       2.81441821
    158.25411885       2.81470527
    159.50807182       2.81501125
    160.72541307       2.81532449
    161.90926848       2.81563330
    163.11371392       2.81592601
    164.31162353       2.81619011
    165.54455026       2.81641297
    166.73458892       2.81658177
    167.94803344       2.81668499
    169.18492778       2.81671196
    170.38719162       2.81665350
    171.63607908       2.81650273
    172.82188687       2.81625397
    174.05486464       2.81590299
    175.26764798       2.81544621
    176.48888548       2.81488083
    177.72892933       2.81420530
    178.95929684       2.81341959
    180.19762936       2.81252438
    181.37069068       2.81152314
    182.58247396       2.81042062
    183.78669253       2.80922434
    184.98802059       2.80794308
    186.15570117       2.80658664
    187.35935545       2.80516538
    188.60780857       2.80368977
    189.77340917       2.80217173
    191.01304611       2.80062232
    192.24609288       2.79905191
    193.44976795       2.79747083
    194.71751423       2.79588974
    195.92604212       2.79431873
    197.16354472       2.79276656
    198.41359056       2.79124109
    199.63411536       2.78975017
    200.91815887       2.78829982
    202.11929079       2.78689484
    203.27279430       2.78553892
    204.47414504       2.78423513
    205.65788324       2.78298570
    206.85883888       2.78179156
    208.06217413       2.78065327
    209.30988478       2.77957041
    210.51272473       2.77854183
    211.71571403       2.77756640
    212.89885958       2.77664338
    214.13769637       2.77577302
    215.33876070       2.77495501
    216.52235996       2.77418933
    217.72238832       2.77347639
    218.94511456       2.77281595
    220.14818184       2.77220749
    221.34852496       2.77164978
    222.58148194       2.77114211
    223.78605167       2.77068421
    224.98576715       2.77027525
    226.20774193       2.76991448
    227.44205673       2.76960180
    228.69187761       2.76933680
    229.90738936       2.76911909
    231.06090232       2.76894652
    232.29673895       2.76881627
    233.49947020       2.76872443
    234.84498696       2.76866600
    236.05848300       2.76863554
    237.30659300       2.76862619
    238.55915695       2.76863043
    239.71604013       2.76864031
    240.96471681       2.76864716
    242.15056052       2.76864133
    243.41806152       2.76861209
    244.62051440       2.76854831
    245.80478524       2.76843890
    247.05759637       2.76827138
    248.25930629       2.76803402
    249.46347572       2.76771616
    250.72790470       2.76730832
    251.97993364       2.76680202
    253.28155330       2.76618971
    254.51729351       2.76546585
    255.77349377       2.76462589
    257.08589665       2.76366730
    258.28842609       2.76258905
    259.48855323       2.76139221
    260.62347487       2.76007899
    261.82447681       2.75865191
    263.02321965       2.75711526
    264.19384511       2.75547464
    265.39659432       2.75373627
    266.63133164       2.75190729
    267.83554360       2.74999590
    269.05620640       2.74801211
    270.25718424       2.74596641
    271.45556931       2.74386944
    272.64210825       2.74173327
    273.84407575       2.73957142
    275.04802777       2.73739807
    276.24981946       2.73522722
    277.46573152       2.73307223
    278.71868442       2.73094715
    279.89970840       2.72886610
    281.19985113       2.72684272
    282.40099722       2.72488969
    283.58504074       2.72301856
    284.82607237       2.72123954
    286.05619270       2.71956180
    287.27349330       2.71799345
    288.45787994       2.71654051
    289.70769562       2.71520720
    290.93472787       2.71399701
    292.13468769       2.71291217
    293.43426707       2.71195362
    294.61744900       2.71112152
    295.78821011       2.71041505
    297.07171201       2.70983186
    298.28439231       2.70936774
    299.48792843       2.70901666
    300.68914967       2.70877117
    301.87258068       2.70862139
    303.08946868       2.70855657
    304.29519349       2.70856390
    305.52888065       2.70862899
    306.72322769       2.70873563
    307.89544965       2.70886677
    309.08092708       2.70900552
    310.27992230       2.70913453
    311.48738019       2.70923630
    312.65915695       2.70929370
    313.88670671       2.70929081
    315.08577519       2.70921310
    316.25116075       2.70904728
    317.49093238       2.70878221
    318.70797777       2.70841009
    319.88895306       2.70792547
    321.09165879       2.70732378
    322.33079522       2.70660190
    323.53069361       2.70575873
    324.69942530       2.70479573
    325.93470660       2.70371590
    327.15046222       2.70252362
    328.39996172       2.70122467
    329.60702639       2.69982699
    330.82338034       2.69833993
    332.00807276       2.69677481
    333.21097747       2.69514389
    334.45751035       2.69345994
    335.66070098       2.69173693
    336.83327032       2.68999021
    338.03246971       2.68823473
    339.26848829       2.68648534
    340.42564418       2.68475588
    341.62113589       2.68305998
    342.77289166       2.68140924
    343.97558085       2.67981337
    345.17800064       2.67827989
    346.39257850       2.67681406
    347.57864718       2.67541890
    348.77893170       2.67409592
    350.02746800       2.67284372
    351.24830378       2.67165895
    352.43005369       2.67053717
    353.65235127       2.66947311
    354.85493743       2.66846092
    356.10395675       2.66749411
    357.35402386       2.66656485
    358.60508914       2.66566439
    359.80661427       2.66478454
    360.98847997       2.66391732
    362.15800093       2.66305439
    363.33725211       2.66218742
    364.56057574       2.66130847
    365.76306738       2.66040850
    366.94211865       2.65947790
    368.16412935       2.65850818
    369.36807758       2.65749160
    370.56829593       2.65642143
    371.80051657       2.65529229
    373.01860502       2.65410043
    374.22243653       2.65284348
    375.40485046       2.65152109
    376.55844660       2.65013429
    377.83147107       2.64868549
    379.03734380       2.64717787
    380.25936726       2.64561618
    381.47606953       2.64400659
    382.70988194       2.64235676
    383.91255222       2.64067462
    385.14545154       2.63896914
    386.36856674       2.63724939
    387.57181787       2.63552480
    388.75040456       2.63380312
    389.96913766       2.63209130
    391.22161985       2.63039523
    392.40529992       2.62872046
    393.66300735       2.62707230
    394.85897357       2.62545548
    396.00945091       2.62387426
    397.20768286       2.62233324
    398.41045144       2.62083724
    399.61571450       2.61939009
    400.79308326       2.61799455
    401.96517572       2.61665105
    403.17928711       2.61535777
    404.41464119       2.61411268
    405.63246167       2.61291333
    406.81874586       2.61175569
    408.04779902       2.61063379
    409.27153667       2.60954138
    410.53993138       2.60847126
    411.72315396       2.60741492
    412.89495056       2.60636378
    414.09613116       2.60530994
    415.29430119       2.60424571
    416.49733681       2.60316433
    417.68222111       2.60206102
    418.86888434       2.60093168
    420.12192799       2.59977340
    421.30422047       2.59858469
    422.50667713       2.59736449
    423.82512902       2.59611227
    424.98204057       2.59482890
    426.21367752       2.59351681
    427.40093295       2.59217927
    428.60310698       2.59082078
    429.83784619       2.58944646
    431.01772501       2.58806172
    432.24179963       2.58667146
    433.44719880       2.58528022
    434.66339254       2.58389178
    435.84525115       2.58250991
    437.04740959       2.58113960
    438.21755818       2.57978656
    439.45038235       2.57845707
    440.65576498       2.57715767
    441.94864406       2.57589587
    443.13046628       2.57467858
    444.35375919       2.57351133
    445.55810774       2.57239785
    446.75964091       2.57134088
    447.99232801       2.57034188
    449.19945649       2.56940258
    450.40464440       2.56852507
    451.65084409       2.56770975
    452.83936471       2.56695617
    454.05771547       2.56626269
    455.27228482       2.56562734
    456.51165520       2.56504639
    457.74661559       2.56451588
    458.94688026       2.56403165
    460.19684245       2.56358990
    461.39666191       2.56318687
    462.55547432       2.56281909
    463.78388945       2.56248347
    465.09598938       2.56217524
    466.32472021       2.56188943
    467.51947842       2.56162001
    468.73680833       2.56135961
    469.93564758       2.56110085
    471.13976785       2.56083671
    472.32285857       2.56055989
    473.54197970       2.56026298
    474.75776840       2.55993895
    475.97631057       2.55958009
    477.17884804       2.55917805
    478.38342108       2.55872428
    479.59933928       2.55821040
    480.83965111       2.55762864
    482.05345861       2.55697269
    483.27071951       2.55623810
    484.46919910       2.55542099
    485.67100308       2.55451879
    486.86519037       2.55352929
    488.14642655       2.55245099
    489.35641246       2.55128090
    490.56575467       2.55001648
    491.78161569       2.54865533
    493.01865890       2.54719597
    494.20082566       2.54563736
    495.39974431       2.54397927
    496.65505511       2.54222140
    497.86250638       2.54036288
    499.07414834       2.53840352
    500.26324697       2.53634335
    501.50900854       2.53418313
    502.71291708       2.53192431
    503.93065391       2.52956998
    505.11285186       2.52712376
    506.31755818       2.52459114
    507.57787634       2.52197874
    508.79252935       2.51929373
    510.00878500       2.51654381
    511.21282162       2.51373627
    512.48148903       2.51088023
    513.71626794       2.50798535
    514.91864283       2.50506258
    516.11946991       2.50212493
    517.32074976       2.49918645
    518.52303533       2.49626180
    519.69611462       2.49336636
    520.88027298       2.49051561
    522.06512420       2.48772475
    523.25222886       2.48500930
    524.45254740       2.48238435
    525.63458703       2.47986481
    526.85527724       2.47746552
    528.03706826       2.47520122
    529.24044038       2.47308500
    530.45872497       2.47112807
    531.70991928       2.46933910
    532.91188820       2.46772358
    534.14733964       2.46628428
    535.37016891       2.46502029
    536.60205588       2.46392921
    537.81712715       2.46300531
    538.97423200       2.46224079
    540.19034066       2.46162562
    541.37479347       2.46114775
    542.57365541       2.46079291
    543.77178904       2.46054505
    545.01110554       2.46038692
    546.22870579       2.46030033
    547.46130404       2.46026613
    548.66259996       2.46026492
    549.86527780       2.46027734
    551.08682109       2.46028448
    552.28887602       2.46026851
    553.49140641       2.46021172
    554.72388226       2.46009662
    555.92542016       2.45990692
    557.09890069       2.45962762
    558.30008176       2.45924681
    559.53090913       2.45875421
    560.75081763       2.45814204
    561.98258030       2.45740420
    563.18504168       2.45653602
    564.40569314       2.45553426
    565.59098248       2.45439784
    566.76063765       2.45312758
    568.01275876       2.45172645
    569.21275403       2.45019895
    570.41551789       2.44855059
    571.59311492       2.44678887
    572.84806133       2.44492271
    574.02216903       2.44296193
    575.21473760       2.44091604
    576.45779392       2.43879548
    577.72183678       2.43661073
    578.90299308       2.43437274
    580.08979999       2.43209282
    581.29151228       2.42978261
    582.59632541       2.42745468
    583.81062915       2.42512093
    585.03279250       2.42279390
    586.23371836       2.42048557
    587.43679935       2.41820705
    588.68586876       2.41596854
    589.91834934       2.41377929
    591.78168185       2.41164780
    592.93461491       2.40958158
    594.13238416       2.40758703
    595.31829593       2.40567003
    596.51642248       2.40383530
    597.73656493       2.40208621
    598.88903860       2.40042409
    600.06890277       2.39884811
    601.27100923       2.39735584
    602.44240222       2.39594343
    603.62280895       2.39460612
    604.78822476       2.39333843
    606.05068577       2.39213284
    607.23183498       2.39098051
    608.41167552       2.38987119
    609.64548557       2.38879428
    610.84782455       2.38773886
    612.07604070       2.38669436
    613.24677817       2.38564990
    614.46460858       2.38459465
    615.72689330       2.38351762
    616.92972853       2.38240917
    618.14294572       2.38126076
    619.31071894       2.38006492
    620.46554767       2.37881485
    621.69412254       2.37750473
    622.86265762       2.37613042
    624.06607275       2.37468857
    625.21674764       2.37317713
    626.41952663       2.37159590
    627.60272842       2.36994644
    628.80207195       2.36823171
    629.95610668       2.36645536
    631.16071564       2.36462205
    632.36037866       2.36273688
    633.57857156       2.36080615
    634.79347222       2.35883743
    636.01247566       2.35683960
    637.17903095       2.35482218
    638.41945999       2.35279498
    639.68847808       2.35076838
    640.85828213       2.34875348
    642.06263588       2.34676038
    643.26265478       2.34479827
    644.46663516       2.34287539
    645.66820472       2.34099909
    646.85330170       2.33917652
    648.06801993       2.33741420
    649.29479460       2.33571794
    650.49244381       2.33409208
    651.66197469       2.33254018
    652.86165756       2.33106517
    654.03152116       2.32966921
    655.19832316       2.32835347
    656.38212895       2.32711809
    657.55177184       2.32596263
    658.80296614       2.32488571
    659.95531977       2.32388535
    661.14483477       2.32295900
    662.34104817       2.32210329
    663.55819375       2.32131332
    664.73323865       2.32058296
    665.91197469       2.31990410
    667.12154234       2.31926774
    668.33840624       2.31866424
    669.51696363       2.31808373
    670.72321871       2.31751672
    671.92261801       2.31695399
    673.14199907       2.31638630
    674.28929665       2.31580388
    675.52571696       2.31519698
    676.70923209       2.31455646
    677.92778229       2.31387443
    679.08026637       2.31314440
    680.32066989       2.31236115
    681.48346929       2.31152022
    682.65500785       2.31061751
    683.85849245       2.30964990
    685.05809025       2.30861561
    686.28939448       2.30751338
    687.54797295       2.30634135
    688.74035531       2.30509862
    689.94288239       2.30378538
    691.12748596       2.30240300
    692.29381770       2.30095408
    693.49363953       2.29944147
    694.70859264       2.29786847
    695.92835132       2.29623935
    697.08421697       2.29455985
    698.24917528       2.29283581
    699.43308883       2.29107342
    700.63287568       2.28927919
    701.85341371       2.28746077
    703.09071828       2.28562578
    704.34012090       2.28378088
    705.53877110       2.28193191
    706.74295943       2.28008334
    707.95923965       2.27823825
    709.14150472       2.27639919
    710.36208811       2.27456701
    711.53429353       2.27274169
    712.71436707       2.27092410
    713.91372526       2.26911528
    715.17002713       2.26731655
    716.38618873       2.26552889
    717.58979621       2.26375246
    718.77181598       2.26198717
    720.04380305       2.26023251
    721.27667212       2.25848862
    722.47783570       2.25675553
    723.67739049       2.25503315
    724.85560287       2.25332105
    726.07775394       2.25161873
    727.23134535       2.24992475
    728.44608910       2.24823720
    730.09461312       2.24655429
    731.27747368       2.24487395
    732.48004613       2.24319360
    733.68080231       2.24151060
    734.88274288       2.23982308
    736.08786699       2.23812989
    737.25335085       2.23643043
    738.51048831       2.23472444
    739.84318440       2.23301228
    741.01079929       2.23129500
    742.21260327       2.22957437
    743.39458192       2.22785280
    744.59427614       2.22613222
    745.81865087       2.22441524
    747.04382952       2.22270420
    748.24092434       2.22100129
    749.43438522       2.21930696
    750.66904834       2.21762078
    751.87148515       2.21594248
    753.09524689       2.21427174
    754.32696325       2.21260898
    755.52742169       2.21095473
    756.72832958       2.20930893
    757.91508828       2.20767347
    759.13216581       2.20605141
    760.34675218       2.20444568
    761.50438021       2.20285911
    762.73439987       2.20129424
    763.97046808       2.19975335
    765.21619421       2.19823879
    766.38819167       2.19675258
    767.57493903       2.19529629
    768.79219143       2.19386996
    769.99360313       2.19247323
    771.22649678       2.19110544
    772.42995538       2.18976500
    773.65091688       2.18844909
    774.83304772       2.18715465
    776.05332864       2.18587890
    777.23583237       2.18461817
    778.40335605       2.18336881
    779.60250014       2.18212756
    780.81910883       2.18089139
    782.04161531       2.17965834
    783.26427917       2.17842608
    784.48367299       2.17719226
    785.66106490       2.17595451
    786.86547630       2.17470946
    788.08584891       2.17345378
    789.28979384       2.17218361
    790.53553840       2.17089410
    791.74339093       2.16958052
    792.94059446       2.16823751
    794.13933163       2.16685966
    795.32414551       2.16544151
    796.54410316       2.16397892
    797.76838904       2.16246938
    798.96616916       2.16091122
    800.18412481       2.15930384
    801.40390712       2.15764636
    802.57395174       2.15593902
    803.77260242       2.15418352
    805.00484716       2.15238151
    806.22787115       2.15053494
    807.45390334       2.14864545
    808.65252850       2.14671469
    809.86218925       2.14474414
    811.06962351       2.14273508
    812.23677666       2.14068887
    813.43786273       2.13860633
    814.64009490       2.13648790
    815.89477617       2.13433465
    817.11035692       2.13214764
    818.31163393       2.12992736
    819.51938342       2.12767514
    820.74668176       2.12539374
    821.94707309       2.12308706
    823.14711279       2.12075895
    824.35498374       2.11841494
    825.53890627       2.11606080
    826.69127172       2.11370305
    827.89481634       2.11134902
    829.11725570       2.10900485
    830.32415260       2.10667750
    831.55495208       2.10437322
    832.75703821       2.10209775
    834.02294270       2.09985694
    835.22543906       2.09765585
    836.47412613       2.09549995
    837.67391440       2.09339557
    838.83044076       2.09134902
    840.02904843       2.08936689
    841.22983156       2.08745680
    842.45056430       2.08562627
    843.63369520       2.08388316
    844.83649640       2.08223401
    846.01973789       2.08068495
    847.24004669       2.07924059
    848.46607700       2.07790576
    849.71067452       2.07668420
    850.91448712       2.07557836
    852.16866788       2.07458939
    853.40171229       2.07371630
    854.67106688       2.07295779
    855.85084504       2.07231134
    857.05393406       2.07177368
    858.27533603       2.07134094
    859.45568700       2.07100800
    860.76011069       2.07076941
    862.01213679       2.07062001
    863.21805395       2.07055396
    864.41448948       2.07056538
    865.65272605       2.07064964
    866.83820869       2.07080239
    868.00811105       2.07101855
    869.21212970       2.07129204
    870.44534047       2.07161669
    871.66115092       2.07198539
    872.94435176       2.07239166
    874.11655009       2.07282828
    875.29338337       2.07328658
    876.49709766       2.07375827
    877.70372516       2.07423300
    878.92061837       2.07470088
    880.10334565       2.07515206
    881.30382867       2.07557705
    882.52529066       2.07596690
    883.74382290       2.07631283
    884.94709152       2.07660592
    886.19740486       2.07683781
    887.40319489       2.07700054
    888.64925232       2.07708503
    889.85156861       2.07708377
    891.06864378       2.07698872
    892.30529283       2.07679324
    893.53712734       2.07649043
    894.73830605       2.07607452
    895.98657154       2.07553958
    897.17549010       2.07488060
    898.37554493       2.07409335
    899.57746659       2.07317478
    900.77970537       2.07212453
    902.04535938       2.07094229
    903.22517440       2.06962979
    904.42866467       2.06819030
    905.68598645       2.06662839
    906.90329934       2.06495046
    908.13581063       2.06316442
    909.33588341       2.06127891
    910.52334253       2.05930468
    911.77605535       2.05725401
    913.04056185       2.05513874
    914.24206193       2.05297065
    915.42581054       2.05076191
    916.69523224       2.04852573
    917.89379454       2.04627491
    919.04846116       2.04402218
    920.22755118       2.04177869
    921.48226743       2.03955511
    922.70390476       2.03736216
    923.90130868       2.03520945
    925.10578672       2.03310747
    926.30688413       2.03106529
    927.55878216       2.02909087
    928.73886752       2.02719111
    929.94348923       2.02537235
    931.19745401       2.02363960
    932.41627692       2.02199711
    933.61317561       2.02044765
    934.80490812       2.01899350
    936.02130650       2.01763693
    937.25233095       2.01637790
    938.45507496       2.01521609
    939.67608513       2.01414908
    940.87638713       2.01317386
    942.07831588       2.01228617
    943.26125584       2.01148143
    944.46122984       2.01075383
    945.64619024       2.01009697
    946.88250279       2.00950398
    948.08884956       2.00896603
    949.29986247       2.00847503
    950.53952871       2.00802199
    951.81004830       2.00759741
    953.06151530       2.00719192
    954.24819035       2.00679601
    955.51702885       2.00639981
    956.74532724       2.00599387
    958.02105696       2.00556795
    959.19719171       2.00511090
    960.41616018       2.00461256
    961.63219937       2.00406323
    962.82453589       2.00345345
    964.03919740       2.00277260
    965.25713604       2.00201138
    966.46070996       2.00116175
    967.69565098       2.00021776
    968.91217744       1.99917469
    970.11514122       1.99802921
    971.30068435       1.99677980
    972.55031382       1.99542545
    973.74976180       1.99396747
    974.92073653       1.99240922
    976.12418237       1.99075596
    977.35796643       1.98901425
    978.53618636       1.98719348
    979.77917179       1.98530442
    980.96890041       1.98335963
    982.16880636       1.98137209
    983.42863631       1.97935526
    984.71984848       1.97732372
    985.92991805       1.97529123
    987.11699482       1.97327119
    988.34066393       1.97127597
    989.57005927       1.96931750
    990.77260761       1.96740644
    992.04416035       1.96555293
    993.22834093       1.96376612
    994.42517487       1.96205373
    995.62647220       1.96042285
    996.82032913       1.95887876
    998.06687856       1.95742588
    999.25072263       1.95606683
   1000.49381392       1.95480171
   1001.71057527       1.95362860
   1002.89661276       1.95254450
   1004.09644356       1.95154455
   1005.34981426       1.95062275
   1006.60078076       1.94977187
   1007.82750392       1.94898271
   1009.02663762       1.94824453
   1010.27974885       1.94754552
   1011.54656030       1.94687512
   1012.77931593       1.94622263
   1013.96756716       1.94557777
   1015.23163554       1.94492976
   1016.43501569       1.94426858
   1017.63268947       1.94358474
   1018.83672656       1.94286958
   1020.09055712       1.94211631
   1021.31341664       1.94131949
   1022.55753871       1.94047532
   1023.80636804       1.93958088
   1025.01064333       1.93863497
   1026.20720504       1.93763642
   1027.46125300       1.93658521
   1028.66172184       1.93548181
   1029.91796747       1.93432717
   1031.09893000       1.93312243
   1032.31723018       1.93186843
   1033.50350587       1.93056650
   1034.70358858       1.92921928
   1035.87530578       1.92783133
   1037.05654999       1.92640800
   1038.27579589       1.92495569
   1039.47673923       1.92348117
   1040.76193688       1.92199159
   1041.96222045       1.92049460
   1043.18231421       1.91899792
   1044.43553415       1.91750914
   1045.63462720       1.91603465
   1046.81936074       1.91458098
   1048.08738492       1.91315452
   1049.32209672       1.91176169
   1050.52803373       1.91040738
   1051.78230145       1.90909536
   1052.97077575       1.90782791
   1054.18539804       1.90660632
   1055.38890343       1.90543138
   1056.60483676       1.90430332
   1057.84244192       1.90322250
   1059.02317665       1.90218832
   1060.24357809       1.90119962
   1061.46308723       1.90025353
   1062.64983978       1.89934754
   1063.89904579       1.89847891
   1065.16665076       1.89764485
   1066.38440791       1.89684264
   1067.58747141       1.89606949
   1068.83445517       1.89532180
   1070.03618069       1.89459475
   1071.28270223       1.89388437
   1072.52175029       1.89318683
   1073.68793410       1.89249846
   1074.88851400       1.89181534
   1076.05667855       1.89113372
   1077.29007411       1.89045043
   1078.52858574       1.88976342
   1079.79662174       1.88907277
   1080.99851031       1.88838067
   1082.15284657       1.88769039
   1083.40393690       1.88700511
   1084.60380315       1.88632858
   1085.80613504       1.88566468
   1087.01699860       1.88501831
   1088.25832136       1.88439453
   1089.46290905       1.88379779
   1090.66350596       1.88323254
   1091.86298939       1.88270281
   1093.11466907       1.88221217
   1094.32918171       1.88176262
   1095.51536902       1.88135590
   1096.72049502       1.88099173
   1097.87524151       1.88066942
   1099.07737159       1.88038734
   1100.32224228       1.88014330
   1101.52405855       1.87993423
   1102.74611604       1.87975605
   1103.94658062       1.87960452
   1105.14878301       1.87947433
   1106.39793183       1.87935934
   1107.63563435       1.87925221
   1108.89142673       1.87914642
   1110.10694699       1.87903477
   1111.30937388       1.87890974
   1112.54349632       1.87876450
   1113.74146927       1.87859195
   1114.94396610       1.87838485
   1116.21279657       1.87813672
   1117.51503157       1.87784302
   1118.75010019       1.87749945
   1120.01355181       1.87710239
   1121.21973600       1.87664950
   1122.45152750       1.87613987
   1123.66669754       1.87557452
   1124.90254788       1.87495699
   1126.14023574       1.87429278
   1127.37799544       1.87358792
   1128.58875173       1.87284840
   1129.77566025       1.87208088
   1130.92715844       1.87129334
   1132.15915931       1.87049427
   1133.36506796       1.86969349
   1134.54277747       1.86890007
   1135.74170322       1.86812320
   1136.94426574       1.86737257
   1138.14610186       1.86665723
   1139.34632304       1.86598511
   1140.56621926       1.86536427
   1141.81928701       1.86480288
   1143.06822031       1.86430804
   1144.21854217       1.86388661
   1145.45226761       1.86354437
   1146.64245893       1.86328605
   1147.82429580       1.86311544
   1149.00829017       1.86303550
   1150.21288306       1.86304831
   1151.41259665       1.86315402
   1152.61403435       1.86335117
   1153.81630196       1.86363697
   1155.03326985       1.86400817
   1156.23660416       1.86446003
   1157.42079655       1.86498726
   1158.61923502       1.86558380
   1159.82361712       1.86624223
   1160.99565902       1.86695503
   1162.19912802       1.86771425
   1163.41069390       1.86851192
   1164.69604893       1.86933973
   1165.94886997       1.87018946
   1167.19920648       1.87105258
   1168.40046505       1.87192115
   1169.61587047       1.87278796
   1170.84950470       1.87364602
   1172.03700257       1.87448837
   1173.30734682       1.87530770
   1174.49612596       1.87609802
   1175.69633580       1.87685491
   1176.89383613       1.87757525
   1178.06782568       1.87825610
   1179.29091678       1.87889649
   1180.48931556       1.87949563
   1181.69258465       1.88005414
   1182.92600384       1.88057364
   1184.12723878       1.88105618
   1185.37604779       1.88150431
   1186.56061591       1.88192243
   1187.74664442       1.88231557
   1188.94856041       1.88268910
   1190.23052205       1.88304859
   1191.43732584       1.88339962
   1192.66553349       1.88374776
   1193.85275063       1.88409853
   1195.10751035       1.88445638
   1196.34064739       1.88482445
   1197.55762331       1.88520413
   1198.79313146       1.88559564
   1199.99523839       1.88599843
   1201.21703925       1.88641069
   1202.41632512       1.88682924
   1203.61887536       1.88725041
   1204.81924022       1.88766933
   1206.02228576       1.88808069
   1207.19728435       1.88847789
   1208.44699699       1.88885333
   1209.62636586       1.88919884
   1210.85061109       1.88950541
   1212.10142636       1.88976290
   1213.30404749       1.88996082
   1214.50868008       1.89008934
   1215.72415827       1.89013829
   1216.91288400       1.89009810
   1218.14892291       1.88996042
   1219.40347326       1.88971773
   1220.63387999       1.88936476
   1221.85057754       1.88889749
   1223.00821266       1.88831317
   1224.18792512       1.88761084
   1225.38990964       1.88679273
   1226.57490406       1.88586235
   1227.76165000       1.88482585
   1228.94365465       1.88369147
   1230.16370966       1.88246923
   1231.36661578       1.88117043
   1232.53967900       1.87980891
   1233.74048386       1.87839951
   1234.97246488       1.87695745
   1236.14598938       1.87549866
   1237.33953580       1.87403966
   1238.49231006       1.87259759
   1239.64548462       1.87118884
   1240.84412349       1.86982878
   1241.99632871       1.86853225
   1243.20237017       1.86731293
   1244.39923720       1.86618424
   1245.63236715       1.86515839
   1246.83368338       1.86424630
   1248.07597879       1.86345769
   1249.29404172       1.86280185
   1250.49498554       1.86228590
   1251.69280630       1.86191512
   1252.86245534       1.86169256
   1254.01360663       1.86161985
   1255.21879596       1.86169597
   1256.42340917       1.86191809
   1257.59079910       1.86228144
   1258.77400656       1.86277997
   1260.04600214       1.86340576
   1261.28356287       1.86414893
   1262.50128174       1.86499865
   1263.69935393       1.86594306
   1264.90538830       1.86696895
   1266.15276528       1.86806308
   1267.37111982       1.86921155
   1268.60898539       1.87040001
   1269.79093285       1.87161439
   1271.01145434       1.87284065
   1272.26337930       1.87406394
   1273.51412746       1.87526915
   1274.71121047       1.87644005
   1275.95061487       1.87755963
   1277.16861211       1.87861042
   1278.35349878       1.87957652
   1279.57712914       1.88044203
   1280.80623050       1.88119157
   1282.02455385       1.88181170
   1283.30214662       1.88229013
   1284.54022676       1.88261575
   1285.74650878       1.88277781
   1286.97739191       1.88276809
   1288.20163289       1.88258039
   1289.41619704       1.88221055
   1290.60441802       1.88165756
   1291.79053491       1.88092255
   1292.99044984       1.88000970
   1294.19013602       1.87892629
   1295.36006343       1.87768309
   1296.54058217       1.87629224
   1297.72722602       1.87476847
   1298.99900892       1.87312840
   1300.20194434       1.87138986
   1301.37181645       1.86957140
   1302.57277587       1.86769383
   1303.77341957       1.86577831
   1304.97566214       1.86384622
   1306.18559181       1.86191853
   1307.37451888       1.86001618
   1308.56109373       1.85816003
   1309.78253493       1.85637064
   1310.99360502       1.85466719
   1312.19240552       1.85306797
   1313.41764892       1.85158904
   1314.66738520       1.85024385
   1315.90044710       1.84904363
   1317.10147504       1.84799660
   1318.32332883       1.84710774
   1319.55767718       1.84637919
   1320.72467106       1.84581023
   1321.92793164       1.84539805
   1323.14612407       1.84513824
   1324.36231308       1.84502517
   1325.57942653       1.84505023
   1327.13481247       1.84520330
   1328.93764769       1.84547288
   1330.15196467       1.84584556
   1331.37046619       1.84630670
   1332.56927425       1.84684181
   1333.77303817       1.84743705
   1334.99423739       1.84807833
   1336.17143174       1.84875193
   1337.43519292       1.84944539
   1338.69270044       1.85014679
   1339.88366779       1.85084506
   1341.11271717       1.85153022
   1342.29581403       1.85219317
   1343.51374180       1.85282487
   1344.68336248       1.85341768
   1345.88588909       1.85396426
   1347.07246772       1.85445826
   1348.28639195       1.85489449
   1349.47510634       1.85526991
   1350.67399191       1.85558130
   1351.89334509       1.85582639
   1353.09508715       1.85600379
   1354.33523073       1.85611334
   1355.55226809       1.85615608
   1356.80195191       1.85613409
   1358.05372327       1.85605014
   1359.20351769       1.85590785
   1360.43450243       1.85571179
   1361.63752434       1.85546755
   1362.81100488       1.85518196
   1364.03775923       1.85486280
   1365.20984271       1.85451910
   1366.39688640       1.85416099
   1367.61433068       1.85379851
   1368.81675709       1.85344212
   1370.00103409       1.85310215
   1371.17909570       1.85278815
   1372.38289222       1.85250918
   1373.58497552       1.85227414
   1374.80663176       1.85209113
   1376.00619789       1.85196726
   1377.21135934       1.85190920
   1378.41282303       1.85192374
   1379.62779695       1.85201538
   1380.84339660       1.85218740
   1382.04560136       1.85244145
   1383.24681031       1.85277845
   1384.44617559       1.85319719
   1385.66787389       1.85369496
   1386.86885173       1.85426820
   1388.10221279       1.85491216
   1389.26935885       1.85562084
   1390.47112171       1.85638738
   1391.62055173       1.85720355
   1392.82469753       1.85806101
   1394.15665633       1.85895084
   1395.35727310       1.85986413
   1396.57560117       1.86079072
   1397.76059134       1.86172084
   1398.97711354       1.86264522
   1400.19462257       1.86355594
   1401.40124062       1.86444645
   1402.63380910       1.86531178
   1403.86714889       1.86614830
   1405.08288844       1.86695425
   1406.23858914       1.86773037
   1407.43637068       1.86847878
   1408.59017430       1.86920339
   1409.79129346       1.86990970
   1411.04247689       1.87060435
   1412.24419012       1.87129428
   1413.42623306       1.87198595
   1414.62885844       1.87268659
   1415.83019075       1.87340326
   1417.03409362       1.87414327
   1418.23703707       1.87491409
   1419.43605214       1.87572258
   1420.76031297       1.87657448
   1422.00195616       1.87747462
   1423.26454478       1.87842734
   1424.46617152       1.87943602
   1425.71873594       1.88050192
   1426.91672448       1.88162610
   1428.14772860       1.88280826
   1429.33596896       1.88404729
   1430.53433465       1.88534065
   1431.76601414       1.88668489
   1433.01112729       1.88807584
   1434.22363792       1.88950813
   1435.37699066       1.89097509
   1436.62619336       1.89246926
   1437.77968552       1.89398232
   1438.98062886       1.89550593
   1440.16394786       1.89703073
   1441.36378670       1.89854705
   1442.61955687       1.90004494
   1443.81963249       1.90151495
   1445.04046732       1.90294869
   1446.22750770       1.90433838
   1447.42755686       1.90567688
   1448.59524170       1.90695800
   1449.75049719       1.90817631
   1450.93512817       1.90932868
   1452.16735070       1.91041295
   1453.38350899       1.91142718
   1454.61975348       1.91237067
   1455.83641842       1.91324358
   1457.04063179       1.91404654
   1458.26518517       1.91478071
   1459.47150595       1.91544760
   1460.66973930       1.91605017
   1461.82200928       1.91659186
   1463.05568227       1.91707690
   1464.25470632       1.91750926
   1465.47328251       1.91789287
   1466.63953485       1.91823128
   1467.82881213       1.91852881
   1468.99751262       1.91879050
   1470.21455848       1.91902185
   1471.46474611       1.91922839
   1472.68409787       1.91941576
   1473.88552045       1.91958906
   1475.19908029       1.91975276
   1476.46701183       1.91991131
   1477.68638628       1.92006812
   1478.90508535       1.92022660
   1480.10688082       1.92038919
   1481.31072320       1.92055756
   1482.49745071       1.92073310
   1483.72783475       1.92091579
   1484.93138789       1.92110494
   1486.12922614       1.92129822
   1487.30198499       1.92149318
   1488.48742367       1.92168683
   1489.65778494       1.92187568
   1490.88929429       1.92205612
   1492.06094769       1.92222387
   1493.29642844       1.92237499
   1494.50962956       1.92250600
   1495.71932151       1.92261421
   1496.93019878       1.92269787
   1498.13797380       1.92275396
   1499.36900013       1.92278009
   1500.60425544       1.92277536
   1501.82481473       1.92273949
   1502.99360597       1.92267282
   1504.22605394       1.92257699
   1505.48118041       1.92245455
   1506.66006815       1.92230968
   1507.90705097       1.92214656
   1509.07134242       1.92196958
   1510.26303713       1.92178330
   1511.45961728       1.92159343
   1512.66166796       1.92140668
   1513.83053340       1.92123104
   1515.01763238       1.92107507
   1516.25035399       1.92094708
   1517.49177080       1.92085464
   1518.69111812       1.92080530
   1519.89393727       1.92080641
   1521.09290366       1.92086521
   1522.29700172       1.92098876
   1523.49569210       1.92118283
   1524.71541108       1.92145318
   1525.96809602       1.92180371
   1527.14795026       1.92223697
   1528.32311473       1.92275391
   1529.52406611       1.92335334
   1530.77175974       1.92403308
   1531.95769278       1.92478931
   1533.15785489       1.92561764
   1534.33978297       1.92651156
   1535.63034199       1.92746356
   1536.81653733       1.92846515
   1538.05203414       1.92950685
   1539.27325085       1.93057897
   1540.45716014       1.93167134
   1541.69086101       1.93277327
   1542.87717876       1.93387291
   1544.12293986       1.93495789
   1545.29709104       1.93601721
   1546.50118060       1.93704054
   1547.71390060       1.93801726
   1548.93147390       1.93893797
   1550.12370787       1.93979423
   1551.29144564       1.94057785
   1552.54475159       1.94128123
   1553.74697809       1.94189608
   1554.94933030       1.94241603
   1556.18225088       1.94283656
   1557.38311766       1.94315556
   1558.59887234       1.94337193
   1559.80070987       1.94348580
   1561.02137503       1.94349828
   1562.17447161       1.94341173
   1563.34264561       1.94323064
   1564.52808949       1.94296209
   1565.71715456       1.94261443
   1566.98552659       1.94219734
   1568.18844074       1.94172162
   1569.41685540       1.94119913
   1570.62235571       1.94064306
   1571.83855795       1.94006632
   1573.06964289       1.93948248
   1574.27894351       1.93890596
   1575.50451632       1.93835118
   1576.77455999       1.93783303
   1578.00854018       1.93736572
   1579.21306029       1.93696293
   1580.43621472       1.93663739
   1581.68059956       1.93640204
   1583.01364066       1.93626895
   1584.21438645       1.93624907
   1585.41643288       1.93635237
   1586.63469715       1.93658697
   1587.81609732       1.93695909
   1589.01553538       1.93747344
   1590.17053850       1.93813383
   1591.36634875       1.93894320
   1592.60615961       1.93990254
   1593.80276670       1.94101075
   1595.00183044       1.94226581
   1596.21007288       1.94366307
   1597.43964592       1.94519610
   1598.61229654       1.94685746
   1599.81525181       1.94863864
   1601.04829244       1.95053163
   1602.21680341       1.95252707
   1603.44650831       1.95461434
   1604.64925941       1.95678087
   1605.87105838       1.95901413
   1607.09972021       1.96130144
   1608.32219360       1.96363067
   1609.52394134       1.96599059
   1610.72660501       1.96836993
   1611.97688432       1.97075718
   1613.19395098       1.97314097
   1614.46235798       1.97551069
   1615.68344660       1.97785584
   1616.93123145       1.98016644
   1618.18301841       1.98243246
   1619.37376127       1.98464444
   1620.58662448       1.98679307
   1621.78785990       1.98886852
   1623.07296019       1.99086146
   1624.27659177       1.99276246
   1625.48925742       1.99456320
   1626.72568104       1.99625604
   1627.89805755       1.99783385
   1629.14554748       1.99928926
   1630.32798505       2.00061506
   1631.52783145       2.00180453
   1632.71995151       2.00285138
   1633.89989083       2.00375077
   1635.08580969       2.00449908
   1636.30533915       2.00509373
   1637.52004934       2.00553333
   1638.73884767       2.00581627
   1639.93825501       2.00594185
   1641.16324744       2.00591080
   1642.39823478       2.00572430
   1643.61758606       2.00538525
   1644.81942171       2.00489816
   1646.00387168       2.00426784
   1647.16967692       2.00349996
   1648.40364104       2.00260044
   1649.67202913       2.00157566
   1650.87673356       2.00043354
   1652.07568057       1.99918384
   1653.25896412       1.99783643
   1654.51787058       1.99640225
   1655.76099543       1.99489266
   1657.06611623       1.99331847
   1658.24950092       1.99169091
   1659.42199652       1.99002110
   1660.60832514       1.98832092
   1661.84123249       1.98660195
   1663.02440214       1.98487519
   1664.19239371       1.98315030
   1665.43133259       1.98143593
   1666.67840898       1.97973948
   1667.91124402       1.97806834
   1669.11180785       1.97642983
   1670.32936934       1.97483042
   1671.50131387       1.97327658
   1672.68519056       1.97177356
   1673.85728917       1.97032584
   1675.05628438       1.96893792
   1676.22500142       1.96761430
   1677.41183999       1.96635995
   1678.62594996       1.96518008
   1679.80137910       1.96407996
   1681.00236497       1.96306437
   1682.18760705       1.96213779
   1683.35283712       1.96130417
   1684.55375541       1.96056658
   1685.77232026       1.95992879
   1686.97355427       1.95939456
   1688.19317447       1.95896703
   1689.37654073       1.95864945
   1690.57919069       1.95844513
   1691.73392017       1.95835688
   1692.94905618       1.95838769
   1694.15090695       1.95854013
   1695.33761272       1.95881645
   1696.54352137       1.95921899
   1697.74186910       1.95974881
   1698.94435696       1.96040619
   1700.14538348       1.96119156
   1701.34773900       1.96210453
   1702.59462210       1.96314404
   1703.76193830       1.96430933
   1704.98228302       1.96559866
   1706.18464563       1.96700961
   1707.37464081       1.96853763
   1708.60687799       1.97017599
   1709.85426395       1.97191723
   1711.05282341       1.97375352
   1712.23751536       1.97567674
   1713.41192932       1.97767949
   1714.66497060       1.97975344
   1715.90625603       1.98188946
   1717.12002855       1.98407898
   1718.32083341       1.98631318
   1719.49607681       1.98858366
   1720.74344717       1.99088293
   1721.94902027       1.99320321
   1723.19606925       1.99553716
   1724.39967342       1.99787714
   1725.59923200       2.00021543
   1726.80821975       2.00254429
   1728.05365663       2.00485566
   1729.25724379       2.00714152
   1730.50923965       2.00939461
   1731.70964185       2.01160871
   1732.91212592       2.01377762
   1734.09776358       2.01589567
   1735.34595535       2.01795807
   1736.56491436       2.01996075
   1737.75064985       2.02189964
   1738.93990633       2.02377044
   1740.22305282       2.02556888
   1741.40691249       2.02729104
   1742.59592085       2.02893316
   1743.83012931       2.03049162
   1745.07723878       2.03196375
   1746.24919041       2.03334711
   1747.48274619       2.03463918
   1748.65092397       2.03583767
   1749.85069286       2.03694019
   1751.00599609       2.03794354
   1752.24041486       2.03884424
   1753.44050419       2.03963846
   1754.61169348       2.04032309
   1755.82074409       2.04089643
   1757.01040607       2.04135710
   1758.20815736       2.04170411
   1759.41560816       2.04193687
   1760.70523848       2.04205462
   1761.97057678       2.04205702
   1763.12462711       2.04194453
   1764.29457247       2.04171751
   1765.49441414       2.04137662
   1766.68443295       2.04092278
   1767.87808004       2.04035653
   1769.10228227       2.03967875
   1770.28501616       2.03889010
   1771.52394276       2.03799135
   1772.75307484       2.03698324
   1773.95763985       2.03586653
   1775.13897905       2.03464248
   1776.34177836       2.03331271
   1777.55119099       2.03187591
   1778.88388472       2.03033642
   1780.40256347       2.02869525
   1781.68045021       2.02695343
   1783.18613721       2.02511197
   1784.38097955       2.02317187
   1785.55400684       2.02113416
   1786.80299450       2.01899985
   1788.05488544       2.01676995
   1789.31533546       2.01444548
   1790.51018489       2.01202746
   1791.68031410       2.00951689
   1792.88332136       2.00691479
   1794.07452360       2.00422217
   1795.32717971       2.00144006
   1796.62139015       1.99856945
   1797.87257311       1.99561138
   1799.04005378       1.99256685
   1800.22295546       1.98943687
