      0.02583937      23.06854795
      1.44093569      23.06469372
      2.65792720      23.06458811
      3.92107586      23.06811889
      5.20845795      23.07517369
      6.42564559      23.08564043
      7.68261858      23.09940704
      8.86806719      23.11636129
     10.07025304      23.13639082
     11.30433437      23.15938369
     12.55908133      23.18522753
     13.80739172      23.21381027
     15.04261348      23.24501954
     16.26245156      23.27874340
     17.46397905      23.31486963
     18.68138221      23.35328587
     19.91415109      23.39388017
     21.16998932      23.43654003
     22.40276575      23.48115367
     23.60526968      23.52760855
     24.80691107      23.57563140
     26.03959724      23.62519117
     27.24169424      23.67616657
     28.48087888      23.72844095
     29.68185152      23.78189762
     30.89823903      23.83642996
     32.13025880      23.89194140
     33.41377394      23.94834676
     34.64407292      24.00556597
     35.84726733      24.06351974
     37.09270091      24.12213477
     38.30680473      24.18135029
     39.52371401      24.24111557
     40.72552035      24.30138578
     41.98994603      24.36211968
     43.21447341      24.42328982
     44.46332637      24.48488644
     45.71655245      24.54691098
     46.95043150      24.60938196
     48.22085704      24.67233000
     49.46945810      24.73578842
     50.73933210      24.79980322
     51.97301359      24.86443029
     53.14334225      24.92974276
     54.36079125      24.99581766
     55.63126973      25.06272725
     56.84789969      25.13055087
     58.03274051      25.19936337
     59.23213037      25.26923674
     60.41709407      25.34023880
     61.63747141      25.41242546
     62.81793296      25.48585058
     64.04131472      25.56056160
     65.37435913      25.63659630
     66.62287937      25.71397997
     67.82482513      25.79271850
     69.01121425      25.87280687
     70.24958646      25.95423674
     71.51820755      26.03700107
     72.75123684      26.12108261
     73.96931300      26.20645723
     75.22326550      26.29308411
     76.38775167      26.38090924
     77.62669906      26.46988001
     78.85954213      26.55992603
     80.12953617      26.65095977
     81.27842411      26.74285926
     82.51664272      26.83549085
     83.75006333      26.92872063
     84.95283712      27.02241007
     86.15382867      27.11640702
     87.32385721      27.21054722
     88.53994036      27.30467507
     89.77317806      27.39865319
     91.02664660      27.49235183
     92.22871618      27.58563966
     93.40786623      27.67839683
     94.64804809      27.77050568
     95.89810575      27.86186172
     97.09887186      27.95237430
     98.23079522      28.04195893
     99.43981039      28.13054217
    100.71032573      28.21804557
    102.03612965      28.30440188
    103.26189340      28.38956355
    104.47837779      28.47348732
    105.71825482      28.55614000
    106.99311256      28.63749946
    108.32029841      28.71756067
    109.61190947      28.79633929
    110.98276084      28.87385401
    112.28692884      28.95013629
    113.45714265      29.02522895
    114.62771518      29.09920240
    115.87533461      29.17214400
    117.07628977      29.24415420
    118.27782908      29.31534350
    119.47949553      29.38581865
    120.66601745      29.45568713
    121.85960310      29.52506261
    123.12295688      29.59406378
    124.28546751      29.66281176
    125.52406800      29.73140872
    126.77234389      29.79995467
    128.12448485      29.86853827
    129.32459166      29.93726140
    130.54234550      30.00621917
    131.78057026      30.07549852
    133.00563123      30.14518006
    134.21284808      30.21534196
    135.44412679      30.28606469
    136.65567565      30.35741075
    137.91117124      30.42941650
    139.15488638      30.50209773
    140.34006135      30.57545317
    141.52666928      30.64946154
    142.71547961      30.72407714
    143.93884672      30.79921593
    145.14010624      30.87477932
    146.40387404      30.95065007
    147.57530389      31.02669080
    148.74515663      31.10276329
    149.99361920      31.17871336
    151.25146275      31.25437173
    152.54278456      31.32956713
    153.74603806      31.40413776
    154.96070051      31.47792858
    156.21536098      31.55077966
    157.51095383      31.62253337
    158.74425629      31.69305838
    159.96253001      31.76225023
    161.16401497      31.83002815
    162.35000142      31.89631312
    163.52908152      31.96105256
    164.72989205      32.02422173
    165.91556846      32.08581591
    167.15403756      32.14586052
    168.35651124      32.20441046
    169.55642711      32.26154275
    170.77396024      32.31736241
    172.06020096      32.37199045
    173.26015653      32.42558219
    174.56370588      32.47830517
    175.77958438      32.53034159
    176.98103626      32.58187855
    178.16756999      32.63310958
    179.39838743      32.68422250
    180.64585137      32.73539089
    181.83106414      32.78676475
    183.03315878      32.83847414
    184.24979347      32.89062666
    185.52023650      32.94332119
    186.70552394      32.99663000
    187.95481691      33.05061818
    189.13989215      33.10532611
    190.35795839      33.16077275
    191.55885069      33.21697866
    192.74490094      33.27394771
    193.93042847      33.33166884
    195.19932274      33.39012050
    196.43741989      33.44926446
    197.67666361      33.50905603
    198.87686825      33.56944881
    200.05901374      33.63039279
    201.27579541      33.69183005
    202.42203244      33.75370098
    203.65481880      33.81595255
    204.85663837      33.87853863
    206.07451935      33.94140505
    207.41401497      34.00447838
    208.59381581      34.06767859
    209.83352695      34.13094246
    211.06611670      34.19420806
    212.26818109      34.25741517
    213.45364765      34.32050847
    214.62377876      34.38344329
    215.91199926      34.44618930
    217.11381789      34.50872336
    218.34755799      34.57101602
    219.56444600      34.63304558
    220.78117285      34.69477454
    221.96709880      34.75615678
    223.21905590      34.81714314
    224.59803439      34.87767659
    225.82061270      34.93769391
    227.03739862      34.99713545
    228.28545948      35.05594734
    229.54017288      35.11409638
    230.72565788      35.17155714
    231.94220655      35.22833164
    233.17482655      35.28442604
    234.44407102      35.33987800
    235.65718283      35.39471971
    236.84227839      35.44899714
    238.04454459      35.50277754
    239.24533055      35.55613290
    240.40855720      35.60913436
    241.62047942      35.66185734
    242.94818043      35.71438130
    244.15037195      35.76678026
    245.35370012      35.81912303
    246.61512090      35.87147658
    247.96864094      35.92389537
    249.22995822      35.97641417
    250.50071365      36.02904130
    251.70091546      36.08176917
    252.94726544      36.13456888
    254.14971879      36.18739992
    255.31299648      36.24022980
    256.51452493      36.29303109
    257.78494669      36.34576471
    259.03349812      36.39839486
    260.26262170      36.45088118
    261.51647778      36.50319464
    262.71658742      36.55529947
    263.98979148      36.60715599
    265.22330425      36.65871651
    266.42344604      36.70993806
    267.71861826      36.76077898
    268.92660264      36.81120534
    270.25489725      36.86119934
    271.47692497      36.91075997
    272.73428928      36.95990964
    274.19235684      37.00869175
    275.41015889      37.05716018
    276.61306738      37.10539138
    277.81498904      37.15346753
    279.15030956      37.20149167
    280.35609581      37.24957142
    281.60501824      37.29783293
    282.90855483      37.34640152
    284.19926933      37.39541396
    285.48035616      37.44500778
    286.75124440      37.49531388
    288.50355644      37.54644218
    289.81181541      37.59849656
    291.05436792      37.65156095
    292.36824064      37.70569383
    293.63853857      37.76094247
    294.89281103      37.81734063
    296.17280848      37.87489911
    297.99932180      37.93361831
    299.37582991      37.99349409
    300.79267964      38.05451609
    301.96799110      38.11666449
    303.57344840      38.17991815
    304.85876562      38.24425295
    306.10874861      38.30962606
    307.38569295      38.37597656
    308.71444742      38.44324380
    310.21226913      38.51134848
    311.48373868      38.58020696
    312.93770961      38.64971493
    314.56210607      38.71976029
    315.77559881      38.79020929
    317.71297049      38.86093029
    319.58818128      38.93178594
    320.92413747      39.00261801
    322.15207242      39.07326760
    323.40189850      39.14357320
    324.62485822      39.21336969
    325.89070789      39.28248782
    327.18714010      39.35075473
    328.42288079      39.41800990
    329.69000841      39.48408853
    330.93747802      39.54884636
    332.27081782      39.61215147
    333.51187922      39.67388230
    334.76170719      39.73392447
    335.98457332      39.79217294
    337.21587850      39.84853562
    338.46433068      39.90292987
    339.68843365      39.95527968
    340.94992249      40.00554425
    342.21315528      40.05369786
    343.46628779      40.09975630
    344.69923720      40.14377908
    345.94892811      40.18585872
    347.17287181      40.22612253
    348.43243142      40.26473778
    349.68771622      40.30188451
    350.91892782      40.33775612
    352.15207290      40.37257131
    353.40255686      40.40656229
    354.67124979      40.43996199
    355.92327022      40.47300490
    357.13666323      40.50593055
    358.37396828      40.53897849
    359.68895259      40.57236655
    360.94858026      40.60629545
    362.20181248      40.64093836
    363.41618523      40.67645017
    364.61934372      40.71296164
    365.87389171      40.75059835
    367.10935308      40.78944652
    368.40287445      40.82956535
    369.63643874      40.87101361
    370.90261310      40.91382924
    372.16651039      40.95802890
    373.37328015      41.00361158
    374.60550976      41.05055071
    375.85541241      41.09880590
    377.06131350      41.14831667
    378.29146313      41.19901418
    379.59065921      41.25080805
    380.85420014      41.30359023
    382.16699813      41.35724965
    383.38811322      41.41167293
    384.62526845      41.46674482
    385.87488563      41.52235140
    387.09034586      41.57839709
    388.29372932      41.63480905
    389.54283041      41.69152592
    390.77562385      41.74852156
    392.04077122      41.80576850
    393.26586763      41.86324766
    394.51504575      41.92094997
    395.71479479      41.97886479
    396.95300206      42.03696685
    398.16709785      42.09523630
    399.41672401      42.15365864
    400.64101745      42.21220513
    401.87493005      42.27084028
    403.13988459      42.32952457
    404.40175624      42.38819852
    405.65250534      42.44678338
    406.85535380      42.50518905
    408.08990964      42.56331855
    409.37035843      42.62107747
    410.57712158      42.67837586
    411.81144961      42.73512736
    413.06201817      42.79124691
    414.31118920      42.84663508
    415.60445158      42.90121052
    416.82760601      42.95489350
    418.07718254      43.00759248
    419.27653648      43.05921680
    420.52703036      43.10967306
    421.72924268      43.15885793
    422.99936008      43.20667774
    424.21282256      43.25304009
    425.43693262      43.29784627
    426.65342836      43.34101681
    427.91644706      43.38248979
    429.15139847      43.42223143
    430.40276575      43.46022565
    431.61976672      43.49648709
    432.91636482      43.53106419
    434.12365068      43.56404201
    435.33950035      43.59553391
    436.58801208      43.62568878
    437.82779458      43.65467284
    439.12139015      43.68265380
    440.40072405      43.70984015
    441.63662022      43.73645274
    442.83916763      43.76272335
    444.06388737      43.78889883
    445.27791179      43.81524243
    446.49977267      43.84202774
    447.73436821      43.86952374
    448.95631132      43.89800417
    450.16649337      43.92773399
    451.37780120      43.95897660
    452.63696712      43.99200226
    453.86021041      44.02708975
    455.08836134      44.06450446
    456.31366949      44.10449656
    457.54807645      44.14728891
    458.74890684      44.19307692
    460.00130726      44.24201451
    461.27698688      44.29421919
    462.54704095      44.34976355
    463.77567159      44.40865576
    465.00014320      44.47085229
    466.24917954      44.53624796
    467.43762123      44.60467522
    468.64109732      44.67590949
    469.90307154      44.74968221
    471.13911848      44.82567222
    472.40129875      44.90351656
    473.60498185      44.98284524
    474.83809384      45.06325533
    476.06219398      45.14433646
    477.32841844      45.22566632
    478.54544398      45.30683136
    479.75076375      45.38741403
    480.96468467      45.46701312
    482.18431149      45.54524515
    483.41617861      45.62174785
    484.71458211      45.69616847
    485.91611055      45.76820151
    487.14036193      45.83759812
    488.39123533      45.90413239
    489.65331493      45.96762861
    490.87558604      46.02795860
    492.09045267      46.08503585
    493.32731866      46.13882315
    494.52779978      46.18932797
    495.79332713      46.23662086
    497.01626888      46.28082426
    498.27760932      46.32212897
    499.52598588      46.36076362
    500.76627503      46.39699934
    502.02728227      46.43111835
    503.27567490      46.46342326
    504.50201524      46.49423163
    505.71488837      46.52386892
    506.91725949      46.55265225
    508.14213850      46.58089027
    509.39221506      46.60885054
    510.62510870      46.63678394
    511.85336030      46.66491994
    513.10440384      46.69344736
    514.33004565      46.72253560
    515.57867554      46.75232506
    516.81103891      46.78293068
    518.06347808      46.81444141
    519.26435478      46.84692191
    520.51432454      46.88042147
    521.71279940      46.91495762
    522.91700427      46.95053696
    524.18596707      46.98713709
    525.41661909      47.02472265
    526.71449610      47.06323056
    527.96368745      47.10259170
    529.18871817      47.14271786
    530.45452341      47.18350040
    531.66621169      47.22481690
    532.90344916      47.26655283
    534.12187931      47.30857284
    535.37557848      47.35072562
    536.59059209      47.39286776
    537.85385702      47.43485630
    539.06087633      47.47655415
    540.33819593      47.51785312
    541.62379719      47.55866440
    542.90232007      47.59892922
    544.18681920      47.63860290
    545.40261971      47.67766028
    546.60408672      47.71607508
    547.82466681      47.75384126
    549.06151767      47.79094904
    550.31219398      47.82740735
    551.50125102      47.86323585
    552.70376156      47.89846028
    553.91859368      47.93309787
    555.16691920      47.96717018
    556.40098162      48.00069158
    557.68700493      48.03369986
    558.91677931      48.06623152
    560.10421149      48.09832405
    561.32861693      48.13004112
    562.58788495      48.16144581
    563.83816852      48.19261211
    565.04358707      48.22361791
    566.29095695      48.25453966
    567.55876609      48.28546413
    568.81222187      48.31647841
    570.02812541      48.34767172
    571.31223982      48.37911894
    572.57859141      48.41089407
    573.87504868      48.44305241
    575.16855493      48.47564269
    576.43916716      48.50869638
    577.68723226      48.54223028
    578.91603730      48.57625963
    580.16681239      48.61079994
    581.41677883      48.64584993
    582.66816644      48.68141634
    583.91674764      48.71751498
    585.18687591      48.75416870
    586.41642154      48.79141228
    587.65140131      48.82929484
    588.87348904      48.86785218
    590.13544908      48.90711893
    591.38992523      48.94711835
    592.60475925      48.98787431
    593.81125253      49.02940462
    595.00115602      49.07172063
    596.22797701      49.11481387
    597.47979139      49.15867082
    598.65208897      49.20326017
    599.91679632      49.24853032
    601.16757236      49.29440786
    602.43766045      49.34081634
    603.68215494      49.38766810
    604.93399011      49.43488340
    606.18574494      49.48237603
    607.38545239      49.53006034
    608.65153175      49.57785859
    609.87559833      49.62566964
    611.20337779      49.67339418
    612.44806180      49.72092589
    613.74903492      49.76814119
    614.96527922      49.81492183
    616.19784061      49.86113905
    617.42154706      49.90666067
    618.69942530      49.95134298
    619.92260005      49.99504447
    621.17162788      50.03762041
    622.37842411      50.07893418
    623.58884578      50.11886334
    624.81375078      50.15730055
    626.02640367      50.19416507
    627.26494225      50.22939481
    628.48273673      50.26294596
    629.70287445      50.29481390
    630.95182241      50.32503314
    632.18694160      50.35366775
    633.46370824      50.38080783
    634.79210636      50.40656086
    636.06072887      50.43104898
    637.29087425      50.45442292
    638.56289960      50.47685913
    639.82510256      50.49855648
    641.02550759      50.51971455
    642.30935450      50.54052562
    643.62398624      50.56118336
    644.83875314      50.58188680
    646.04204728      50.60283236
    647.27840520      50.62421761
    648.54255345      50.64623769
    649.76519935      50.66909377
    651.01616491      50.69298542
    652.25101471      50.71810248
    653.57715797      50.74460687
    654.83852109      50.77263525
    656.07555060      50.80229940
    657.35547668      50.83367377
    658.65304034      50.86680864
    659.90130159      50.90171637
    661.14252037      50.93836995
    662.35353659      50.97673159
    663.60546250      51.01672612
    664.82823317      51.05825140
    666.04343961      51.10116747
    667.24681835      51.14531051
    668.51685871      51.19049546
    669.82869397      51.23652933
    671.12482041      51.28321571
    672.33769826      51.33034810
    673.56350407      51.37772290
    674.83900079      51.42514885
    676.08886184      51.47245640
    677.35533348      51.51950114
    678.57756867      51.56615835
    679.82734938      51.61230258
    681.02840946      51.65782606
    682.27548963      51.70263468
    683.48055088      51.74665731
    684.72931310      51.78983892
    685.96340388      51.83214056
    687.18659470      51.87352732
    688.43799837      51.91396457
    689.69783683      51.95342530
    690.91819668      51.99190102
    692.12567348      52.02939103
    693.38590185      52.06590939
    694.66721081      52.10147681
    695.89050797      52.13611440
    697.10507070      52.16985608
    698.33925695      52.20272742
    699.56324035      52.23474466
    700.79137286      52.26592907
    701.99659243      52.29630651
    703.23430866      52.32590874
    704.48451566      52.35476018
    705.73348819      52.38288339
    706.95364860      52.41030008
    708.20181012      52.43702848
    709.43296075      52.46308657
    710.65216364      52.48847620
    711.89125328      52.51319164
    713.15195049      52.53721535
    714.39021211      52.56054287
    715.65169906      52.58318269
    716.88969318      52.60515809
    718.08813165      52.62650052
    719.30655756      52.64724879
    720.55711099      52.66745808
    721.77662391      52.68720812
    723.01604392      52.70658328
    724.21464072      52.72566287
    725.43240212      52.74452864
    726.68201647      52.76325619
    727.95311738      52.78193430
    729.18310963      52.80065164
    730.40175199      52.81949356
    731.61024018      52.83853981
    732.90195569      52.85786324
    734.15100337      52.87752406
    735.37013725      52.89757112
    736.64047158      52.91804508
    737.93710135      52.93897498
    739.16593569      52.96038653
    740.35809923      52.98231105
    741.52622077      53.00476451
    742.77801057      53.02775924
    743.97892792      53.05130891
    745.20268777      53.07541568
    746.43690379      53.10008858
    747.66817967      53.12533309
    748.91610536      53.15113469
    750.12422160      53.17746966
    751.35560618      53.20429190
    752.60739692      53.23154205
    753.80924391      53.25914582
    755.08774505      53.28700191
    756.37476511      53.31499365
    757.76543235      53.34298912
    758.95253133      53.37084306
    760.15065410      53.39840789
    761.36977570      53.42553978
    762.64184075      53.45208914
    763.85816114      53.47789850
    765.10313912      53.50280792
    766.36975348      53.52665388
    767.62029227      53.54927632
    768.89119610      53.57053239
    770.08966624      53.59027641
    771.32778229      53.60837889
    772.54672335      53.62474574
    773.80744371      53.63929589
    775.01593238      53.65197821
    776.27790943      53.66276265
    777.52661777      53.67163931
    778.74555410      53.67862299
    779.96460480      53.68375204
    781.20110261      53.68709530
    782.42163828      53.68875464
    783.67169074      53.68886557
    784.88924136      53.68759348
    786.14052309      53.68515116
    787.36025389      53.68176910
    788.60957001      53.67768871
    789.82714001      53.67316962
    791.07870673      53.66848041
    792.30648855      53.66389307
    793.61901998      53.65968264
    794.84046732      53.65610933
    796.08863877      53.65342532
    797.29581640      53.65187849
    798.49567745      53.65168652
    799.73364747      53.65305000
    800.96487986      53.65614583
    802.21488175      53.66111926
    803.42255563      53.66809374
    804.65262728      53.67716208
    805.88659092      53.68838852
    807.12134478      53.70180783
    808.32697270      53.71742230
    809.54778957      53.73520709
    810.79675501      53.75511419
    812.01538840      53.77707522
    813.24658724      53.80099705
    814.48287237      53.82678169
    815.68410921      53.85432971
    816.96412131      53.88352716
    818.18395372      53.91426411
    819.40331824      53.94643108
    820.65263389      53.97989673
    821.87041373      54.01454050
    823.13849226      54.05024385
    824.37160472      54.08688694
    825.58849084      54.12435812
    826.80859359      54.16256126
    828.05795508      54.20141460
    829.29738265      54.24084199
    830.51400127      54.28077043
    831.68151927      54.32111773
    832.92103286      54.36181277
    834.17234248      54.40276615
    835.36931111      54.44389901
    836.57902008      54.48513820
    837.83960527      54.52641993
    839.05744135      54.56769346
    840.27701902      54.60892015
    841.48559559      54.65007083
    842.68163790      54.69112710
    843.90039038      54.73207287
    845.17286850      54.77288257
    846.40379558      54.81354743
    847.61086687      54.85405638
    848.92160567      54.89439046
    850.19795735      54.93453286
    851.45118296      54.97447265
    852.74660378      55.01419849
    854.02747273      55.05369959
    855.24465518      55.09297682
    856.46381080      55.13203837
    857.71322145      55.17089316
    858.92032677      55.20954117
    860.15063189      55.24799275
    861.31424419      55.28627047
    862.57346541      55.32439846
    863.77546175      55.36241150
    865.01155689      55.40034536
    866.23534889      55.43823957
    867.44768465      55.47613061
    868.67079513      55.51406865
    869.87789808      55.55209850
    871.08977399      55.59025997
    872.33790007      55.62859459
    873.57418143      55.66713483
    874.77556052      55.70589305
    875.99965263      55.74486422
    877.23281991      55.78402981
    878.49489196      55.82335949
    879.74946642      55.86283616
    881.01101480      55.90243584
    882.24677345      55.94214587
    883.52765280      55.98195016
    884.74834821      56.02182788
    886.02822561      56.06175617
    887.24835104      56.10170502
    888.46432028      56.14163217
    889.68808486      56.18147626
    890.94746630      56.22115842
    892.19740912      56.26057690
    893.40261593      56.29962566
    894.63524066      56.33817107
    895.85877838      56.37606140
    897.10950574      56.41314375
    898.32229900      56.44925418
    899.57340681      56.48420732
    900.82269930      56.51781062
    902.02731346      56.54986738
    903.26251347      56.58016105
    904.46488270      56.60847020
    905.69795971      56.63457254
    906.94812466      56.65826777
    908.19941490      56.67935601
    909.43723463      56.69764846
    910.63713679      56.71297196
    911.85357676      56.72514748
    913.12597973      56.73401308
    914.37561582      56.73941557
    915.57457890      56.74121688
    916.79631217      56.73929444
    918.04645159      56.73354234
    919.23362809      56.72387495
    920.45041732      56.71022243
    921.67275554      56.69254355
    922.90362072      56.67083355
    924.13496985      56.64512090
    925.33982646      56.61547399
    926.56364444      56.58200173
    927.76228378      56.54483733
    929.68859104      56.50413842
    930.90611660      56.46008949
    932.13759712      56.41290925
    933.34331531      56.36284958
    934.52968694      56.31017991
    935.74668270      56.25518647
    936.98316681      56.19815865
    938.23512156      56.13939906
    939.48413001      56.07920932
    940.73108588      56.01789707
    941.94962002      55.95575672
    943.18395183      55.89307939
    944.38456954      55.83015550
    945.59424495      55.76725632
    946.84392168      55.70463906
    948.07435771      55.64254584
    949.26160179      55.58119292
    950.53067613      55.52076666
    951.73448967      55.46143964
    952.93138316      55.40335770
    954.12152721      55.34664040
    955.35719228      55.29136532
    956.55731091      55.23757644
    957.78275186      55.18528741
    959.01138155      55.13447193
    960.19758446      55.08507999
    961.41803127      55.03703703
    962.63720485      54.99023771
    963.85353139      54.94455919
    965.07259438      54.89985920
    966.29267870      54.85597839
    967.49790300      54.81274793
    968.69883122      54.77000013
    969.90607218      54.72756672
    971.10493884      54.68528721
    972.32341957      54.64300410
    973.57263125      54.60056724
    974.87259438      54.55783410
    976.15648005      54.51468166
    977.46852090      54.47102128
    978.71840511      54.42678455
    979.94732121      54.38190925
    981.21986880      54.33633921
    982.42159149      54.29003261
    983.65604288      54.24295095
    984.92139488      54.19508573
    986.15532922      54.14643194
    988.00321994      54.09700178
    989.23316209      54.04682012
    990.48267199      53.99593897
    991.73005605      53.94442515
    992.93712073      53.89235194
    994.21408303      53.83979866
    995.45141501      53.78684678
    996.67161323      53.73357979
    997.93231989      53.68009223
    999.15177468      53.62649403
   1000.40282199      53.57289094
   1001.64049143      53.51938283
   1002.85868338      53.46606842
   1004.08823705      53.41305116
   1005.35876751      53.36043235
   1006.60856759      53.30829635
   1007.80690351      53.25672161
   1009.02799450      53.20578255
   1010.27825397      53.15553278
   1011.52725722      53.10602589
   1012.73091149      53.05729853
   1014.01518753      53.00937828
   1015.24430592      52.96229791
   1016.51095431      52.91608571
   1017.74728293      52.87075362
   1018.95189425      52.82630323
   1020.19769410      52.78270635
   1021.43687969      52.73992766
   1022.67280800      52.69792475
   1023.94989886      52.65664561
   1025.18783249      52.61602185
   1026.44925138      52.57595820
   1027.67275318      52.53634746
   1028.87786028      52.49707870
   1030.11054219      52.45804445
   1031.32457465      52.41913765
   1032.54382337      52.38026319
   1033.77558510      52.34131127
   1035.00049294      52.30217600
   1036.23348630      52.26276787
   1037.45324971      52.22300625
   1038.68845161      52.18280580
   1039.90212299      52.14209295
   1041.17331087      52.10080864
   1042.42217564      52.05891063
   1043.68369756      52.01637276
   1044.92171437      51.97318311
   1046.18389984      51.92934325
   1047.42127295      51.88484860
   1048.65144101      51.83969742
   1049.87026391      51.79389762
   1051.12034898      51.74745638
   1052.40367743      51.70037557
   1053.67148846      51.65266152
   1054.93266679      51.60432442
   1056.15335605      51.55537778
   1057.37416536      51.50582808
   1058.65204690      51.45568435
   1059.87560542      51.40495753
   1061.09041534      51.35367203
   1062.32633372      51.30185474
   1063.57880551      51.24950909
   1064.83108116      51.19662791
   1066.07261896      51.14320415
   1067.29367923      51.08922387
   1068.58907547      51.03469225
   1069.82210900      50.97962351
   1071.08959393      50.92402930
   1072.51654016      50.86792642
   1073.72826956      50.81135050
   1075.06092642      50.75435904
   1076.49760951      50.69702271
   1078.59041108      50.63942314
   1079.81041174      50.58164353
   1081.12785460      50.52377181
   1082.38158733      50.46589650
   1083.73267813      50.40811747
   1084.91578776      50.35055655
   1086.11012865      50.29333130
   1087.58992618      50.23656960
   1089.26311133      50.18040794
   1090.87023130      50.12497668
   1092.18385164      50.07039304
   1093.71432643      50.01676869
   1094.94750553      49.96419816
   1096.61917878      49.91276840
   1097.83554360      49.86255067
   1099.14606405      49.81360648
   1100.54072632      49.76599589
   1101.74190786      49.71977493
   1102.98977399      49.67499447
   1104.19694831      49.63168958
   1105.39405826      49.58986858
   1106.66836541      49.54952473
   1107.90034170      49.51062670
   1109.15119714      49.47313224
   1110.40355124      49.43699207
   1111.61997372      49.40213894
   1112.78995359      49.36847960
   1113.96351305      49.33590038
   1115.12376363      49.30429079
   1116.37907490      49.27353702
   1117.63388803      49.24352140
   1118.82825775      49.21412925
   1120.06162590      49.18523183
   1121.22951302      49.15668443
   1122.41762954      49.12834123
   1123.61739891      49.10005665
   1124.86655812      49.07167580
   1126.08314507      49.04303558
   1127.28484980      49.01396932
   1128.52393378      48.98430560
   1129.74063936      48.95387212
   1130.96655907      48.92250479
   1132.20549464      48.89004340
   1133.42880834      48.85634483
   1134.62646464      48.82126567
   1135.87752566      48.78467733
   1137.13216345      48.74645336
   1138.36898265      48.70648123
   1139.59815585      48.66467360
   1140.83823610      48.62097571
   1142.06887347      48.57535466
   1143.28731970      48.52782137
   1144.50376156      48.47841593
   1145.74408000      48.42720214
   1146.99274014      48.37427210
   1148.22477598      48.31972855
   1149.46282634      48.26367582
   1150.71260705      48.20622267
   1151.95135830      48.14749528
   1153.18670860      48.08764005
   1154.39985491      48.02682367
   1155.61572490      47.96523926
   1156.85564304      47.90309288
   1158.07090100      47.84060063
   1159.30310509      47.77798279
   1160.50772019      47.71546885
   1161.75985311      47.65329215
   1163.00855200      47.59168374
   1164.24424400      47.53086837
   1165.56546449      47.47106243
   1166.90048774      47.41246392
   1168.08751536      47.35525605
   1169.34173205      47.29961729
   1170.54297881      47.24571116
   1171.74549455      47.19368408
   1172.94802210      47.14366048
   1174.16729777      47.09574023
   1175.38418861      47.04999072
   1176.58685701      47.00645922
   1177.81937917      46.96518440
   1179.05389531      46.92618003
   1180.32143411      46.88944829
   1181.58400996      46.85496243
   1182.86881817      46.82268224
   1184.64274392      46.79255008
   1185.81010832      46.76449052
   1187.01392518      46.73841505
   1189.04169565      46.71421977
   1190.30870702      46.69178457
   1191.51120716      46.67097523
   1192.74406110      46.65162493
   1193.96101149      46.63354356
   1195.16316237      46.61652623
   1196.41762671      46.60035912
   1197.68077585      46.58482942
   1198.93399342      46.56973338
   1200.15366278      46.55487874
   1201.38059011      46.54007670
   1202.53590941      46.52515567
   1203.71563510      46.50995632
   1204.93739579      46.49432704
   1206.10113712      46.47812904
   1207.34134875      46.46123341
   1208.54236488      46.44353585
   1209.75947833      46.42495860
   1210.97619525      46.40544967
   1212.18460688      46.38497111
   1213.44711089      46.36350682
   1214.62758616      46.34105711
   1215.78235959      46.31764107
   1216.95442653      46.29330914
   1218.15445205      46.26811593
   1219.35651786      46.24212624
   1220.54118334      46.21541264
   1221.76056062      46.18805759
   1222.90923918      46.16015566
   1224.07968930      46.13181677
   1225.26676702      46.10316061
   1226.44970698      46.07429494
   1227.67073700      46.04532165
   1228.87233917      46.01633140
   1230.12479677      45.98741473
   1231.29576252      45.95864806
   1232.49783872      45.93009564
   1233.72967229      45.90182989
   1234.95100431      45.87391804
   1236.15314526      45.84641557
   1237.35409475      45.81936329
   1238.57124081      45.79279079
   1239.80377243      45.76672006
   1241.00373178      45.74117279
   1242.18889587      45.71616135
   1243.39051506      45.69168416
   1244.57066563      45.66772310
   1245.75582689      45.64424886
   1247.03178536      45.62122266
   1248.40143156      45.59860640
   1249.58672893      45.57635599
   1250.78042564      45.55441910
   1251.93524633      45.53273785
   1253.52648874      45.51125675
   1255.43621377      45.48992768
   1257.02533650      45.46869819
   1258.37314120      45.44750160
   1259.58366117      45.42627096
   1260.73463145      45.40494419
   1261.90065032      45.38346209
   1263.02531004      45.36176388
   1264.24956614      45.33979193
   1265.44149007      45.31747844
   1266.62755355      45.29476720
   1267.85878500      45.27161211
   1269.03005842      45.24797220
   1270.71933853      45.22381155
   1272.09218009      45.19910114
   1273.27196344      45.17381482
   1274.40677685      45.14792586
   1275.57700626      45.12142592
   1276.74179349      45.09432421
   1277.89609666      45.06665276
   1279.07891516      45.03846474
   1280.22468524      45.00983674
   1281.49418398      44.98087221
   1282.71215664      44.95166959
   1283.94810717      44.92231954
   1285.26929174      44.89291805
   1286.49980292      44.86356226
   1287.65266934      44.83433823
   1288.83979384      44.80533045
   1290.02549530      44.77659755
   1291.24296983      44.74819041
   1292.77103947      44.72015010
   1294.21492429      44.69250883
   1295.37525049      44.66529819
   1296.58939023      44.63853803
   1297.72925449      44.61223625
   1299.12591499      44.58638551
   1300.27488704      44.56096440
   1301.41310519      44.53594693
   1302.57468666      44.51129198
   1303.74495009      44.48694124
   1304.91478156      44.46283045
   1306.07884899      44.43890345
   1307.24838507      44.41508263
   1308.40329792      44.39127446
   1309.54288948      44.36737174
   1310.72781396      44.34326727
   1311.92858811      44.31885488
   1313.11406176      44.29403398
   1314.33057120      44.26871072
   1315.58620999      44.24279144
   1316.81948315      44.21618934
   1317.99090308      44.18883387
   1319.22951349      44.16066439
   1320.44039029      44.13164210
   1321.62716364      44.10174976
   1322.95947785      44.07098177
   1324.40997835      44.03935608
   1325.56493185      44.00690604
   1326.71296907      43.97366499
   1327.86655340      43.93966912
   1329.03049417      43.90494100
   1330.16815935      43.86951138
   1331.33294421      43.83342711
   1332.48959771      43.79673071
   1333.69078161      43.75945711
   1334.87611821      43.72164911
   1336.00834452      43.68334884
   1337.14052073      43.64462079
   1338.27874596      43.60553654
   1339.42849642      43.56617812
   1340.68376846      43.52664785
   1341.88405344      43.48704213
   1343.10221232      43.44746760
   1344.30478761      43.40803835
   1345.50697913      43.36887492
   1346.73895306      43.33010707
   1347.94122918      43.29186369
   1349.12749353      43.25427828
   1350.32948702      43.21748044
   1351.50991266      43.18158440
   1352.72682808      43.14667006
   1353.93338233      43.11280739
   1355.14998960      43.08006982
   1356.38350426      43.04852662
   1357.59918096      43.01823511
   1358.83822901      42.98924156
   1360.04018186      42.96158433
   1361.24285876      42.93528068
   1362.44240174      42.91033533
   1363.64535040      42.88673882
   1364.94673611      42.86446527
   1366.15114184      42.84347014
   1367.34993714      42.82367971
   1368.53447974      42.80500634
   1369.78953343      42.78734958
   1371.02097567      42.77058960
   1372.27522118      42.75458313
   1373.49358612      42.73918304
   1374.65867157      42.72422940
   1375.85947029      42.70956314
   1377.02915619      42.69501629
   1378.22983534      42.68040880
   1379.44639346      42.66557414
   1380.66600185      42.65036185
   1381.88780413      42.63463645
   1383.14966444      42.61828211
   1384.38816521      42.60119796
   1385.58992665      42.58330555
   1386.79113135      42.56455171
   1388.00707932      42.54489132
   1389.38937369      42.52431160
   1390.94175709      42.50282375
   1392.18584608      42.48044674
   1393.53030181      42.45722584
   1394.73161332      42.43322095
   1395.90054540      42.40849761
   1397.11511381      42.38311545
   1398.35325916      42.35713883
   1399.55905344      42.33063387
   1400.73607861      42.30368892
   1401.92213500      42.27641018
   1403.10721213      42.24889507
   1404.32371968      42.22124503
   1405.52472257      42.19356337
   1406.72618769      42.16595285
   1407.96504764      42.13850771
   1409.18131841      42.11131763
   1410.41483307      42.08446651
   1411.61621169      42.05804029
   1412.83213935      42.03209787
   1414.07240864      42.00669272
   1415.22112265      41.98187713
   1416.40661238      41.95768947
   1417.57694198      41.93416293
   1418.77664187      41.91131562
   1419.97928332      41.88916090
   1421.16203518      41.86768139
   1422.40123258      41.84684877
   1423.61947889      41.82662929
   1424.82168459      41.80699146
   1426.02166569      41.78791992
   1427.20768191      41.76938923
   1428.45563264      41.75138000
   1429.64108078      41.73387685
   1430.82639705      41.71687245
   1432.11275545      41.70035818
   1433.31494366      41.68432556
   1434.51529293      41.66876827
   1435.74778201      41.65368934
   1436.94937709      41.63909291
   1438.12820387      41.62498001
   1439.36882905      41.61137246
   1440.63565845      41.59827703
   1441.83916243      41.58568237
   1443.02128523      41.57357611
   1444.22271915      41.56195366
   1445.43938645      41.55080251
   1446.64060769      41.54012727
   1447.82580109      41.52993196
   1449.01232915      41.52021126
   1450.23016475      41.51097552
   1451.44759202      41.50223077
   1452.65230684      41.49398290
   1453.85355691      41.48623134
   1455.05708216      41.47896805
   1456.24137002      41.47217591
   1457.42695569      41.46582448
   1458.64396610      41.45984823
   1459.89269051      41.45419413
   1461.15069995      41.44879838
   1462.36898123      41.44358499
   1463.56978089      41.43847260
   1464.75514207      41.43335706
   1465.95739078      41.42812713
   1467.25983704      41.42265610
   1468.42344415      41.41683675
   1469.66210938      41.41057383
   1470.84265081      41.40377495
   1472.08284591      41.39635747
   1473.24662835      41.38822944
   1474.41730013      41.37931557
   1475.65345908      41.36954587
   1476.89629799      41.35886301
   1478.09826172      41.34721268
   1479.29938560      41.33455537
   1480.50009689      41.32086908
   1481.77470887      41.30613974
   1482.97671560      41.29036635
   1484.17768068      41.27355852
   1485.41200210      41.25574068
   1486.61330416      41.23692563
   1487.86775148      41.21714210
   1489.06919438      41.19644714
   1490.37147806      41.17491288
   1491.57129469      41.15261835
   1492.77099883      41.12968425
   1493.99513725      41.10622984
   1495.20411838      41.08238345
   1496.42158251      41.05828991
   1497.61434722      41.03407955
   1498.79171881      41.00987867
   1500.00830907      40.98580409
   1501.22534596      40.96196546
   1502.39647853      40.93846162
   1503.56728737      40.91538743
   1504.74732121      40.89283281
   1505.94912849      40.87089392
   1507.17223236      40.84964991
   1508.39102407      40.82916431
   1509.57654451      40.80948711
   1510.77650954      40.79064404
   1511.97902386      40.77265565
   1513.22747557      40.75553141
   1514.39755043      40.73927492
   1515.63046439      40.72387382
   1516.84834064      40.70929996
   1518.08827107      40.69551625
   1519.30983940      40.68246881
   1520.55996843      40.67010133
   1521.74684103      40.65834467
   1522.97982400      40.64711909
   1524.16964336      40.63632847
   1525.38734096      40.62587034
   1526.58933304      40.61563681
   1527.77526183      40.60551579
   1528.96139526      40.59540137
   1530.19361826      40.58518839
   1531.39349916      40.57477078
   1532.59410364      40.56403907
   1533.82448296      40.55289871
   1535.03328308      40.54126304
   1536.27356325      40.52904628
   1537.51372998      40.51617213
   1538.67909570      40.50258614
   1539.87994641      40.48820985
   1541.09825652      40.47297099
   1542.38369189      40.45680517
   1543.65429372      40.43964486
   1544.87127484      40.42143619
   1546.12595941      40.40214509
   1547.28874889      40.38175087
   1548.52761404      40.36023328
   1549.72825491      40.33759130
   1550.89242774      40.31383328
   1552.09451009      40.28897631
   1553.27923086      40.26305688
   1554.49844037      40.23610964
   1555.69993289      40.20817969
   1556.90098304      40.17931934
   1558.14048576      40.14960359
   1559.34199057      40.11912298
   1560.54313335      40.08798082
   1561.74471804      40.05630125
   1562.90813657      40.02422036
   1564.10925289      39.99187435
   1565.27738435      39.95941066
   1566.51634497      39.92698361
   1567.70237962      39.89475414
   1568.95035446      39.86288533
   1570.15118816      39.83154918
   1571.35206439      39.80092416
   1572.58164877      39.77118686
   1573.74516513      39.74251389
   1574.96843205      39.71506372
   1576.17043169      39.68897819
   1577.34034397      39.66437771
   1578.57285432      39.64136070
   1579.75685483      39.62000864
   1581.02852288      39.60037239
   1582.27751905      39.58248286
   1583.44719502      39.56634563
   1584.66492854      39.55193902
   1585.88583474      39.53920871
   1587.15238293      39.52809119
   1588.30845417      39.51850326
   1589.50950054      39.51032796
   1590.71140188      39.50342691
   1591.92555343      39.49765398
   1593.17910326      39.49283199
   1594.36433919      39.48876726
   1595.61303240      39.48527284
   1596.79896072      39.48215761
   1597.99980103      39.47922517
   1599.17075070      39.47628338
   1600.37124506      39.47312519
   1601.60490671      39.46955950
   1602.77591735      39.46541315
   1603.99289941      39.46053412
   1605.19531637      39.45478978
   1606.39666191      39.44807007
   1607.64455357      39.44029653
   1608.88360966      39.43140004
   1610.13210674      39.42133448
   1611.38673460      39.41009971
   1612.57348479      39.39771627
   1613.82289166      39.38423058
   1615.07437189      39.36970039
   1616.29643222      39.35420992
   1617.46124166      39.33785012
   1618.68330151      39.32071855
   1619.90292077      39.30292831
   1621.08289601      39.28459519
   1622.25295953      39.26584825
   1623.46942643      39.24681968
   1624.67106736      39.22764023
   1625.88889729      39.20844181
   1627.05987580      39.18935978
   1628.26135414      39.17053840
   1629.57890712      39.15211922
   1630.83244229      39.13424233
   1632.09438248      39.11704337
   1633.29540002      39.10063313
   1634.45893623      39.08510229
   1635.66380655      39.07052569
   1636.90272322      39.05697447
   1638.10389578      39.04451301
   1639.32077008      39.03316846
   1640.52579825      39.02295605
   1641.72468051      39.01388109
   1642.92691362      39.00592047
   1644.15948589      38.99902818
   1645.53277218      38.99314446
   1646.75737140      38.98819186
   1648.00603390      38.98409178
   1649.20727877      38.98075614
   1650.39189841      38.97808478
   1651.59319385      38.97596936
   1652.79480216      38.97429995
   1653.99733775      38.97295012
   1655.16064758      38.97177976
   1656.40067442      38.97065308
   1657.58149612      38.96943113
   1658.86661578      38.96795125
   1660.05227565      38.96605079
   1661.27128240      38.96356609
   1662.48025172      38.96035431
   1663.71119109      38.95626371
   1664.95015974      38.95115305
   1666.12817976      38.94490033
   1667.31451973      38.93739937
   1668.48524349      38.92855835
   1669.70184084      38.91830872
   1670.85694321      38.90659776
   1672.05950857      38.89340577
   1673.26122417      38.87874655
   1674.42533698      38.86265171
   1675.60972314      38.84517184
   1676.79487495      38.82636828
   1677.96376543      38.80631160
   1679.16443749      38.78507061
   1680.31323563      38.76274102
   1681.53068558      38.73942226
   1682.71765601      38.71521477
   1683.95061818      38.69021597
   1685.10553623      38.66451223
   1686.32252774      38.63821030
   1687.54032412      38.61142241
   1688.74145226      38.58425129
   1689.98229909      38.55680773
   1691.18343715      38.52920425
   1692.38495472      38.50155249
   1693.60209747      38.47396495
   1694.80372564      38.44654281
   1696.05073397      38.41938031
   1697.19931896      38.39256627
   1698.36768059      38.36618028
   1699.56876619      38.34028312
   1700.77145774      38.31493128
   1701.97343280      38.29016613
   1703.19310878      38.26601381
   1704.37824168      38.24249604
   1705.61242367      38.21964169
   1706.84575685      38.19746829
   1708.06818345      38.17598892
   1709.26921186      38.15519381
   1710.51744097      38.13508855
   1711.74963798      38.11569328
   1712.95085922      38.09702149
   1714.23599684      38.07908266
   1715.51054975      38.06188701
   1716.80830671      38.04542691
   1718.04055618      38.02970208
   1719.24284742      38.01468996
   1720.48091338      38.00035103
   1721.68301605      37.98662954
   1722.89913322      37.97345005
   1724.11561667      37.96072333
   1725.28620763      37.94834521
   1726.50268919      37.93620073
   1727.73082264      37.92415640
   1728.95260743      37.91207342
   1730.15451869      37.89981413
   1731.35634582      37.88724820
   1732.61111122      37.87426543
   1733.81331030      37.86074970
   1735.04618835      37.84659355
   1736.24658298      37.83171592
   1737.46241706      37.81604569
   1738.68238700      37.79953113
   1739.90303987      37.78214006
   1741.10452483      37.76384546
   1742.32155935      37.74464100
   1743.56979129      37.72453704
   1744.78654744      37.70355743
   1746.00999064      37.68174010
   1747.22711212      37.65914109
   1748.41392139      37.63583856
   1749.63054096      37.61193627
   1750.81729635      37.58756297
   1752.01912207      37.56285730
   1753.23537204      37.53796872
   1754.45300064      37.51306864
   1755.67066516      37.48834098
   1756.85479800      37.46399124
   1758.07176541      37.44021626
   1759.23620858      37.41718718
   1760.50615914      37.39506652
   1761.72363650      37.37400184
   1762.90897452      37.35412276
   1764.14162854      37.33554968
   1765.34265128      37.31836926
   1766.54364803      37.30265794
   1767.79882082      37.28846327
   1769.01564928      37.27581774
   1770.21631520      37.26472781
   1771.47053897      37.25517652
   1772.71845331      37.24712752
   1773.91879691      37.24053957
   1775.12031306      37.23535333
   1776.33689812      37.23150399
   1777.53852487      37.22891841
   1778.73986568      37.22751728
   1779.94174055      37.22719800
   1781.14334745      37.22786099
   1782.34546855      37.22939461
   1783.60199870      37.23166033
   1784.83288419      37.23451992
   1786.03385164      37.23781576
   1787.26675426      37.24137284
   1788.48399248      37.24502489
   1789.66993497      37.24860007
   1790.88610413      37.25193068
   1792.08756546      37.25485350
   1793.32790801      37.25722527
   1794.52970395      37.25891723
   1795.77763295      37.25980035
   1796.93265828      37.25976386
   1798.15016778      37.25870888
   1799.35101187      37.25655466
   1800.58855417      37.25322979
   1801.84067622      37.24867464
   1803.08872620      37.24284337
   1804.34299488      37.23569833
   1805.56021277      37.22721984
   1806.74568170      37.21742083
   1807.91635868      37.20634024
   1809.21801993      37.19404028
   1810.42127153      37.18060158
   1811.63746621      37.16611953
   1812.90257529      37.15071240
   1814.12512572      37.13451195
   1815.36310566      37.11766116
   1816.54879246      37.10031089
   1817.75078502      37.08262525
   1818.98503271      37.06478356
   1820.15479233      37.04696056
   1821.35684538      37.02932090
   1822.53604836      37.01202883
   1823.72331229      36.99523307
   1824.94084305      36.97905978
   1826.11170577      36.96360293
   1827.26629346      36.94893897
   1828.53112558      36.93511345
   1829.74692846      36.92215323
   1830.94862043      36.91007801
   1832.17209577      36.89887413
   1833.42077717      36.88851731
   1834.65267596      36.87897421
   1835.85855578      36.87019081
   1837.05834924      36.86209655
   1838.26253474      36.85460651
   1839.45826323      36.84762571
   1840.65943815      36.84103101
   1841.86013054      36.83469136
   1843.06183905      36.82848692
   1844.24469299      36.82228119
   1845.46464592      36.81593306
   1846.68197440      36.80930531
   1847.88448211      36.80228040
   1849.08464185      36.79475099
   1850.31760450      36.78662023
   1851.57248804      36.77781283
   1852.77343280      36.76827606
   1854.02176778      36.75797671
   1855.23966198      36.74689181
   1856.44104722      36.73500741
   1857.67878424      36.72233055
   1858.89719549      36.70889113
   1860.09793892      36.69472951
   1861.29824990      36.67989355
   1862.53005605      36.66445625
   1863.73164121      36.64850151
   1864.94917245      36.63212303
   1866.18856646      36.61541492
   1867.39056137      36.59849084
   1868.55530559      36.58146748
   1869.75675464      36.56446667
   1870.94186580      36.54761444
   1872.15913993      36.53106381
   1873.39921640      36.51498450
   1874.64751735      36.49954676
   1875.84807834      36.48492404
   1877.04920506      36.47128603
   1878.23586451      36.45878937
   1879.40706136      36.44758362
   1880.65518508      36.43780501
   1881.85642097      36.42956361
   1883.08737594      36.42293787
   1884.31163157      36.41798671
   1885.51557177      36.41473987
   1886.69402518      36.41320136
   1887.91892073      36.41336043
   1889.15041827      36.41518128
   1890.38406431      36.41858288
   1891.57042885      36.42346996
   1892.82455480      36.42972742
   1894.04072395      36.43721818
   1895.28868698      36.44578144
   1896.53137087      36.45524278
   1897.74859822      36.46542100
   1899.03464469      36.47612066
   1900.23698272      36.48713013
   1901.49089362      36.49821460
   1902.69204728      36.50913785
   1903.89404456      36.51967989
   1905.15797210      36.52962676
   1906.39855805      36.53876781
   1907.60146984      36.54690863
   1908.81822504      36.55388468
   1910.02061034      36.55954855
   1911.24914834      36.56378485
   1912.51107057      36.56651527
   1913.69739068      36.56769354
   1914.88831361      36.56729954
   1916.12052243      36.56535324
   1917.38989498      36.56190710
   1918.56073785      36.55705393
   1919.76248133      36.55088183
   1920.99483619      36.54348734
   1922.18035427      36.53499017
   1923.44362487      36.52552424
   1924.66730438      36.51522791
   1925.86858565      36.50423698
   1927.11642532      36.49268666
   1928.31665312      36.48069780
   1929.53446509      36.46838879
   1930.75341749      36.45587804
   1931.95384474      36.44327332
   1933.17813628      36.43067650
   1934.39487825      36.41817681
   1935.58814630      36.40584812
   1936.77871099      36.39373740
   1937.99601537      36.38188864
   1939.21373188      36.37032050
   1940.41631094      36.35904104
   1941.58511494      36.34804264
   1942.80133892      36.33730590
   1943.98765336      36.32677953
   1945.20395580      36.31639109
   1946.42141946      36.30604764
   1947.60652211      36.29564369
   1948.79178876      36.28508340
   1950.04460177      36.27426677
   1951.27736592      36.26307898
   1952.46265289      36.25139819
   1953.64874426      36.23910513
   1954.85205021      36.22609578
   1956.06894720      36.21226709
   1957.25518508      36.19752942
   1958.45723576      36.18179970
   1959.73619487      36.16499230
   1960.92278721      36.14702891
   1962.14106046      36.12784716
   1963.38080184      36.10739791
   1964.56683980      36.08564926
   1965.76803647      36.06257176
   1967.03210390      36.03816526
   1968.21767539      36.01245964
   1969.45068907      35.98549099
   1970.67396072      35.95730670
   1971.83819167      35.92796872
   1973.05627068      35.89756643
   1974.24177836      35.86620600
   1975.41013904      35.83401561
   1976.62841796      35.80113622
   1977.82915619      35.76772187
   1979.01385097      35.73393924
   1980.29362960      35.69995027
   1981.51675426      35.66591402
   1982.71825718      35.63197721
   1983.91990803      35.59829014
   1985.06849301      35.56498743
   1986.28479687      35.53219800
   1987.52550192      35.50003965
   1988.72752803      35.46862131
   1989.93584986      35.43802374
   1991.15752217      35.40832768
   1992.37623589      35.37959795
   1993.55904257      35.35188827
   1994.71437747      35.32524105
   1996.01503866      35.29967770
   1997.21682610      35.27520840
   1998.41728170      35.25184294
   1999.66645698      35.22959367
   2000.92716128      35.20847296
   2002.15141360      35.18847475
   2003.36804545      35.16959346
   2004.65379558      35.15181457
   2005.85404229      35.13511666
   2007.07094542      35.11948954
   2008.27185663      35.10494053
   2009.50441660      35.09148559
   2010.72788863      35.07915187
   2011.97560589      35.06796925
   2013.26136832      35.05797942
   2014.51005823      35.04923108
   2015.76450082      35.04176532
   2016.96762340      35.03562483
   2018.21647636      35.03085845
   2019.41804072      35.02751318
   2020.65120612      35.02562436
   2021.85348507      35.02521470
   2023.04012231      35.02628893
   2024.24029529      35.02883212
   2025.42662580      35.03280661
   2026.62804318      35.03813382
   2027.83055088      35.04471961
   2029.04594211      35.05244616
   2030.23188602      35.06118287
   2031.55015124      35.07077870
   2032.80555419      35.08107891
   2034.03708339      35.09192701
   2035.27038065      35.10314928
   2036.45580704      35.11455045
   2037.68887461      35.12593451
   2038.97523489      35.13709572
   2040.14656691      35.14782268
   2041.37844679      35.15790506
   2042.61148789      35.16713836
   2043.84550636      35.17533205
   2045.07771046      35.18230394
   2046.27790281      35.18787111
   2047.47953665      35.19185006
   2048.66518942      35.19406232
   2049.91739749      35.19435387
   2051.13429022      35.19258403
   2052.33614903      35.18864273
   2053.55737565      35.18246559
   2054.77616784      35.17402461
   2056.04350247      35.16331531
   2057.24499783      35.15036645
   2058.43161380      35.13522773
   2059.61721317      35.11797446
   2060.81763711      35.09869873
   2061.98134251      35.07750028
   2063.15086489      35.05450109
   2064.32030503      35.02984658
   2065.56861164      35.00369078
   2066.75449269      34.97619851
   2068.00977986      34.94753631
   2069.18820065      34.91787388
   2070.39949194      34.88738235
   2071.63279156      34.85623171
   2072.85666531      34.82458418
   2074.05730004      34.79262428
   2075.27433834      34.76053447
   2076.44717044      34.72850832
   2077.67924882      34.69674455
   2078.88040862      34.66544806
   2080.16688612      34.63481183
   2081.34486927      34.60500312
   2082.53019028      34.57616835
   2083.70185029      34.54844057
   2084.85330737      34.52193058
   2086.07549530      34.49671668
   2087.29074475      34.47285060
   2088.49633628      34.45036094
   2089.67877951      34.42924482
   2090.85256631      34.40946445
   2092.08476426      34.39094727
   2093.30206628      34.37360591
   2094.60282625      34.35735043
   2095.83961094      34.34208872
   2097.01025247      34.32772564
   2098.21644328      34.31418046
   2099.46504244      34.30137802
   2100.68788400      34.28922894
   2101.91751659      34.27763839
   2103.08160198      34.26651512
   2104.32227300      34.25575898
   2105.53964733      34.24526695
   2106.78837930      34.23493140
   2107.98988837      34.22465475
   2109.22960234      34.21436475
   2110.47808997      34.20399888
   2111.73302314      34.19350110
   2112.93369804      34.18282959
   2114.13384077      34.17194930
   2115.31734219      34.16083710
   2116.49779335      34.14948651
   2117.71400127      34.13791277
   2118.87650150      34.12616459
   2120.07695947      34.11432818
   2121.27915335      34.10250183
   2122.48057168      34.09080553
   2123.68163128      34.07936872
   2124.88181088      34.06831256
   2126.14557395      34.05774494
   2127.39990595      34.04775669
   2128.60137957      34.03842396
   2129.83428881      34.02981198
   2131.02061034      34.02196256
   2132.20601310      34.01488937
   2133.42316956      34.00859958
   2134.59316738      34.00309923
   2135.75717148      33.99837668
   2136.94997542      33.99441828
   2138.18719918      33.99120248
   2139.42205276      33.98872280
   2140.60634488      33.98696833
   2141.79327939      33.98592097
   2143.04021400      33.98556001
   2144.25723387      33.98586191
   2145.49625546      33.98678369
   2146.69728387      33.98826730
   2147.89862421      33.99025627
   2149.14635613      33.99268235
   2150.40099249      33.99546579
   2151.62022894      33.99852612
   2152.84412821      34.00178187
   2154.06139668      34.00517428
   2155.28217621      34.00864901
   2156.56868584      34.01214846
   2157.77058103      34.01562349
   2158.98788495      34.01903716
   2160.22226024      34.02235757
   2161.40268068      34.02557180
   2162.57860323      34.02869535
   2163.80116169      34.03176560
   2165.00296142      34.03482938
   2166.18306331      34.03792564
   2167.38498497      34.04108368
   2168.57863962      34.04432377
   2169.79864690      34.04765309
   2170.98154101      34.05104980
   2172.18238463      34.05449163
   2173.40005482      34.05794223
   2174.58834622      34.06136050
   2175.80797682      34.06470563
   2177.00925242      34.06792660
   2178.29117483      34.07098593
   2179.45918814      34.07386651
   2180.62863489      34.07655252
   2181.81446207      34.07902228
   2183.01549710      34.08126013
   2184.19579040      34.08324278
   2185.41881156      34.08495586
   2186.62069304      34.08637179
   2187.82143080      34.08747046
   2189.03800263      34.08823705
   2190.27057064      34.08865490
   2191.48677099      34.08869628
   2192.72468382      34.08833749
   2193.90375777      34.08755753
   2195.10587935      34.08632423
   2196.27409021      34.08461373
   2197.44523744      34.08240204
   2198.64569399      34.07967378
   2199.83256423      34.07643225
   2201.03405061      34.07267315
   2202.23463760      34.06840078
   2203.43614903      34.06363613
   2204.69212621      34.05841339
   2205.92516400      34.05276605
   2207.11159470      34.04674108
   2208.34348120      34.04038232
   2209.56058614      34.03371965
   2210.76306643      34.02676242
   2211.98638297      34.01951134
   2213.18963599      34.01197144
   2214.44312957      34.00414430
   2215.62925024      33.99603337
   2216.77704501      33.98763966
   2217.97843640      33.97899003
   2219.19944279      33.97010274
   2220.38605261      33.96101270
   2221.55860682      33.95176115
   2222.77581148      33.94239192
   2223.97782341      33.93297139
   2225.20067726      33.92355502
   2226.36477636      33.91418881
   2227.58871250      33.90491599
   2228.80672675      33.89577509
   2230.05344868      33.88680072
   2231.26999546      33.87803211
   2232.51919769      33.86949988
   2233.70586895      33.86123578
   2234.87696561      33.85326006
   2236.07854273      33.84557978
   2237.28003053      33.83818931
   2238.46340861      33.83108393
   2239.64918710      33.82424941
   2240.93529217      33.81765557
   2242.15379086      33.81127354
   2243.34030616      33.80506924
   2244.54188754      33.79902042
   2245.79114269      33.79310940
   2247.00901752      33.78731276
   2248.17965953      33.78162217
   2249.36531845      33.77603733
   2250.56688470      33.77054933
   2251.79360881      33.76513836
   2253.05375636      33.75978544
   2254.27101395      33.75445450
   2255.47296208      33.74911350
   2256.67601943      33.74373471
   2257.89296463      33.73830865
   2259.12692686      33.73284193
   2260.34362724      33.72734201
   2261.51396251      33.72181709
   2262.70015124      33.71628340
   2263.91838290      33.71076897
   2265.12106169      33.70528054
   2266.32015426      33.69983393
   2267.49106329      33.69443704
   2268.72861268      33.68909863
   2270.01284099      33.68382661
   2271.38699879      33.67860947
   2272.70079211      33.67343717
   2273.88546704      33.66829058
   2275.11647258      33.66314386
   2276.30452105      33.65796538
   2277.48945072      33.65271649
   2278.77661115      33.64734258
   2279.99427803      33.64178548
   2281.22050305      33.63598639
   2282.42225882      33.62988570
   2283.62407509      33.62342075
   2284.80948258      33.61652646
   2286.00998355      33.60913096
   2287.21132248      33.60116746
   2288.41402726      33.59259255
   2289.63144318      33.58337204
   2290.86348517      33.57349156
   2292.08126595      33.56294320
   2293.27612057      33.55172868
   2294.46715835      33.53986311
   2295.66870333      33.52735897
   2296.85494404      33.51421713
   2298.02594287      33.50044319
   2299.24391601      33.48605152
   2300.47772605      33.47105636
   2301.69446660      33.45550166
   2302.93332609      33.43943858
   2304.18220788      33.42293436
   2305.43632626      33.40605914
   2306.97931310      33.38887656
   2308.79357194      33.37145316
   2310.02982447      33.35386796
   2311.22949080      33.33619195
   2312.43073142      33.31848792
   2313.63295083      33.30084725
   2314.86558926      33.28337155
   2316.11888623      33.26616670
   2317.36755109      33.24934048
   2318.60081196      33.23300180
   2319.80153081      33.21726001
   2321.04063652      33.20221584
   2322.25799762      33.18795752
   2323.52660453      33.17456882
   2324.74373736      33.16212632
   2325.94787890      33.15069699
   2327.16843772      33.14035785
   2328.35426773      33.13118346
   2329.63377885      33.12323045
   2330.93356712      33.11654479
   2332.23392158      33.11115681
   2333.54495151      33.10709466
   2335.38851069      33.10438393
   2336.53976927      33.10303553
   2337.77388935      33.10303108
   2339.00631936      33.10434384
   2340.22392385      33.10692051
   2341.40977371      33.11068234
   2342.62776906      33.11552660
   2343.81476691      33.12132166
   2345.03293429      33.12791262
   2346.21907244      33.13514186
   2347.40738652      33.14284442
   2348.57658610      33.15084442
   2349.77847231      33.15898222
   2350.94317494      33.16708237
   2352.19683489      33.17497532
   2353.40225438      33.18248534
   2354.60316511      33.18943941
   2355.76672590      33.19567445
   2356.93863546      33.20104447
   2358.13995406      33.20541900
   2359.37261612      33.20869732
   2360.54727537      33.21081245
   2361.81271575      33.21170146
   2363.01410855      33.21130272
   2364.16118494      33.20957326
   2365.41654347      33.20647384
   2366.63314886      33.20196510
   2367.81827278      33.19600939
   2369.03602898      33.18857741
   2370.23749078      33.17967057
   2371.42151351      33.16930082
   2372.62366155      33.15749789
   2373.82575241      33.14432027
   2374.97296680      33.12982501
   2376.24277795      33.11406871
   2377.44911621      33.09711805
   2378.62854935      33.07903812
   2379.85136161      33.05990436
   2381.06836730      33.03979120
   2382.30210267      33.01876963
   2383.47285101      32.99692486
   2384.67414409      32.97436004
   2385.86033565      32.95117089
   2387.04087094      32.92745914
   2388.22630820      32.90334117
   2389.42743067      32.87893768
   2390.61405231      32.85437614
   2391.83176692      32.82980023
   2393.11653024      32.80535608
   2394.33281850      32.78118940
   2395.53375097      32.75746385
   2396.71949969      32.73432930
   2397.87305187      32.71194367
   2399.07495463      32.69045884
   2400.32109619      32.67002008
   2401.49706600      32.65077166
   2402.67717309      32.63285166
   2403.88359548      32.61638279
   2405.12358688      32.60145746
   2406.32594996      32.58814577
   2407.57271962      32.57648165
   2408.77876912      32.56647659
   2409.98009528      32.55811966
   2411.19872866      32.55137035
   2412.41547678      32.54617448
   2413.60507874      32.54247213
   2414.83818600      32.54019923
   2416.05583729      32.53928880
   2417.27398435      32.53965105
   2418.49544114      32.54119530
   2419.71580146      32.54382915
   2420.91730486      32.54743436
   2422.13354254      32.55189281
   2423.37040333      32.55709730
   2424.56681097      32.56294121
   2425.78453126      32.56933360
   2426.95401913      32.57619413
   2428.12432652      32.58346159
   2429.32588663      32.59109590
   2430.55749145      32.59906285
   2431.72740231      32.60733198
   2432.93000359      32.61589108
   2434.13017184      32.62473814
   2435.33131699      32.63386511
   2436.52704359      32.64327026
   2437.79632257      32.65296194
   2438.96765885      32.66294617
   2440.16928181      32.67322769
   2441.43827627      32.68381313
   2442.59350436      32.69469370
   2443.79300433      32.70585059
   2444.95779298      32.71724702
   2446.11661436      32.72882737
   2447.29440375      32.74052799
   2448.53276982      32.75226123
   2449.69978307      32.76392808
   2450.95518508      32.77541690
   2452.14130385      32.78661963
   2453.44657637      32.79741715
   2454.74486360      32.80769149
   2456.02588616      32.81732454
   2457.25904872      32.82621226
   2458.47534028      32.83426025
   2459.69269382      32.84136923
   2460.89425156      32.84743442
   2462.09681031      32.85235541
   2463.26657655      32.85603592
   2464.48211713      32.85839274
   2465.66755629      32.85935245
   2466.85325255      32.85883746
   2468.05567282      32.85679647
   2469.30468363      32.85319299
   2470.52524198      32.84799080
   2471.74487116      32.84117122
   2472.99395429      32.83273095
   2474.21077897      32.82268148
   2475.41416763      32.81104969
   2476.61566582      32.79787064
   2477.81575184      32.78319173
   2479.01701845      32.76707304
   2480.21935932      32.74958124
   2481.44353980      32.73079263
   2482.63125130      32.71080262
   2483.79569494      32.68971165
   2484.96473146      32.66761412
   2486.13527847      32.64461205
   2487.31349084      32.62081106
   2488.49978874      32.59632941
   2489.64114600      32.57129211
   2490.86930733      32.54584313
   2492.09264278      32.52014355
   2493.29329310      32.49437227
   2494.45781188      32.46871523
   2495.66019765      32.44338350
   2496.91404664      32.41858688
   2498.14614156      32.39454477
   2499.36399040      32.37147575
   2500.60242027      32.34960080
   2501.82485302      32.32913876
   2503.01134422      32.31028922
   2504.18096111      32.29322505
   2505.36736063      32.27808288
   2506.56874634      32.26497855
   2507.81741781      32.25400917
   2509.03394002      32.24523539
   2510.21911781      32.23868524
   2511.42147239      32.23435812
   2512.63931414      32.23221828
   2513.93985718      32.23221627
   2515.12604874      32.23427349
   2516.32693915      32.23828261
   2517.54314753      32.24412308
   2518.78177354      32.25165450
   2519.96137966      32.26072184
   2521.18478553      32.27115353
   2522.38676626      32.28275888
   2523.58776254      32.29533716
   2524.87169972      32.30868534
   2526.05440762      32.32259306
   2527.24155245      32.33685195
   2528.42588143      32.35125166
   2529.66028083      32.36557694
   2530.86218642      32.37963036
   2532.07963590      32.39324983
   2533.30302664      32.40629425
   2534.52128760      32.41865743
   2535.75442369      32.43025761
   2536.97233444      32.44105053
   2538.21217224      32.45101234
   2539.46112587      32.46014334
   2540.71459062      32.46846104
   2541.90710768      32.47600525
   2543.12382129      32.48281664
   2544.29980008      32.48895756
   2545.49508951      32.49448981
   2546.68054568      32.49946454
   2547.86521447      32.50392370
   2549.11290858      32.50788167
   2550.29850417      32.51135081
   2551.51688990      32.51431645
   2552.70129639      32.51676365
   2553.90186022      32.51865965
   2555.10359519      32.51996034
   2556.32168223      32.52062664
   2557.52262983      32.52062276
   2558.75594032      32.51991264
   2559.95751980      32.51846265
   2561.13095497      32.51623113
   2562.33293523      32.51316505
   2563.51243643      32.50921010
   2564.73585080      32.50430923
   2565.96587330      32.49840913
   2567.16713755      32.49144945
   2568.38488194      32.48337919
   2569.58522837      32.47415566
   2570.78693404      32.46374337
   2571.97556383      32.45210813
   2573.21280602      32.43922867
   2574.43044313      32.42510111
   2575.63051071      32.40973091
   2576.86437652      32.39316261
   2578.06754495      32.37546160
   2579.29880428      32.35670215
   2580.50038991      32.33698731
   2581.68390268      32.31643834
   2582.88647182      32.29518859
   2584.08868650      32.27337413
   2585.30609297      32.25113420
   2586.50820037      32.22860919
   2587.71017213      32.20594034
   2588.91129554      32.18326388
   2590.09812608      32.16071703
   2591.30067679      32.13841532
   2592.46529718      32.11645774
   2593.63520190      32.09494288
   2594.88448211      32.07395939
   2596.06888718      32.05360397
   2597.28548973      32.03396212
   2598.48520616      32.01513356
   2599.65382536      31.99721572
   2600.88602047      31.98032038
   2602.04111481      31.96455890
   2603.33558378      31.95003504
   2604.60713037      31.93683745
   2605.77679594      31.92503740
   2606.99328128      31.91468302
   2608.19553614      31.90580147
   2609.42892650      31.89841331
   2610.66194208      31.89252198
   2611.86136596      31.88811857
   2613.03244513      31.88517204
   2614.21758370      31.88364302
   2615.38782351      31.88346772
   2616.58952067      31.88456825
   2617.75453098      31.88685538
   2618.95636615      31.89023729
   2620.17478023      31.89461714
   2621.41315150      31.89988054
   2622.61589126      31.90593195
   2623.80015407      31.91266186
   2625.00165794      31.91995878
   2626.21872601      31.92771666
   2627.41014566      31.93582012
   2628.59514292      31.94414529
   2629.84311823      31.95257162
   2630.99893567      31.96098100
   2632.18261527      31.96927154
   2633.38028905      31.97734827
   2634.64983080      31.98512598
   2635.86550797      31.99253239
   2637.10579995      31.99950026
   2638.30915742      32.00598389
   2639.51267038      32.01196488
   2640.69098956      32.01744023
   2641.86218831      32.02242818
   2643.07997145      32.02695876
   2644.33519623      32.03108111
   2645.53584041      32.03485171
   2646.76811303      32.03833593
   2647.98540182      32.04159139
   2649.18752150      32.04467558
   2650.37360200      32.04763590
   2651.60575742      32.05051691
   2652.79130196      32.05335466
   2653.99250714      32.05618523
   2655.19512827      32.05904828
   2656.43219133      32.06195716
   2657.61099873      32.06492194
   2658.78163885      32.06794477
   2659.99982324      32.07102521
   2661.20069097      32.07415682
   2662.38641936      32.07733555
   2663.58733009      32.08055567
   2664.80428143      32.08381027
   2665.96321058      32.08708973
   2667.16575420      32.09038241
   2668.38685228      32.09368702
   2669.58841569      32.09699292
   2670.75675984      32.10029365
   2672.03799412      32.10358503
   2673.23969034      32.10686450
   2674.49435034      32.11013663
   2675.69598938      32.11341652
   2676.91086640      32.11672558
   2678.07533887      32.11998421
   2679.27602747      32.12344989
   2680.50134034      32.12715985
   2681.68138883      32.13115159
   2682.92543008      32.13546203
   2684.12652797      32.14012854
   2685.32784468      32.14518834
   2686.50753398      32.15067863
   2687.73078294      32.15663664
   2688.90933040      32.16309972
   2690.09710759      32.17010494
   2691.29783683      32.17768968
   2692.50001371      32.18589099
   2693.67113022      32.19474624
   2694.88898614      32.20429278
   2696.14329971      32.21456755
   2697.34571053      32.22560791
   2698.64756933      32.23745107
   2699.82763909      32.25013440
