      0.41918682      23.03765735
      1.64253597      23.01766537
      2.79914693      22.99942119
      3.97797701      22.98288298
      5.15587462      22.96800901
      6.34332713      22.95475716
      7.49722432      22.94308584
      8.67622455      22.93295292
      9.86981020      22.92431669
     11.04506541      22.91713515
     12.20743946      22.91136658
     13.35990085      22.90696900
     14.52522969      22.90390069
     15.70202044      22.90211951
     16.86420402      22.90158389
     18.02010275      22.90225169
     19.17204284      22.90408120
     20.33510738      22.90703056
     21.50101943      22.91105778
     22.66622871      22.91612115
     23.82966709      22.92219938
     25.00360039      22.92924543
     26.18292531      22.93721674
     27.36663232      22.94607447
     28.54244192      22.95577921
     29.69974526      22.96628608
     30.86714464      22.97755137
     32.04653052      22.98952991
     33.20425591      23.00217092
     34.38046345      23.01541760
     35.55095941      23.02921357
     36.70463920      23.04349984
     37.87873320      23.05821330
     39.03823232      23.07329639
     40.22003185      23.08868699
     41.39244002      23.10432483
     42.58241252      23.12015282
     43.75533584      23.13611845
     44.92679547      23.15216735
     46.10804913      23.16824589
     47.27369416      23.18431090
     48.44677959      23.20030904
     49.61298703      23.21618737
     50.77620470      23.23189612
     51.92636444      23.24739027
     53.07721988      23.26261705
     54.23671995      23.27752841
     55.38769070      23.29208006
     56.56406271      23.30622624
     57.74168478      23.31992556
     58.88957313      23.33314160
     60.05582264      23.34583756
     61.23915345      23.35799099
     62.42749542      23.36959011
     63.60646209      23.38061980
     64.78163648      23.39106972
     65.95249825      23.40093713
     67.12148137      23.41023670
     68.28974186      23.41899404
     69.46581753      23.42723963
     70.62539747      23.43501058
     71.78497741      23.44234487
     72.95926045      23.44927529
     74.14027261      23.45583434
     75.30234371      23.46206617
     76.46835028      23.46801121
     77.64293864      23.47371074
     78.82446736      23.47920948
     79.99836853      23.48456367
     81.16127947      23.48982581
     82.31167741      23.49505012
     83.47251876      23.50029601
     84.62874690      23.50561668
     85.81013006      23.51107429
     86.98019500      23.51672534
     88.14634478      23.52261832
     89.32784799      23.52878457
     90.51202762      23.53525487
     91.71051619      23.54204966
     92.87690843      23.54917626
     94.04891015      23.55664114
     95.20870985      23.56443856
     96.37290820      23.57254564
     97.53273862      23.58091924
     98.71196004      23.58952153
     99.89599646      23.59830087
    101.06617956      23.60719787
    102.22863726      23.61615340
    103.39371609      23.62510634
    104.54423928      23.63399269
    105.71328998      23.64275434
    106.89090213      23.65132930
    108.04837562      23.65964738
    109.24428654      23.66764976
    110.42408218      23.67528436
    111.57934760      23.68249755
    112.73677524      23.68923005
    113.92044870      23.69541917
    115.08202970      23.70100536
    116.26673961      23.70593497
    117.43587774      23.71017132
    118.61540210      23.71369528
    119.76628731      23.71649765
    120.92229947      23.71857008
    122.08975273      23.71992079
    123.27089722      23.72056543
    124.42965575      23.72053709
    125.61115092      23.71987433
    126.77428257      23.71862963
    127.94949194      23.71687146
    129.22184103      23.71468770
    130.44977929      23.71217356
    131.62144640      23.70942326
    132.77240439      23.70654178
    133.94390892      23.70364003
    135.11709171      23.70084326
    136.28352884      23.69826699
    137.44264798      23.69602455
    138.61259618      23.69422740
    139.77421404      23.69297408
    140.93929098      23.69236237
    142.11224597      23.69249383
    143.25949250      23.69347748
    144.43864775      23.69540292
    145.60742670      23.69836034
    146.76586338      23.70243157
    147.92828327      23.70768350
    149.10249211      23.71416646
    150.28031079      23.72191929
    151.44368064      23.73096587
    152.61939619      23.74131698
    153.80581555      23.75297449
    154.97391015      23.76592229
    156.13548831      23.78012328
    157.31055636      23.79553430
    158.48454213      23.81210905
    159.64289515      23.82979545
    160.80101093      23.84853728
    161.95579475      23.86827023
    163.11783797      23.88890614
    164.29070410      23.91034390
    165.46401308      23.93248067
    166.65604240      23.95522526
    167.84564862      23.97848419
    169.02854037      24.00217590
    170.20632975      24.02621783
    171.38122578      24.05053793
    172.56640594      24.07507723
    173.74243105      24.09978365
    174.92173375      24.12460183
    176.09575307      24.14948919
    177.26502968      24.17441539
    178.42503781      24.19935683
    179.59082273      24.22429439
    180.76945715      24.24921325
    181.92129894      24.27411183
    183.10336976      24.29900667
    184.27967560      24.32392496
    185.45937151      24.34890725
    186.64884209      24.37399194
    187.82691504      24.39921587
    189.00163242      24.42460821
    190.16666824      24.45020566
    191.33807305      24.47603712
    192.50724852      24.50212992
    193.67420411      24.52850951
    194.84596527      24.55520380
    196.03054616      24.58223954
    197.19155812      24.60963730
    198.37237131      24.63740283
    199.56275450      24.66552995
    200.74298117      24.69400283
    201.96067499      24.72279947
    203.14829527      24.75188449
    204.39524973      24.78119533
    205.56856674      24.81065272
    206.77594901      24.84015657
    207.93990207      24.86959052
    209.10063898      24.89884239
    210.27308448      24.92779767
    211.44685568      24.95633197
    212.62525852      24.98430418
    213.78370749      25.01157163
    214.94598559      25.03798445
    216.12157542      25.06339852
    217.28700541      25.08767590
    218.46751659      25.11068528
    219.63195219      25.13230858
    220.81119865      25.15244612
    221.98043178      25.17101176
    223.16063198      25.18793860
    224.34364992      25.20317832
    225.52414362      25.21671050
    226.66943636      25.22853198
    227.82651332      25.23866159
    228.99665907      25.24712508
    230.13716232      25.25396445
    231.31148695      25.25924054
    232.46832382      25.26304627
    233.64600497      25.26549999
    234.80263153      25.26674498
    235.97669386      25.26694289
    237.15119147      25.26627495
    238.34597520      25.26493661
    239.52020247      25.26313817
    240.72633042      25.26109795
    241.90717574      25.25903357
    243.10144762      25.25716264
    244.31151200      25.25571212
    245.48768597      25.25490524
    246.65726081      25.25495285
    247.83229862      25.25605055
    249.01235278      25.25837181
    250.20386931      25.26208247
    251.37516447      25.26732691
    252.54237480      25.27422957
    253.70694416      25.28289572
    254.88496276      25.29339727
    256.05348177      25.30577968
    257.24944515      25.32007272
    258.43896488      25.33629120
    259.61302815      25.35443196
    260.76743719      25.37447976
    261.94927217      25.39640553
    263.12545277      25.42016570
    264.30607454      25.44570188
    265.47358168      25.47293697
    266.64184264      25.50177589
    267.80417368      25.53211755
    268.96440677      25.56384457
    270.14143713      25.59682636
    271.30256347      25.63091405
    272.47833667      25.66595361
    273.65292266      25.70178897
    274.82445791      25.73827056
    276.10517704      25.77525425
    277.29347222      25.81259997
    278.45544171      25.85016214
    279.62759892      25.88779652
    280.78878906      25.92536445
    281.97430809      25.96273606
    283.14441556      25.99979339
    284.31385145      26.03643104
    285.53044927      26.07255348
    286.68963788      26.10807846
    287.87968032      26.14293823
    289.05206912      26.17707525
    290.23246073      26.21043114
    291.39713453      26.24295412
    292.56253994      26.27460304
    293.73586451      26.30534397
    294.91758512      26.33515518
    296.08010615      26.36401971
    297.26133713      26.39193108
    298.43501853      26.41890038
    299.59249532      26.44495017
    300.76905023      26.47012130
    301.92733284      26.49446916
    303.09288996      26.51805473
    304.25306256      26.54094905
    305.42776433      26.56323094
    306.60988525      26.58498786
    307.77720050      26.60630926
    308.93246781      26.62728533
    310.10621680      26.64800365
    311.27491493      26.66855269
    312.44356769      26.68902003
    313.62010558      26.70947673
    314.77034000      26.72998622
    315.93144838      26.75061048
    317.10599656      26.77141036
    318.28102066      26.79244424
    319.45242216      26.81375572
    320.61800244      26.83538104
    321.79612643      26.85734651
    322.93073142      26.87967284
    324.10537790      26.90238220
    325.27786217      26.92549672
    326.42737584      26.94903151
    327.60370720      26.97299937
    328.78005700      26.99740548
    329.94172118      27.02224998
    331.10540437      27.04753029
    332.28306757      27.07323201
    333.43768125      27.09933459
    334.59599977      27.12581141
    335.78108777      27.15263831
    336.97110469      27.17978767
    338.15417084      27.20723275
    339.29683300      27.23494895
    340.44874095      27.26291368
    341.61360569      27.29110653
    342.78073709      27.31951110
    343.93125650      27.34810480
    345.13042611      27.37686577
    346.34275951      27.40577115
    347.54175237      27.43480079
    348.73448825      27.46393558
    349.91311227      27.49315853
    351.07985944      27.52245340
    352.24880239      27.55179660
    353.41315576      27.58116309
    354.57907726      27.61052887
    355.73346031      27.63986976
    356.93161285      27.66915585
    358.09421092      27.69835565
    359.26390202      27.72744700
    360.44060344      27.75641480
    361.61957672      27.78524265
    362.79002117      27.81391575
    363.95753965      27.84241826
    365.13375333      27.87074645
    366.30885305      27.89890061
    367.48715617      27.92688821
    368.66980453      27.95471832
    369.85381402      27.98240144
    371.02918360      28.00994993
    372.20347279      28.03738667
    373.37339310      28.06473696
    374.54186674      28.09202929
    375.69856466      28.11929487
    376.86661531      28.14656319
    378.04166919      28.17387148
    379.22097898      28.20125817
    380.38863924      28.22876452
    381.54791529      28.25643311
    382.71806199      28.28431097
    383.89098767      28.31244125
    385.08020918      28.34086336
    386.24609335      28.36961326
    387.41557981      28.39872503
    388.57967796      28.42822774
    389.74633202      28.45815272
    390.94072490      28.48852918
    392.11624620      28.51938388
    393.28557716      28.55073824
    394.44918994      28.58261499
    395.61862677      28.61503081
    396.79176040      28.64800124
    397.96404995      28.68154065
    399.14517364      28.71566344
    400.32650717      28.75037578
    401.49502949      28.78567940
    402.67897612      28.82157561
    403.84534567      28.85806194
    405.00951850      28.89512891
    406.18021249      28.93275553
    407.35502864      28.97091790
    408.51333157      29.00958455
    409.68275375      29.04872453
    410.83903530      29.08829715
    411.99612549      29.12825653
    413.16717678      29.16855075
    414.33609987      29.20912831
    415.52300461      29.24993312
    416.69347033      29.29090534
    417.87179377      29.33197796
    419.03655217      29.37307762
    420.20929448      29.41413082
    421.37015001      29.45506292
    422.54895079      29.49580042
    423.73741280      29.53626478
    424.90625933      29.57638022
    426.08170643      29.61607251
    427.23283031      29.65526370
    428.39159499      29.69387482
    429.55393170      29.73182879
    430.70676787      29.76905728
    431.92940479      29.80549946
    433.10054634      29.84110052
    434.26976908      29.87581603
    435.45544643      29.90961232
    436.63733246      29.94246797
    437.80482069      29.97437708
    438.99079815      30.00535001
    440.17395552      30.03540573
    441.35580231      30.06457504
    442.53283693      30.09289546
    443.70286028      30.12041735
    444.87246725      30.14719348
    446.03213840      30.17328713
    447.18842987      30.19876463
    448.36053037      30.22369888
    449.53822570      30.24816597
    450.72115810      30.27224271
    451.89622805      30.29601266
    453.06108522      30.31956313
    454.24682543      30.34298847
    455.40963665      30.36637699
    456.56636246      30.38982059
    457.74258086      30.41340831
    458.92917462      30.43722774
    460.10337496      30.46135856
    461.27322580      30.48587671
    462.43732348      30.51085095
    463.64475490      30.53634095
    464.82696703      30.56240340
    465.98651483      30.58908187
    467.13860663      30.61640915
    468.30248974      30.64440567
    469.46669943      30.67308308
    470.62874879      30.70243735
    471.79860247      30.73245007
    472.97010416      30.76309420
    474.12326502      30.79433508
    475.28268475      30.82613618
    476.46327958      30.85845362
    477.67133628      30.89123937
    478.89192015      30.92444639
    480.06988912      30.95802982
    481.25974063      30.99194031
    482.43523262      31.02612509
    483.60529189      31.06052446
    484.77197336      31.09507140
    485.94209360      31.12969557
    487.10228227      31.16432536
    488.25169764      31.19889358
    489.40782937      31.23332877
    490.56900108      31.26756590
    491.73945640      31.30154169
    492.92002855      31.33520437
    494.09098673      31.36850301
    495.25056336      31.40139333
    496.41382309      31.43384712
    497.56558264      31.46584914
    498.74776830      31.49740098
    499.92225079      31.52851255
    501.07631576      31.55920717
    502.24420147      31.58951704
    503.40798013      31.61948863
    504.56692913      31.64917859
    505.81110082      31.67865023
    506.99171928      31.70797300
    508.14466274      31.73722270
    509.30957947      31.76648161
    510.48570996      31.79583070
    511.63309450      31.82535297
    512.80777171      31.85512938
    513.99354169      31.88523990
    515.16546969      31.91575732
    516.32963022      31.94675901
    517.50069805      31.97831991
    518.69304450      32.01051452
    519.87151682      32.04341403
    521.04126652      32.07708232
    522.21568520      32.11156267
    523.38347543      32.14688010
    524.55981577      32.18303217
    525.73072717      32.21998121
    526.89188659      32.25766219
    528.07778371      32.29598608
    529.26959279      32.33483913
    530.46618712      32.37408612
    531.63167760      32.41357518
    532.79577953      32.45313385
    533.95702875      32.49256480
    535.11417472      32.53166063
    536.30060684      32.57019754
    537.52335057      32.60794813
    538.71316001      32.64467294
    539.90838942      32.68014930
    541.15780006      32.71417112
    542.31909371      32.74655026
    543.49921546      32.77712090
    544.66511003      32.80572740
    545.84186201      32.83223327
    547.01634025      32.85653309
    548.18025313      32.87855336
    549.35025569      32.89824474
    550.52135896      32.91557862
    551.70065127      32.93056765
    552.87715986      32.94326275
    554.03742320      32.95374992
    555.19235732      32.96215717
    556.36416763      32.96865049
    557.51644753      32.97343425
    558.68979148      32.97675470
    559.87436906      32.97889617
    561.05729815      32.98017927
    562.22126869      32.98093668
    563.38030559      32.98152206
    564.54073624      32.98229774
    565.71767728      32.98362025
    566.89683961      32.98582256
    568.06867214      32.98922139
    569.33476331      32.99411101
    570.74488440      33.00076067
    572.05005813      33.00942452
    573.29270847      33.02032966
    574.55697582      33.03366407
    575.80090033      33.04957606
    577.05650179      33.06817635
    578.27965764      33.08952537
    579.56884133      33.11364928
    580.86343413      33.14053961
    582.12570467      33.17014789
    583.40202422      33.20239571
    584.71476218      33.23717163
    585.99016863      33.27435467
    587.24516419      33.31378490
    588.52928663      33.35527319
    589.84086290      33.39859616
    591.10526164      33.44349565
    592.39315557      33.48968557
    593.73449250      33.53686907
    595.06892121      33.58472914
    596.40480557      33.63293598
    597.71154177      33.68116784
    599.02494140      33.72912744
    600.30786434      33.77652769
    601.62278626      33.82310020
    602.91460622      33.86860880
    604.15509906      33.91284005
    605.46305887      33.95561806
    606.76845379      33.99681034
    608.09520767      34.03631422
    609.42391960      34.07406021
    610.73422359      34.11001293
    612.03104288      34.14418980
    613.33758011      34.17663093
    614.64954156      34.20739574
    616.01194349      34.23656418
    617.31459535      34.26424931
    618.63516362      34.29059798
    619.95104117      34.31578868
    621.24551251      34.34002665
    622.54906989      34.36352232
    623.86850058      34.38649689
    625.18882545      34.40919489
    626.50687185      34.43187864
    627.82016750      34.45481985
    629.07109193      34.47831005
    630.31226062      34.50262138
    631.54843564      34.52801545
    632.78625773      34.55473808
    634.04937756      34.58301434
    635.28483279      34.61303843
    636.49842760      34.64494624
    637.73096253      34.67883890
    638.98414608      34.71476962
    640.21051666      34.75274819
    641.43015908      34.79273633
    642.63857969      34.83467423
    643.95610243      34.87846954
    645.15530985      34.92400144
    646.36073407      34.97113143
    647.57513942      35.01969065
    648.83372119      35.06948321
    650.07481662      35.12029682
    651.28970216      35.17191831
    652.54866722      35.22412461
    653.76028650      35.27669754
    655.01446065      35.32941659
    656.23424533      35.38205611
    657.48630877      35.43440710
    658.73690758      35.48627368
    659.94525918      35.53746886
    661.18595383      35.58779359
    662.41046373      35.63707441
    663.64486927      35.68516144
    664.88055892      35.73194135
    666.11602218      35.77732770
    667.35342222      35.82126971
    668.58871392      35.86374538
    669.79874000      35.90476392
    671.04604278      35.94438631
    672.25129591      35.98271783
    673.46183196      36.01988865
    674.65469970      36.05605108
    675.88523309      36.09136894
    677.09154347      36.12599484
    678.34462115      36.16009821
    679.53692128      36.19384762
    680.77180700      36.22740588
    682.00768947      36.26092084
    683.24139601      36.29452627
    684.45876326      36.32835709
    685.67804649      36.36253122
    686.94805140      36.39715511
    688.18585459      36.43232195
    689.39433191      36.46812179
    690.61930261      36.50461632
    691.85473562      36.54183963
    693.08797758      36.57980669
    694.34005284      36.61850354
    695.54269098      36.65790529
    696.83956274      36.69797715
    698.07307409      36.73867451
    699.30838800      36.77992016
    700.64983458      36.82160966
    701.88111141      36.86361056
    703.15227990      36.90578750
    704.37836928      36.94799881
    705.58917094      36.99008816
    706.78885806      37.03188151
    708.06672543      37.07319979
    709.31735590      37.11389169
    710.55660104      37.15380562
    711.81846182      37.19281271
    713.04724795      37.23078710
    714.30446008      37.26763934
    715.52219455      37.30329635
    716.73883632      37.33771054
    717.95020795      37.37086104
    719.19951604      37.40274483
    720.48127588      37.43337889
    721.75318449      37.46279357
    722.96452304      37.49103762
    724.22396544      37.51817131
    725.45217356      37.54427691
    726.66259760      37.56944675
    727.91752982      37.59378454
    729.12905127      37.61740865
    730.31138439      37.64045068
    731.50179831      37.66305734
    732.71735873      37.68538426
    733.99535134      37.70760301
    735.24521145      37.72988936
    736.48001304      37.75242195
    737.69281859      37.77537193
    738.90886345      37.79891737
    740.11855635      37.82323804
    741.39825604      37.84850986
    742.63306048      37.87490858
    743.85427813      37.90259889
    745.13554786      37.93171311
    746.36942738      37.96234602
    747.59599032      37.99457213
    748.87854793      38.02845975
    750.13841522      38.06406413
    751.36229796      38.10140135
    752.59113655      38.14045504
    753.80681560      38.18117772
    755.07962692      38.22350755
    756.32912831      38.26737406
    757.57871807      38.31266174
    758.79518687      38.35923166
    760.00632503      38.40690763
    761.21708604      38.45550439
    762.42775488      38.50480922
    763.64615290      38.55459660
    764.87874076      38.60463310
    766.09825652      38.65467477
    767.35308524      38.70446718
    768.57595421      38.75373002
    769.83973524      38.80217878
    771.13941433      38.84950827
    772.37241526      38.89542204
    773.58623977      38.93963704
    774.82314451      38.98188445
    776.01233671      39.02191992
    777.22507656      39.05952855
    778.45882517      39.09453316
    779.68820444      39.12679997
    780.95507118      39.15624471
    782.20601641      39.18281962
    783.38239787      39.20652816
    784.63367819      39.22741735
    785.84033168      39.24559508
    787.02567962      39.26120631
    788.24252557      39.27443602
    789.47821757      39.28550311
    790.69048434      39.29466130
    791.91933664      39.30217868
    793.13370371      39.30834148
    794.33289837      39.31346741
    795.57576422      39.31787808
    796.78629743      39.32188502
    797.99288948      39.32579488
    799.24385693      39.32991631
    800.47570373      39.33455279
    801.75441660      39.33999946
    803.04427000      39.34652572
    804.27715560      39.35435852
    805.49240741      39.36370858
    806.76091083      39.37476013
    808.05891166      39.38767371
    809.28896109      39.40258190
    810.49729191      39.41958023
    811.77107161      39.43872118
    813.00926423      39.45999540
    814.27173422      39.48334508
    815.52306794      39.50865948
    816.73941292      39.53578942
    817.99382526      39.56454954
    819.20842250      39.59474449
    820.47955697      39.62615782
    821.75462786      39.65854875
    823.00736006      39.69167466
    824.23620007      39.72530080
    825.44723519      39.75919505
    826.66681428      39.79313876
    827.91673819      39.82692672
    829.15126661      39.86035797
    830.38731450      39.89325749
    831.59805802      39.92546490
    832.87163119      39.95684702
    834.10253701      39.98727742
    835.38292767      40.01664837
    836.57833715      40.04487934
    837.82650056      40.07190458
    839.04441273      40.09766067
    840.25800754      40.12209109
    841.51331645      40.14517080
    842.72728085      40.16688284
    843.98009055      40.18726216
    845.21861826      40.20638398
    846.45641057      40.22435258
    847.73368480      40.24129869
    848.94773286      40.25737550
    850.19508715      40.27275560
    851.42934760      40.28763547
    852.64493355      40.30223055
    853.89842288      40.31675256
    855.11356551      40.33141136
    856.33003100      40.34641276
    857.58272681      40.36193812
    858.81095431      40.37814539
    860.08584419      40.39516960
    861.35418597      40.41314323
    862.62960234      40.43217113
    863.84626869      40.45233183
    865.14708065      40.47368617
    866.35271802      40.49628492
    867.56689604      40.52015339
    868.82026580      40.54529922
    870.03776679      40.57173274
    871.31354472      40.59944837
    872.54769032      40.62841185
    873.76251583      40.65858005
    874.99667703      40.68988666
    876.22769344      40.72224380
    877.44676399      40.75554676
    878.66233009      40.78966350
    879.91655292      40.82444014
    881.98062272      40.85970522
    883.22158865      40.89526860
    884.46883755      40.93093237
    885.78031788      40.96647332
    886.98476662      41.00167310
    888.19611273      41.03632546
    889.42833478      41.07026616
    890.66456746      41.10335870
    891.92211326      41.13551347
    893.13649498      41.16664532
    894.37041515      41.19668034
    895.57746564      41.22556817
    896.79415137      41.25327502
    898.02043216      41.27977571
    899.24622994      41.30506666
    900.48687686      41.32914455
    901.71933002      41.35200780
    902.95693943      41.37366289
    904.21001616      41.39412060
    905.45746214      41.41339056
    906.68972248      41.43149421
    907.93524066      41.44846305
    909.16625518      41.46433577
    910.38650443      41.47912861
    911.59729238      41.49286748
    912.85578908      41.50559234
    914.07206505      41.51737297
    915.30380126      41.52827883
    916.53739437      41.53839133
    917.78217243      41.54779028
    918.99378745      41.55653827
    920.22864009      41.56469066
    921.48131510      41.57230369
    922.69771490      41.57940656
    923.92857440      41.58601997
    925.14302749      41.59214164
    926.39383944      41.59775961
    927.64462021      41.60285893
    928.85507968      41.60742408
    930.08429637      41.61142872
    931.33802011      41.61485976
    932.56854075      41.61770974
    933.76187544      41.62000339
    934.99381817      41.62177709
    936.22352922      41.62309414
    937.46055022      41.62402270
    938.69030096      41.62463671
    939.92703509      41.62499527
    941.14063983      41.62516082
    942.35153978      41.62521274
    943.56441953      41.62522871
    944.79848101      41.62528538
    946.06063246      41.62548199
    947.25578341      41.62589665
    948.48728756      41.62660328
    950.36320916      41.62767496
    951.64572755      41.62918948
    952.87766556      41.63122697
    954.07452171      41.63387544
    955.26718670      41.63721257
    956.47818071      41.64130954
    957.72073322      41.64623110
    958.97486341      41.65206568
    960.20898397      41.65890102
    961.44215267      41.66682745
    962.66004121      41.67589561
    963.88579220      41.68613640
    965.13193139      41.69755069
    966.35985311      41.71012181
    967.57382791      41.72382097
    968.79013129      41.73860116
    970.10236592      41.75438787
    971.30969148      41.77110932
    972.54996361      41.78867131
    973.75751980      41.80699042
    974.94875607      41.82597143
    976.18022525      41.84551410
    977.43423115      41.86551543
    978.66536146      41.88588583
    979.88724691      41.90653225
    981.10255922      41.92736880
    982.32831730      41.94830071
    983.59763550      41.96923607
    984.79862090      41.99006975
    986.00670643      42.01068941
    987.27447351      42.03096503
    988.50533348      42.05078298
    989.72349094      42.07004173
    990.99135253      42.08863138
    992.22664140      42.10644435
    993.48031741      42.12337896
    994.73435781      42.13931094
    995.99388670      42.15413686
    997.22874076      42.16776742
    998.47434873      42.18012912
    999.70668847      42.19116112
   1000.91613277      42.20080487
   1002.14715674      42.20900343
   1003.37531854      42.21570919
   1004.59768796      42.22088215
   1005.85091404      42.22449025
   1007.06461661      42.22648545
   1008.31151719      42.22682331
   1009.50932236      42.22544916
   1010.77737348      42.22232562
   1012.01696552      42.21742895
   1013.30634110      42.21075628
   1014.57449383      42.20232630
   1015.80732225      42.19217368
   1017.03535361      42.18034932
   1018.25576261      42.16693134
   1019.48142428      42.15199280
   1020.76106348      42.13563768
   1022.00564210      42.11796796
   1023.25906904      42.09910676
   1024.50091593      42.07919330
   1025.78626576      42.05838034
   1027.03944033      42.03681457
   1028.34470008      42.01464500
   1029.57871713      41.99200814
   1030.87074787      41.96903860
   1032.10815216      41.94586050
   1033.35653014      41.92260043
   1035.11389635      41.89938479
   1036.37560306      41.87636318
   1037.63052300      41.85367123
   1038.86053462      41.83142975
   1040.14794884      41.80975770
   1041.39275810      41.78877703
   1042.62838110      41.76859964
   1043.82939912      41.74934550
   1045.08086990      41.73111787
   1046.33719965      41.71400822
   1047.56504858      41.69807495
   1048.83191438      41.68334467
   1050.07876392      41.66982716
   1051.31106821      41.65750386
   1052.57995538      41.64633091
   1053.80318733      41.63624344
   1055.00132616      41.62715631
   1056.20120659      41.61898393
   1057.45802456      41.61162878
   1058.68236337      41.60498833
   1059.91565495      41.59894721
   1061.14574881      41.59339309
   1062.35986445      41.58820488
   1063.59185634      41.58325457
   1064.80614685      41.57840263
   1066.05807654      41.57350625
   1067.27289780      41.56841109
   1068.50851277      41.56298341
   1069.73884199      41.55707892
   1070.98629790      41.55055885
   1072.20354226      41.54328713
   1073.49408426      41.53512122
   1074.74228926      41.52591715
   1075.95677401      41.51554001
   1077.19028726      41.50387171
   1078.40488686      41.49082927
   1079.64225901      41.47635702
   1080.85752547      41.46044346
   1082.11374747      41.44310541
   1083.32445082      41.42439120
   1084.56332448      41.40436038
   1085.79980954      41.38310730
   1087.01839755      41.36077290
   1088.28788211      41.33751570
   1089.54707923      41.31349937
   1090.76731195      41.28890643
   1092.00237490      41.26392500
   1093.23595053      41.23875012
   1094.44462068      41.21356374
   1095.65210456      41.18856879
   1096.86641208      41.16397168
   1098.12485632      41.13997059
   1099.39835010      41.11676474
   1100.69218339      41.09455462
   1101.89588824      41.07353252
   1103.18864066      41.05389407
   1104.40922548      41.03581631
   1105.64124572      41.01946061
   1106.86578398      41.00497427
   1108.06382214      40.99249549
   1109.32477882      40.98211792
   1110.53514093      40.97391504
   1111.79580364      40.96792714
   1113.04741384      40.96416658
   1114.32297106      40.96260459
   1115.53357563      40.96318077
   1116.74821918      40.96578279
   1117.99612265      40.97026192
   1119.23005416      40.97644356
   1120.47719483      40.98411528
   1121.66514453      40.99305542
   1122.91869388      41.00303185
   1124.13060760      41.01380985
   1125.37056497      41.02514446
   1126.60935450      41.03677608
   1127.84027969      41.04843647
   1129.03045163      41.05983120
   1130.26208055      41.07066054
   1131.49160349      41.08063280
   1132.75209795      41.08947888
   1133.96794478      41.09693629
   1135.22016560      41.10273088
   1136.46098786      41.10661140
   1137.67520748      41.10835360
   1138.90874388      41.10775211
   1140.12207970      41.10463418
   1141.41476927      41.09885583
   1142.65052460      41.09033812
   1143.86346059      41.07903098
   1145.09158837      41.06493441
   1146.32575949      41.04810767
   1147.54598087      41.02866526
   1148.73945923      41.00677400
   1150.01277294      40.98266303
   1151.27243653      40.95659167
   1152.51811445      40.92886655
   1153.74073482      40.89982468
   1154.97098370      40.86982634
   1156.18909626      40.83924319
   1157.42896005      40.80848515
   1158.64120082      40.77796543
   1159.86534539      40.74809136
   1161.10086394      40.71927070
   1162.31810830      40.69192098
   1163.58329867      40.66643745
   1164.80130726      40.64320225
   1166.01866316      40.62258547
   1167.23025124      40.60492697
   1168.47060561      40.59054490
   1169.69281765      40.57970348
   1170.90426915      40.57261327
   1172.15988950      40.56941479
   1173.40349925      40.57018744
   1174.66118542      40.57494762
   1175.91830775      40.58364857
   1177.17036552      40.59620243
   1178.38260535      40.61247643
   1179.59663072      40.63227827
   1180.86927047      40.65534461
   1182.15980065      40.68136923
   1183.40777738      40.71000536
   1184.62734465      40.74086768
   1185.85650179      40.77354585
   1187.09308893      40.80761944
   1188.34981048      40.84264965
   1189.60032232      40.87820426
   1190.81315056      40.91383481
   1192.05449647      40.94910851
   1193.31017591      40.98360353
   1194.54380825      41.01690390
   1195.76694709      41.04860920
   1196.99409985      41.07834333
   1198.25874010      41.10574296
   1199.54000699      41.13048361
   1200.77446122      41.15226958
   1201.96877517      41.17085219
   1203.20306114      41.18604675
   1204.42853281      41.19772310
   1205.63099278      41.20579509
   1206.89644451      41.21023611
   1208.11877611      41.21109376
   1209.38467257      41.20845794
   1210.64220939      41.20245206
   1211.88321786      41.19326252
   1213.10284610      41.18111973
   1214.35184982      41.16628172
   1215.57155226      41.14902710
   1216.82621226      41.12965401
   1218.07424051      41.10847701
   1219.29534047      41.08580936
   1220.51875579      41.06198677
   1221.78950224      41.03735039
   1223.04273919      41.01224139
   1224.29602246      40.98700495
   1225.55456737      40.96197218
   1226.77063917      40.93745172
   1227.97609553      40.91373125
   1229.20681797      40.89108403
   1230.40302049      40.86974925
   1231.65935214      40.84994784
   1232.87335529      40.83186216
   1234.12309346      40.81563304
   1235.32402972      40.80135050
   1236.55860682      40.78906920
   1237.80843290      40.77878914
   1239.00382914      40.77046560
   1240.27684273      40.76399846
   1241.50793523      40.75924346
   1242.70590960      40.75602959
   1243.93924088      40.75415550
   1245.17096291      40.75339867
   1246.44138704      40.75352452
   1247.66551789      40.75428911
   1248.94647286      40.75545384
   1250.12781301      40.75678772
   1251.36508120      40.75804594
   1252.58445848      40.75899276
   1253.83492637      40.75940138
   1255.04252462      40.75904886
   1256.28368338      40.75771412
   1257.51507978      40.75519783
   1258.76698773      40.75132206
   1259.98339131      40.74590688
   1261.24141634      40.73879337
   1262.44129535      40.72984475
   1263.69214086      40.71895471
   1264.93555353      40.70602546
   1266.14286727      40.69099472
   1267.41785073      40.67385343
   1268.78327599      40.65461928
   1270.37952719      40.63334261
   1272.19218718      40.61010828
   1274.23158544      40.58502531
   1275.92844112      40.55822588
   1277.75327003      40.52987252
   1279.17319035      40.50014645
   1280.49900231      40.46924544
   1282.21053321      40.43737473
   1283.73812882      40.40473483
   1285.55895939      40.37153729
   1287.16165803      40.33799687
   1288.37253200      40.30432873
   1289.60478997      40.27073336
   1290.85225013      40.23740336
   1292.11914144      40.20453017
   1293.40878689      40.17230478
   1294.65533112      40.14091619
   1295.86097605      40.11053929
   1297.07679122      40.08135546
   1298.33131179      40.05352333
   1299.54853016      40.02718747
   1300.76267889      40.00247486
   1302.10073775      39.97948432
   1303.31967456      39.95827812
   1304.56914806      39.93890777
   1305.83921725      39.92140230
   1307.09222168      39.90577280
   1308.36175445      39.89201236
   1309.56523952      39.88009754
   1310.80136539      39.86999339
   1312.01881628      39.86165848
   1313.29280205      39.85505570
   1314.53201363      39.85013200
   1315.76469649      39.84682478
   1317.00984319      39.84506877
   1318.22001673      39.84482139
   1319.46714464      39.84603099
   1320.70042772      39.84863545
   1321.91998554      39.85257522
   1323.12132399      39.85779062
   1324.37216619      39.86422223
   1325.59141350      39.87180794
   1326.77798930      39.88048933
   1328.02583842      39.89018616
   1329.27023650      39.90081428
   1330.57958769      39.91227863
   1331.86659357      39.92448499
   1333.09060202      39.93733916
   1334.26726705      39.95073715
   1335.75106244      39.96455987
   1336.89931140      39.97867844
   1338.05382583      39.99296343
   1339.23313042      40.00727689
   1340.38520237      40.02146795
   1341.56658175      40.03539250
   1342.66613797      40.04891274
   1343.78908776      40.06189722
   1344.93736318      40.07419261
   1346.04338526      40.08565178
   1347.17294270      40.09613335
   1348.31744475      40.10550972
   1349.47537148      40.11367606
   1350.59494206      40.12056405
   1351.67903047      40.12612118
   1352.84800887      40.13031410
   1354.06683886      40.13313085
   1355.28326370      40.13459187
   1356.50372044      40.13474174
   1357.69362015      40.13363382
   1358.88920638      40.13132220
   1360.07883954      40.12786497
   1361.28210343      40.12333492
   1362.46564550      40.11781835
   1363.61452209      40.11140831
   1364.76865512      40.10419555
   1365.94093474      40.09628595
   1367.14491512      40.08778923
   1368.31051430      40.07880738
   1369.56398189      40.06944438
   1370.74626491      40.05979357
   1371.91775762      40.04994860
   1373.10386837      40.03998756
   1374.30353423      40.02998883
   1375.52084145      40.02001254
   1376.72197856      40.01009997
   1377.90858177      40.00027542
   1379.12448012      39.99054278
   1380.28004660      39.98087989
   1381.48401138      39.97125397
   1382.71568473      39.96161194
   1383.93200560      39.95187614
   1385.13435214      39.94197032
   1386.35225769      39.93183064
   1387.61537091      39.92138216
   1388.88311766      39.91053384
   1390.15460329      39.89919131
   1391.43363092      39.88727822
   1392.69033121      39.87473817
   1393.85711193      39.86152313
   1395.05430837      39.84758938
   1396.26024538      39.83289923
   1397.45408104      39.81740593
   1398.69695068      39.80106621
   1399.85999868      39.78384322
   1401.06228614      39.76569570
   1402.36133949      39.74657215
   1403.56828695      39.72641174
   1404.79886477      39.70515679
   1406.03006031      39.68276789
   1407.24993620      39.65922116
   1408.45359283      39.63451488
   1409.66892593      39.60867249
   1410.83863452      39.58174260
   1412.02613333      39.55379168
   1413.30681749      39.52489594
   1414.53962559      39.49515160
   1415.75781046      39.46468970
   1416.98748842      39.43364587
   1418.21561289      39.40217558
   1419.42080316      39.37042641
   1420.63731686      39.33854506
   1421.90929590      39.30667766
   1423.12731440      39.27497797
   1424.41472106      39.24360621
   1425.58379020      39.21271037
   1426.81808798      39.18243071
   1428.03811511      39.15290945
   1429.23994603      39.12427347
   1430.44231053      39.09665522
   1431.64023858      39.07019983
   1432.84561601      39.04504250
   1434.09717848      39.02129326
   1435.33118655      38.99904905
   1436.54981048      38.97839875
   1437.75098777      38.95941055
   1438.95340048      38.94212298
   1440.15270857      38.92653332
   1441.33715381      38.91261065
   1442.55574938      38.90029454
   1443.87014292      38.88948548
   1445.02871902      38.88005488
   1446.20336314      38.87186049
   1447.38544814      38.86473476
   1448.55784544      38.85851155
   1449.70195521      38.85301698
   1450.88914920      38.84809270
   1452.10690587      38.84359343
   1453.30702450      38.83939145
   1454.45946935      38.83538106
   1455.66347808      38.83146401
   1456.86637664      38.82755473
   1458.06846229      38.82358030
   1459.26811303      38.81948303
   1460.47245685      38.81523848
   1461.67182118      38.81083702
   1462.88496134      38.80626325
   1464.15779676      38.80151904
   1465.39592841      38.79661158
   1466.64366788      38.79157080
   1467.85058888      38.78644889
   1469.09072112      38.78130944
   1470.28192667      38.77623154
   1471.50843999      38.77129964
   1472.77829272      38.76662216
   1474.02987268      38.76231577
   1475.23271830      38.75850127
   1476.43391969      38.75531387
   1477.63502136      38.75287941
   1478.84119279      38.75130290
   1480.08884530      38.75066487
   1481.29400060      38.75103178
   1482.60027081      38.75244634
   1483.82851060      38.75492438
   1485.00763796      38.75845036
   1486.17443239      38.76297479
   1487.40766537      38.76841816
   1488.65506220      38.77468193
   1489.90828733      38.78164168
   1491.07611159      38.78917575
   1492.26082292      38.79717093
   1493.44631548      38.80549534
   1494.66126104      38.81402241
   1495.84922018      38.82260859
   1497.08029094      38.83111868
   1498.29028253      38.83941116
   1499.56794336      38.84734565
   1500.82452549      38.85477788
   1502.02327306      38.86154620
   1503.24208887      38.86750333
   1504.39307758      38.87250931
   1505.59477144      38.87643657
   1506.84690105      38.87917637
   1508.00130631      38.88061064
   1509.23222536      38.88062977
   1510.48205002      38.87915134
   1511.70136775      38.87611957
   1512.87310812      38.87150063
   1514.04057981      38.86528907
   1515.20862998      38.85750820
   1516.36119629      38.84822214
   1517.57742405      38.83750700
   1518.76121803      38.82546317
   1519.94830283      38.81219247
   1521.14894228      38.79782579
   1522.32908293      38.78250408
   1523.56170010      38.76637291
   1524.81094486      38.74956861
   1525.98398444      38.73222437
   1527.15043008      38.71449640
   1528.40171040      38.69653514
   1529.63730174      38.67847982
   1530.83522979      38.66045268
   1532.01634734      38.64256405
   1533.23586262      38.62493489
   1534.44471945      38.60769235
   1535.64720684      38.59095277
   1536.86334008      38.57484288
   1538.08294090      38.55947040
   1539.26820803      38.54491171
   1540.49966302      38.53123700
   1541.75689926      38.51848682
   1543.00446103      38.50669065
   1544.23144602      38.49585038
   1545.47693395      38.48594932
   1546.67674396      38.47695394
   1547.87447823      38.46880874
   1549.16260421      38.46146439
   1550.36267652      38.45486104
   1551.53321928      38.44893570
   1552.71289251      38.44360927
   1553.91443891      38.43878682
   1555.11975821      38.43438435
   1556.31870947      38.43032721
   1557.52780073      38.42655241
   1558.72379388      38.42299609
   1559.94111197      38.41961365
   1561.15064181      38.41637347
   1562.34585752      38.41324618
   1563.52978572      38.41018204
   1564.71238728      38.40714351
   1565.91806530      38.40409346
   1567.10432586      38.40101465
   1568.33567877      38.39787745
   1569.53683621      38.39464963
   1570.73531628      38.39128992
   1572.01090894      38.38778005
   1573.23898756      38.38412693
   1574.47486814      38.38031402
   1575.69182137      38.37631916
   1576.94123249      38.37212164
   1578.16461141      38.36770594
   1579.41515681      38.36307363
   1580.64597142      38.35821306
   1581.89912613      38.35311920
   1583.14882035      38.34778615
   1584.37798268      38.34219148
   1585.57223850      38.33630397
   1586.80897972      38.33008378
   1588.04241450      38.32346965
   1589.27558699      38.31640173
   1590.51283721      38.30880985
   1591.73424722      38.30062855
   1592.93008630      38.29178333
   1594.16748965      38.28218488
   1595.37873178      38.27175078
   1596.65023253      38.26040251
   1597.86474847      38.24805994
   1599.09474072      38.23463405
   1600.42538849      38.22004673
   1601.62404720      38.20423673
   1602.87222054      38.18715254
   1604.11396677      38.16875921
   1605.32894399      38.14902267
   1606.53071913      38.12793225
   1607.75452436      38.10548639
   1608.96688139      38.08167257
   1610.23908067      38.05648331
   1611.48487816      38.02994033
   1612.65412074      38.00207556
   1613.87279241      37.97294753
   1615.09033594      37.94262055
   1616.29576488      37.91117960
   1617.54987996      37.87873818
   1618.76687572      37.84544270
   1619.96547110      37.81145209
   1621.15037100      37.77692615
   1622.35420203      37.74203532
   1623.62303155      37.70696239
   1624.90254126      37.67190285
   1626.12492863      37.63706854
   1627.40713226      37.60267176
   1628.70520871      37.56893443
   1629.97832391      37.53605965
   1631.21179178      37.50424418
   1632.47920440      37.47367167
   1633.72743492      37.44450711
   1634.93613296      37.41690713
   1636.21747405      37.39102548
   1637.43402887      37.36699375
   1638.62001768      37.34492516
   1639.81981067      37.32489434
   1641.02131784      37.30696457
   1642.22329196      37.29120577
   1643.42356797      37.27767575
   1644.68210910      37.26640600
   1645.89394484      37.25741264
   1647.08010379      37.25069380
   1648.28308269      37.24622919
   1649.50040881      37.24397740
   1650.73721478      37.24387615
   1651.93522601      37.24583150
   1653.13619581      37.24974107
   1654.34578851      37.25545973
   1655.53782209      37.26280725
   1656.73855134      37.27159436
   1658.01025814      37.28162300
   1659.19721203      37.29267901
   1660.36493374      37.30454925
   1661.56762151      37.31699624
   1662.81588512      37.32978626
   1664.00251763      37.34268660
   1665.21873688      37.35546224
   1666.45685767      37.36788147
   1667.66583644      37.37971014
   1668.85107851      37.39070848
   1670.09931990      37.40065542
   1671.30021362      37.40933711
   1672.51071942      37.41655417
   1673.71383396      37.42211447
   1674.88942426      37.42583418
   1676.08733246      37.42753799
   1677.28981700      37.42707342
   1678.50669178      37.42430211
   1679.75884029      37.41910844
   1680.95907849      37.41140681
   1682.14126605      37.40114128
   1683.39762368      37.38827776
   1684.64645207      37.37281568
   1685.90210456      37.35478538
   1687.14710995      37.33427589
   1688.35076375      37.31141437
   1689.55304082      37.28634391
   1690.80373982      37.25923007
   1692.11230646      37.23026126
   1693.41504197      37.19963051
   1694.58333129      37.16756621
   1695.83614194      37.13430755
   1697.09259504      37.10010997
   1698.34215787      37.06523783
   1699.59375248      37.02995621
   1700.82275318      36.99451580
   1702.02573823      36.95918111
   1703.19573511      36.92423462
   1704.34842099      36.88996383
   1705.50000284      36.85665742
   1706.68286812      36.82460189
   1707.85231582      36.79406779
   1709.08839584      36.76533716
   1710.27356419      36.73868358
   1711.48957502      36.71437973
   1712.65785252      36.69268106
   1713.82304951      36.67381109
   1714.99543263      36.65796441
   1716.17973042      36.64530685
   1717.34267870      36.63595636
   1718.49678243      36.63000729
   1719.66976105      36.62751401
   1720.90074721      36.62848170
   1722.11078038      36.63288115
   1723.30532166      36.64064563
   1724.47395552      36.65166037
   1725.65576829      36.66577822
   1726.80982948      36.68282286
   1728.03006267      36.70259076
   1729.23029378      36.72484806
   1730.41307305      36.74934421
   1731.55047120      36.77579974
   1732.71368225      36.80392441
   1733.88829376      36.83339921
   1735.06656143      36.86388024
   1736.26621311      36.89500879
   1737.46899021      36.92640816
   1738.62207356      36.95769938
   1739.82419372      36.98852157
   1741.03642976      37.01849301
   1742.29844178      37.04724450
   1743.52687487      37.07439961
   1744.71608740      37.09958384
   1745.91367374      37.12245874
   1747.14710239      37.14272775
   1748.34869511      37.16012692
   1749.54890400      37.17441996
   1750.76965943      37.18540823
   1751.98236053      37.19294259
   1753.16451217      37.19692709
   1754.32153478      37.19732593
   1755.47210239      37.19414586
   1756.63863877      37.18743738
   1757.77958013      37.17727727
   1758.92681485      37.16377256
   1760.07509736      37.14705787
   1761.21111878      37.12729745
   1762.37546553      37.10468647
   1763.54465423      37.07945780
   1764.67751952      37.05184660
   1765.82883150      37.02209810
   1766.96414589      36.99048010
   1768.20081006      36.95726660
   1769.38309639      36.92275231
   1770.54915118      36.88726645
   1771.77097142      36.85115249
   1772.93627474      36.81475461
   1774.12777190      36.77841542
   1775.32162646      36.74247693
   1776.49223018      36.70726162
   1777.69193527      36.67308863
   1778.85863943      36.64024276
   1779.99122304      36.60896809
   1781.14126132      36.57947603
   1782.29244664      36.55194983
   1783.46249551      36.52654482
   1784.68979810      36.50337176
   1785.84503564      36.48248444
   1787.01578587      36.46390946
   1788.20154546      36.44762179
   1789.34981379      36.43356651
   1790.54897206      36.42169023
   1791.70357771      36.41190711
   1792.83783390      36.40411501
   1794.00445441      36.39820808
   1795.17680161      36.39407788
   1796.41004736      36.39161739
   1797.57848035      36.39070623
   1798.71198508      36.39121884
   1799.85801321      36.39300995
   1801.01557933      36.39592839
   1802.16165425      36.39981149
   1803.36353101      36.40448580
   1804.56690030      36.40977728
   1805.75137201      36.41551650
   1806.93945167      36.42153418
   1808.05606131      36.42766274
   1809.22615838      36.43372443
   1810.37409967      36.43957109
   1811.51368603      36.44508206
   1812.67519755      36.45017131
   1813.86089381      36.45479255
   1815.03039728      36.45891441
   1816.16747264      36.46250755
   1817.33299336      36.46555803
   1818.48174188      36.46807490
   1819.65210125      36.47007974
   1820.95502628      36.47158836
   1822.15460707      36.47260955
   1823.36922368      36.47313079
   1824.64577339      36.47313568
   1825.96258058      36.47262163
   1827.19424920      36.47157844
   1828.41299790      36.46998150
   1829.65250392      36.46779515
   1830.85182714      36.46497322
   1832.07459213      36.46147788
   1833.28612020      36.45726224
   1834.50650179      36.45230056
   1835.71509112      36.44660017
   1837.01027894      36.44016007
   1838.18062934      36.43299996
   1839.38457994      36.42513466
   1840.58256234      36.41656286
   1841.78212989      36.40727968
   1842.95520115      36.39727333
   1844.13515039      36.38653734
   1845.33821578      36.37504753
   1846.51876808      36.36278479
   1847.72314120      36.34971818
   1849.02482986      36.33581938
   1850.22587718      36.32108033
   1851.45661994      36.30549815
   1852.72972049      36.28907902
   1853.94447937      36.27183475
   1855.13182506      36.25379654
   1856.33656729      36.23504235
   1857.58446746      36.21566681
   1858.76857525      36.19579047
   1859.93814867      36.17553959
   1861.16934562      36.15503657
   1862.39671012      36.13442267
   1863.62448012      36.11385320
   1864.84103163      36.09346727
   1866.06650850      36.07338639
   1867.27688999      36.05371457
   1868.43996021      36.03455406
   1869.61039662      36.01600871
   1870.78589665      35.99819113
   1872.00713604      35.98120360
   1873.20676551      35.96512592
   1874.40849103      35.95003621
   1875.61023829      35.93600077
   1876.81178706      35.92307455
   1878.01152712      35.91131434
   1879.23022856      35.90075871
   1880.38983165      35.89145022
   1881.58543112      35.88341476
   1882.78061327      35.87663781
   1884.01259098      35.87107953
   1885.21283958      35.86666497
   1886.48253682      35.86331404
   1888.15580515      35.86093654
   1889.46102756      35.85942633
   1890.75253086      35.85866188
   1892.05273976      35.85849533
   1893.33716279      35.85878068
   1894.55442511      35.85937125
   1895.82341768      35.86013556
   1897.03811558      35.86095006
   1898.28974564      35.86168273
   1899.48790952      35.86220411
   1900.69250950      35.86239252
   1901.92275460      35.86214988
   1903.12684368      35.86139636
   1904.34670397      35.86003804
   1905.54661559      35.85799264
   1906.73020634      35.85517057
   1907.94944846      35.85148681
   1909.21778456      35.84687651
   1910.43432378      35.84126918
   1911.69131520      35.83459348
   1912.88954005      35.82680987
   1914.08887130      35.81790008
   1915.28233170      35.80787100
   1916.53508280      35.79674019
   1917.75570165      35.78453771
   1918.98337996      35.77129233
   1920.15414296      35.75704675
   1921.35230401      35.74185536
   1922.60261830      35.72577236
   1923.84144706      35.70887055
   1924.99478987      35.69122945
   1926.19261820      35.67292803
   1927.41405231      35.65405446
   1928.64822532      35.63468526
   1929.86207866      35.61489348
   1931.16581422      35.59475809
   1932.38865011      35.57438093
   1933.67031873      35.55388166
   1934.87230939      35.53336023
   1936.06485812      35.51291590
   1937.27722602      35.49265150
   1938.46550088      35.47268195
   1939.70216836      35.45314030
   1940.94991162      35.43415785
   1942.13732301      35.41585614
   1943.33933163      35.39833830
   1944.54134214      35.38169208
   1945.78131936      35.36599656
   1946.99748521      35.35132453
   1948.19663639      35.33773755
   1949.38066667      35.32528236
   1950.58271168      35.31398169
   1951.83866382      35.30385927
   1953.05153317      35.29492862
   1954.25303845      35.28720254
   1955.42548160      35.28068664
   1956.61007997      35.27537402
   1957.79246413      35.27126064
   1958.94829811      35.26833314
   1960.12354576      35.26656016
   1961.29633297      35.26589552
   1962.46570269      35.26627408
   1963.64717942      35.26761989
   1964.86499660      35.26983774
   1966.05229644      35.27282148
   1967.28197866      35.27644871
   1968.47403303      35.28059689
   1969.70726317      35.28514190
   1970.90307721      35.28994436
   1972.20552063      35.29486433
   1973.44335501      35.29975395
   1974.67948371      35.30446781
   1975.93780413      35.30887762
   1977.16718765      35.31286975
   1978.39888982      35.31634855
   1979.61383112      35.31921722
   1980.85391705      35.32136718
   1982.07148373      35.32271875
   1983.27197525      35.32321194
   1984.50492561      35.32280634
   1985.74158553      35.32145779
   1986.89164367      35.31911438
   1988.07833289      35.31573468
   1989.27881732      35.31128633
   1990.45942350      35.30575739
   1991.71290243      35.29915188
   1993.01305934      35.29149829
   1994.25532875      35.28283660
   1995.48731355      35.27322233
   1996.72072849      35.26272294
   1997.92435866      35.25142802
   1999.12617682      35.23944848
   2000.42845010      35.22690268
   2001.64382526      35.21391546
   2002.83085288      35.20062060
   2004.05126661      35.18714609
   2005.23565467      35.17360471
   2006.40709728      35.16011452
   2007.62130130      35.14678112
   2008.85862384      35.13371321
   2010.10592898      35.12100690
   2011.29206666      35.10874214
   2012.49196599      35.09699287
   2013.69175284      35.08582769
   2014.94813127      35.07531981
   2016.17136180      35.06552172
   2017.39955432      35.05647457
   2018.59671201      35.04820841
   2019.82015757      35.04074007
   2021.05838091      35.03408552
   2022.26272048      35.02825281
   2023.52354056      35.02323346
   2024.79016012      35.01899625
   2026.02933248      35.01549213
   2027.23058349      35.01265323
   2028.42984290      35.01041611
   2029.58263370      35.00870094
   2030.78157977      35.00741770
   2031.94605932      35.00645275
   2033.19858593      35.00569045
   2034.41828317      35.00502970
   2035.65104826      35.00436478
   2036.82371590      35.00360262
   2038.10751035      35.00265306
   2039.30909929      35.00143785
   2040.56413502      34.99987558
   2041.76093966      34.99789692
   2042.95020323      34.99544520
   2044.24577386      34.99247498
   2045.53239834      34.98895965
   2046.72773267      34.98486771
   2047.92972947      34.98016780
   2049.12819300      34.97483273
   2050.35344065      34.96883102
   2051.53316587      34.96213649
   2052.74130480      34.95474337
   2053.96043821      34.94664823
   2055.23179906      34.93786385
   2056.41492901      34.92837946
   2057.63267860      34.91819174
   2058.86461661      34.90730875
   2060.03799176      34.89573682
   2061.24199387      34.88348501
   2062.47140244      34.87054238
   2063.67210806      34.85690578
   2064.89350294      34.84256269
   2066.07900259      34.82750520
   2067.30523895      34.81172051
   2068.50059408      34.79518603
   2069.65260034      34.77787445
   2070.90358669      34.75975339
   2072.14414192      34.74080158
   2073.39822249      34.72099973
   2074.65552063      34.70034268
   2075.88789487      34.67883056
   2077.13750118      34.65647991
   2078.38718500      34.63331189
   2079.64660236      34.60937740
   2080.79613494      34.58474706
   2081.98024557      34.55949221
   2083.21369785      34.53370577
   2084.47734134      34.50749345
   2085.72578832      34.48097866
   2086.92389502      34.45428365
   2088.13598550      34.42754708
   2089.34043660      34.40092053
   2090.52783759      34.37456467
   2091.72785460      34.34864591
   2092.88276084      34.32332059
   2094.11542526      34.29874174
   2095.38141577      34.27506499
   2096.58211902      34.25243992
   2097.78865531      34.23101913
   2099.06776235      34.21096745
   2100.26852799      34.19242814
   2101.47124175      34.17552345
   2102.69273305      34.16034773
   2103.94042006      34.14700483
   2105.18309734      34.13558104
   2106.40125621      34.12612714
   2107.63105327      34.11868440
   2108.84966491      34.11326247
   2110.10196892      34.10986436
   2111.28978061      34.10846001
   2112.49127644      34.10899736
   2113.73016286      34.11138593
   2114.93295272      34.11551958
   2116.13043320      34.12128038
   2117.31314536      34.12853470
   2118.53780602      34.13713325
   2119.93116103      34.14690702
   2121.16011210      34.15767538
   2122.35374076      34.16924875
   2123.94067102      34.18143181
   2125.54698896      34.19401343
   2126.89155812      34.20677770
   2128.35236923      34.21948617
   2129.61123504      34.23189778
   2131.07129469      34.24378312
   2132.29022676      34.25491867
   2133.47675861      34.26507849
   2134.67810698      34.27403603
   2135.87955602      34.28158793
   2137.09604798      34.28754534
   2138.36451878      34.29172761
   2139.54785479      34.29396718
   2140.80327003      34.29413071
   2142.00242405      34.29211825
   2143.25857374      34.28787428
   2144.50689453      34.28138355
   2146.22387990      34.27267785
   2147.89942152      34.26182665
   2149.53471133      34.24890919
   2151.21715787      34.23404055
   2152.50432113      34.21738094
   2153.75001701      34.19912685
   2155.03813118      34.17948048
   2156.47970915      34.15866061
   2157.63120120      34.13692340
   2158.96100299      34.11452285
   2160.15437265      34.09172532
   2161.52630915      34.06878196
   2162.83950791      34.04594603
   2164.09795026      34.02346393
   2165.27224039      34.00158461
   2166.40149630      33.98053404
   2167.57282785      33.96052005
   2168.83258502      33.94172184
   2169.98535928      33.92430253
   2171.11857194      33.90840939
   2172.31653733      33.89417302
   2173.50488355      33.88168907
   2174.72147948      33.87101420
   2175.89506210      33.86218049
   2177.11132720      33.85519830
   2178.31327533      33.85006374
   2179.51492996      33.84674027
   2180.71521778      33.84516059
   2181.94930714      33.84522330
   2183.12442057      33.84680758
   2184.30344585      33.84978758
   2185.51812721      33.85402077
   2186.70608399      33.85936618
   2187.90716061      33.86570330
   2189.25509055      33.87293792
   2190.41668148      33.88097625
   2191.63464894      33.88973603
   2193.03629459      33.89913729
   2194.24302796      33.90910251
   2195.52725155      33.91955803
   2196.78877866      33.93042578
   2197.99242679      33.94164950
   2199.44087566      33.95317986
   2200.78861372      33.96495459
   2201.98523168      33.97690911
   2203.55637654      33.98899106
   2204.71725240      34.00114234
   2206.12404815      34.01328053
   2207.35016683      34.02531803
   2208.57801435      34.03716669
   2209.71294922      34.04874265
   2210.86186220      34.05995429
   2211.98246781      34.07071344
   2213.15810821      34.08093338
   2214.30935072      34.09054794
   2215.42936131      34.09949326
   2216.60631936      34.10772892
   2217.79328459      34.11522272
   2218.96588512      34.12193998
   2220.11160321      34.12783598
   2221.29830756      34.13286741
   2222.56506891      34.13700135
   2223.73333648      34.14019739
   2224.91530143      34.14240243
   2226.13921347      34.14355551
   2227.39438012      34.14360024
   2228.58824650      34.14247823
   2229.77515691      34.14013784
   2230.99250714      34.13654987
   2232.19426763      34.13169377
   2233.39360928      34.12557023
   2234.57851863      34.11818776
   2235.78193896      34.10954908
   2237.05044520      34.09964600
   2238.28256092      34.08846917
   2239.43315973      34.07600363
   2240.63360020      34.06223269
   2241.85346948      34.04714255
   2243.00515105      34.03070948
   2244.23796765      34.01291894
   2245.45565817      33.99374232
   2246.67591924      33.97313561
   2247.86158194      33.95105781
   2249.01267038      33.92745585
   2250.24132512      33.90225911
   2251.46521306      33.87540934
   2252.66244352      33.84687993
   2253.86661625      33.81668009
   2255.05461935      33.78483282
   2256.23897764      33.75138719
   2257.49567745      33.71642961
   2258.66645415      33.68007532
   2259.91518942      33.64246625
   2261.09842760      33.60376207
   2262.51273702      33.56415047
   2263.71208103      33.52382893
   2265.13817466      33.48299449
   2266.53058775      33.44185945
   2267.94662268      33.40064472
   2269.11886355      33.35958476
   2270.77605866      33.31891170
   2272.02721468      33.27885480
   2273.28130660      33.23965369
   2274.83557669      33.20154367
   2276.52170964      33.16475544
   2277.84724795      33.12952646
   2279.39550636      33.09609966
   2280.72318090      33.06469640
   2281.89166352      33.03551602
   2283.00674329      33.00872954
   2284.35406592      32.98448552
   2285.83656540      32.96291012
   2287.30678110      32.94409753
   2288.72527128      32.92811924
   2290.11148222      32.91501424
   2291.27412708      32.90478495
   2292.54638779      32.89738551
   2293.95924627      32.89273004
   2295.37526277      32.89067443
   2296.69635896      32.89103746
   2297.86062820      32.89361287
   2299.01218784      32.89816305
   2300.16059039      32.90444336
   2301.34727631      32.91222251
   2302.49958552      32.92127987
   2303.63307796      32.93138101
   2304.83195361      32.94227449
   2306.03239220      32.95371597
   2307.26548906      32.96546338
   2308.45237726      32.97726716
   2309.62305329      32.98888239
   2310.82709984      33.00007907
   2311.99302654      33.01062650
   2313.19372791      33.02029830
   2314.35830151      33.02887557
   2315.54725504      33.03617289
   2316.76205976      33.04201063
   2317.93432236      33.04623404
   2319.18138978      33.04869855
   2320.37911365      33.04927833
   2321.62075496      33.04788664
   2322.83532573      33.04445832
   2324.00230637      33.03897641
   2325.15083559      33.03145716
   2326.35221279      33.02193853
   2327.57112265      33.01047059
   2328.77219786      32.99712481
   2330.04412490      32.98201108
   2331.27710220      32.96526906
   2332.54816956      32.94705423
   2333.75065457      32.92753472
   2334.96615876      32.90689018
   2336.16555996      32.88528702
   2337.43013545      32.86288330
   2338.70048349      32.83982703
   2339.97523725      32.81627685
   2341.25678110      32.79238881
   2342.52135518      32.76833221
   2343.79632115      32.74427690
   2345.05828497      32.72039116
   2346.31356599      32.69685839
   2347.60140745      32.67386396
   2348.87363886      32.65158624
   2350.15548708      32.63016718
   2351.41363452      32.60974154
   2352.69117010      32.59043318
   2353.97616925      32.57234376
   2355.24446235      32.55555298
   2356.51133902      32.54013448
   2357.83246403      32.52614305
   2359.12115668      32.51359452
   2360.44485084      32.50250427
   2361.71466198      32.49287317
   2362.95512316      32.48468770
   2364.22214398      32.47790932
   2365.39256574      32.47250292
   2366.62675530      32.46843068
   2367.84345190      32.46566038
   2369.04630697      32.46416268
   2370.23287521      32.46390595
   2371.46573624      32.46488111
   2372.65315330      32.46706156
   2373.85530748      32.47042242
   2375.05777265      32.47493291
   2376.28693215      32.48057534
   2377.51506229      32.48734495
   2378.73073284      32.49522148
   2379.91999405      32.50416694
   2381.13898189      32.51413144
   2382.36640499      32.52504132
   2383.58081649      32.53680411
   2384.76732423      32.54932920
   2385.97408360      32.56253029
   2387.15603342      32.57633316
   2388.35558538      32.59063957
   2389.57234389      32.60535403
   2390.82271537      32.62037470
   2392.00398747      32.63559731
   2393.22477598      32.65091527
   2394.49768654      32.66620203
   2395.77260809      32.68132899
   2397.00424599      32.69614701
   2398.23670860      32.71052231
   2399.44723283      32.72431684
   2400.68664149      32.73738417
   2401.87022137      32.74958276
   2403.05197223      32.76077513
   2404.25798580      32.77081369
   2405.49314092      32.77955391
   2406.74309176      32.78688216
   2407.93230476      32.79268639
   2409.22997334      32.79687283
   2410.48012836      32.79937834
   2411.66303429      32.80017228
   2412.85739503      32.79924098
   2414.05389483      32.79659294
   2415.23675256      32.79226066
   2416.40643657      32.78631648
   2417.60912339      32.77886325
   2418.84018848      32.77000379
   2420.01093162      32.75987188
   2421.19178356      32.74861062
   2422.44388718      32.73639174
   2423.66118258      32.72339302
   2424.91542337      32.70978720
   2426.09763739      32.69575363
   2427.30456217      32.68148202
   2428.49918001      32.66715806
   2429.68418294      32.65298268
   2430.92304715      32.63917233
   2432.12279146      32.62594147
   2433.39162854      32.61348844
   2434.59327514      32.60198396
   2435.82888255      32.59159431
   2437.04676399      32.58245237
   2438.21310424      32.57465697
   2439.39978543      32.56827469
   2440.59773475      32.56334911
   2441.76800811      32.55990886
   2443.03037932      32.55794228
   2444.20214757      32.55742392
   2445.37451935      32.55827956
   2446.62255137      32.56039054
   2447.87231979      32.56361433
   2449.07590175      32.56777848
   2450.22784657      32.57267615
   2451.41178848      32.57808529
   2452.63143609      32.58378208
   2453.78135669      32.58952648
   2454.99189841      32.59507728
   2456.25415572      32.60020034
   2457.45389389      32.60465833
   2458.65497287      32.60821479
   2459.85994716      32.61065889
   2461.07356703      32.61179571
   2462.27526325      32.61145167
   2463.51531420      32.60946208
   2464.76911781      32.60568282
   2465.96651228      32.60000444
   2467.12479016      32.59233043
   2468.32245780      32.58259563
   2469.52364690      32.57074812
   2470.72473959      32.55675180
   2471.89444345      32.54060480
   2473.07799733      32.52233086
   2474.29625404      32.50197225
   2475.42936840      32.47960147
   2476.65072972      32.45531157
   2477.90019235      32.42919418
   2479.10109080      32.40134883
   2480.30420960      32.37189057
   2481.52131217      32.34095418
   2482.74471898      32.30868693
   2483.88857969      32.27526157
   2485.07796378      32.24087155
   2486.28978061      32.20573923
   2487.49057272      32.17010177
   2488.69087141      32.13419824
   2489.89724181      32.09827701
   2491.08125792      32.06256476
   2492.26324650      32.02730026
   2493.47125735      31.99273333
   2494.68598597      31.95911337
   2495.89944609      31.92668158
   2497.10327618      31.89569600
   2498.32555107      31.86642156
   2499.52745383      31.83910895
   2500.72872847      31.81399362
   2501.91247472      31.79129490
   2503.08019075      31.77120022
   2504.28132077      31.75387598
   2505.48381241      31.73947435
   2506.71904503      31.72810464
   2507.88853338      31.71983949
   2509.08576290      31.71471212
   2510.28681211      31.71271663
   2511.49156521      31.71379665
   2512.72472588      31.71784300
   2513.92441065      31.72470179
   2515.14761329      31.73416202
   2516.35088521      31.74597831
   2517.53344471      31.75988215
   2518.70394824      31.77556271
   2519.93537015      31.79267480
   2521.10701599      31.81085857
   2522.30936490      31.82974091
   2523.52286897      31.84893709
   2524.76381836      31.86808264
   2526.02063728      31.88683957
   2527.32096858      31.90489518
   2528.58615139      31.92196197
   2529.87910231      31.93778276
   2531.57879747      31.95212183
   2533.06072367      31.96479060
   2534.43102066      31.97562167
   2535.83514755      31.98446573
   2537.16897886      31.99119824
   2538.45546817      31.99572527
   2539.82319697      31.99800856
   2541.20264240      31.99803473
   2542.53072433      31.99582825
   2543.74958693      31.99144447
   2544.99730467      31.98497129
   2546.18516740      31.97651413
   2547.39831181      31.96618992
   2548.75336834      31.95413069
   2550.04052593      31.94049121
   2551.29469819      31.92544710
   2552.53106178      31.90919899
   2553.83256092      31.89196234
   2555.10059644      31.87394470
   2556.28837599      31.85535706
   2557.50127748      31.83641114
   2558.70850095      31.81731607
   2559.93779326      31.79827178
   2561.15555514      31.77946523
   2562.30423370      31.76106342
   2563.54278976      31.74322556
   2564.74440422      31.72612009
   2565.93248388      31.70989254
   2567.11657466      31.69466821
   2568.29550872      31.68056215
   2569.51444883      31.66768871
   2570.71750808      31.65614942
   2571.89663828      31.64603376
   2573.15107189      31.63742357
   2574.40170615      31.63038830
   2575.60133940      31.62497370
   2576.82049266      31.62120307
   2578.02273002      31.61907440
   2579.23090015      31.61855258
   2580.46372762      31.61958787
   2581.77716884      31.62208345
   2582.98097576      31.62591176
   2584.23577424      31.63093341
   2585.42025304      31.63700603
   2586.63382422      31.64397729
   2587.82564134      31.65167820
   2589.04068662      31.65994422
   2590.21861590      31.66859771
   2591.44128873      31.67746622
   2592.62675530      31.68639328
   2593.79417264      31.69523648
   2594.98032922      31.70387818
   2596.21413549      31.71223207
   2597.45001418      31.72023258
   2598.64964317      31.72783209
   2599.83233406      31.73498975
   2601.01903605      31.74166947
   2602.22073416      31.74784939
   2603.43898142      31.75351986
   2604.69175662      31.75868089
   2605.91258909      31.76333146
   2607.14288901      31.76747778
   2608.38288277      31.77113406
   2609.57473864      31.77432808
   2610.78824886      31.77708298
   2611.99035342      31.77939044
   2613.17247528      31.78124483
   2614.39633391      31.78262832
   2615.60141738      31.78351920
   2616.82897849      31.78388985
   2617.98223907      31.78370287
   2619.17828421      31.78291900
   2620.39818846      31.78150099
   2621.63722470      31.77939691
   2622.82176967      31.77654420
   2624.01208481      31.77287080
   2625.30164660      31.76830235
   2626.50871741      31.76277182
   2627.69397178      31.75620156
   2628.87601707      31.74852424
   2630.08209539      31.73970002
   2631.27868925      31.72969540
   2632.51669896      31.71847743
   2633.73380721      31.70602713
   2634.96469601      31.69234148
   2636.13674641      31.67743041
   2637.31863244      31.66133893
   2638.52475897      31.64413119
   2639.74597378      31.62588673
   2640.93187043      31.60670277
   2642.13394474      31.58668490
   2643.33568917      31.56593493
   2644.57507373      31.54455341
   2645.84062990      31.52263511
   2647.02248426      31.50027757
   2648.27754220      31.47757929
   2649.47906403      31.45463980
   2650.69702582      31.43155491
   2651.89773380      31.40841450
   2653.10113003      31.38530631
   2654.30174915      31.36230239
   2655.50177846      31.33945769
   2656.75276197      31.31680630
   2657.99508101      31.29437957
   2659.19064361      31.27222022
   2660.39322126      31.25037182
   2661.59957748      31.22888933
   2662.79649744      31.20783632
   2664.01516721      31.18728095
   2665.17075779      31.16730536
   2666.41787247      31.14800030
   2667.67082632      31.12945854
   2668.90181721      31.11178681
   2670.08839301      31.09510520
   2671.30640443      31.07954747
   2672.50179547      31.06525875
   2673.74004480      31.05239192
   2674.98868603      31.04111699
   2676.20284043      31.03161894
   2677.40765214      31.02408271
   2678.61288636      31.01844460
   2679.76630764      31.01538679
   2680.98263843      31.01511539
   2682.21661956      31.01783635
   2683.38681731      31.02375550
   2684.57552980      31.03307895
   2685.77246772      31.04601251
   2686.99235165      31.06276230
   2688.21444553      31.08353413
   2689.43379681      31.10853411
   2690.63316114      31.13796806
   2691.82222574      31.17204195
   2693.08810519      31.21096187
   2694.27137172      31.25493380
   2695.46166985      31.30416341
   2696.66299885      31.35885696
   2697.86628826      31.41922040
   2699.11407736      31.48545955
   2700.31456604      31.55778038
