      0.00641955      25.47008710
      1.32095535      25.45295711
      2.47796567      25.44003771
      3.65657646      25.43126048
      4.82704927      25.42655747
      6.00770885      25.42586043
      7.18023990      25.42910124
      8.34412916      25.43621179
      9.53432614      25.44712383
     10.71302201      25.46176940
     11.88573265      25.48008024
     13.03861278      25.50198824
     14.19551109      25.52742515
     15.37546647      25.55632300
     16.54213330      25.58861354
     17.69519443      25.62422867
     18.85162911      25.66310026
     20.00934694      25.70516021
     21.16618617      25.75034013
     22.33848092      25.79857219
     23.50763985      25.84975107
     24.66455943      25.90382431
     25.85435422      25.96072612
     27.02655207      26.02039541
     28.21633977      26.08277558
     29.38366873      26.14781288
     30.54179774      26.21545301
     31.71828884      26.28563948
     32.88279345      26.35831640
     34.06337836      26.43342645
     35.21630764      26.51091085
     36.38450810      26.59071011
     37.55458769      26.67276288
     38.71865559      26.75700449
     39.88475764      26.84336814
     41.07693915      26.93178240
     42.25018716      27.02217226
     43.43800499      27.11446000
     44.58880891      27.20856400
     45.77786547      27.30439918
     46.94616377      27.40187129
     48.12752755      27.50088363
     49.28985718      27.60133230
     50.44649271      27.70310911
     51.60157429      27.80610456
     52.76058330      27.91020615
     53.91449184      28.01529647
     55.07477409      28.12125239
     56.22868972      28.22794703
     57.40767293      28.33525048
     58.57030030      28.44302927
     59.72720854      28.55115119
     60.90818808      28.65948261
     62.08905373      28.76789033
     63.28200229      28.87624517
     64.44682402      28.98442299
     65.62298996      29.09230911
     66.78907830      29.19979548
     67.97019774      29.30678684
     69.13483562      29.41319840
     70.30424693      29.51895646
     71.46935318      29.62400296
     72.63376704      29.72828617
     73.81454808      29.83175853
     74.97982305      29.93437780
     76.13637021      30.03611021
     77.31337647      30.13693535
     78.50209086      30.23684174
     79.66760875      30.33582706
     80.84541845      30.43389793
     82.00238246      30.53106987
     83.15522194      30.62736875
     84.30788514      30.72283206
     85.47646322      30.81750464
     86.65833459      30.91144324
     87.82001342      31.00471340
     89.00356778      31.09738436
     90.18487721      31.18953114
     91.37743681      31.28123219
     92.55435185      31.37257070
     93.72702516      31.46362845
     94.88503034      31.55448991
     96.06562423      31.64523685
     97.21086215      31.73594111
     98.38465036      31.82666736
     99.56167174      31.91747565
    100.72963353      32.00842419
    101.90269155      32.09956456
    103.07568671      32.19094029
    104.22814479      32.28259148
    105.38520426      32.37455203
    106.55637371      32.46685184
    107.72789289      32.55951763
    108.90932000      32.65256909
    110.09469393      32.74602216
    111.25758030      32.83988389
    112.41569371      32.93415370
    113.59614770      33.02882327
    114.75961917      33.12387332
    115.93878008      33.21927556
    117.10503478      33.31498775
    118.28132975      33.41096044
    119.44658345      33.50713948
    120.60226809      33.60346652
    121.75924107      33.69988336
    122.94819508      33.79632808
    124.10206581      33.89273846
    125.28286339      33.98905559
    126.44844698      34.08522988
    127.62521977      34.18121881
    128.84304167      34.27698819
    130.12544993      34.37251242
    131.29188517      34.46777730
    132.44518829      34.56277318
    133.62178101      34.65749533
    134.79027119      34.75194850
    135.97187175      34.84614402
    137.12056166      34.94010045
    138.28895637      35.03383688
    139.44704567      35.12737918
    140.61689510      35.22075553
    141.78197393      35.31399823
    142.94637739      35.40715157
    144.10361741      35.50026941
    145.28416025      35.59340881
    146.44510227      35.68662752
    147.60199917      35.77998489
    148.78221591      35.87354760
    149.95098304      35.96738548
    151.12325463      36.06156348
    152.28940299      36.15614251
    153.47057631      36.25117475
    154.65937293      36.34670445
    155.82014954      36.44276235
    156.97662816      36.53937016
    158.15372705      36.63654067
    159.32255799      36.73426884
    160.47942133      36.83254030
    161.63626293      36.93132417
    162.78958731      37.03057906
    163.96963580      37.13025007
    165.13468439      37.23027385
    166.32333450      37.33057826
    167.50359945      37.43108038
    168.69686655      37.53169042
    169.87595894      37.63231167
    171.06317324      37.73284584
    172.22730920      37.83319019
    173.41546260      37.93323911
    174.59432151      38.03287952
    175.75939940      38.13199302
    176.93723888      38.23045085
    178.10212016      38.32812384
    179.25953693      38.42488397
    180.44788646      38.52060607
    181.60118816      38.61516872
    182.78088360      38.70845008
    183.95279600      38.80034224
    185.12440309      38.89074691
    186.31491153      38.97957816
    187.51130121      39.06676716
    188.68781075      39.15225788
    189.84468732      39.23600707
    191.00901847      39.31798972
    192.17963542      39.39819965
    193.35263389      39.47665338
    194.50985264      39.55338254
    195.69836522      39.62842592
    196.87814385      39.70183969
    198.03938267      39.77368996
    199.22025115      39.84405591
    200.40877129      39.91302675
    201.62704548      39.98070610
    202.80449553      40.04720604
    204.01008280      40.11264166
    205.22646700      40.17713811
    206.43790810      40.24081897
    207.62742925      40.30381629
    208.78422784      40.36626629
    209.94901790      40.42830534
    211.12597548      40.49006922
    212.29865966      40.55169012
    213.44791860      40.61329910
    214.63332183      40.67502677
    215.79797200      40.73700489
    216.96729777      40.79935747
    218.13558236      40.86219443
    219.30885164      40.92561119
    220.48574494      40.98969568
    221.65908511      41.05452535
    222.82310197      41.12017248
    224.00781330      41.18670460
    225.19745969      41.25418221
    226.35418927      41.32265531
    227.51076668      41.39216615
    228.67225646      41.46275495
    229.82107728      41.53445033
    230.98515180      41.60727511
    232.15302616      41.68125029
    233.31387224      41.75639151
    234.48761461      41.83270986
    235.64812418      41.91021236
    236.82075118      41.98890204
    238.00991124      42.06877933
    239.19051317      42.14983459
    240.36702649      42.23204600
    241.57143458      42.31538695
    242.75885731      42.39981795
    243.97109997      42.48529201
    245.14805424      42.57175178
    246.34500633      42.65913735
    247.51012770      42.74737976
    248.69218718      42.83640025
    249.87514509      42.92611462
    251.04902783      43.01643279
    252.22186939      43.10726810
    253.38461680      43.19852629
    254.56392092      43.29010678
    255.73667363      43.38191086
    256.90554757      43.47383793
    258.11045995      43.56579173
    259.29223869      43.65767484
    260.44498365      43.74938681
    261.61750619      43.84081987
    262.79557536      43.93186166
    263.98639431      44.02240068
    265.15173214      44.11233447
    266.31603446      44.20156217
    267.48518631      44.28999252
    268.63425572      44.37753960
    269.81163204      44.46411979
    270.97782956      44.54965031
    272.15018243      44.63405502
    273.32246441      44.71726249
    274.50295102      44.79921093
    275.72010369      44.87985452
    276.96929977      44.95915776
    278.13407896      45.03709321
    279.30697015      45.11364189
    280.46839613      45.18879404
    281.63307985      45.26254879
    282.82239021      45.33491276
    283.98539473      45.40589614
    285.19967484      45.47551374
    286.36864520      45.54378927
    287.55003781      45.61075620
    288.72691268      45.67646124
    289.90796737      45.74096459
    291.07264259      45.80434068
    292.23710088      45.86666969
    293.40615252      45.92803770
    294.59303552      45.98854069
    295.75988572      46.04828370
    296.92476984      46.10737693
    298.10901233      46.16593032
    299.27428257      46.22406097
    300.44744456      46.28189145
    301.60821833      46.33954404
    302.77333592      46.39713771
    303.92961841      46.45478283
    305.10114657      46.51258500
    306.28329159      46.57063950
    307.44879814      46.62903296
    308.61757897      46.68784729
    309.78266064      46.74715908
    310.95117067      46.80703256
    312.12065807      46.86752046
    313.29778390      46.92866144
    314.46159045      46.99048135
    315.60305169      47.05299070
    316.78401185      47.11619163
    317.94892291      47.18007754
    319.11890844      47.24463420
    320.29912141      47.30983157
    321.46830491      47.37562311
    322.61898926      47.44194861
    323.77333166      47.50873750
    324.95044662      47.57590991
    326.11730958      47.64337833
    327.27577084      47.71104992
    328.44848668      47.77883345
    329.61672685      47.84663953
    330.77516163      47.91438455
    331.94803675      47.98199464
    333.11682326      48.04940400
    334.27318326      48.11654925
    335.44649460      48.18336947
    336.63439940      48.24980504
    337.82051912      48.31580493
    338.97643770      48.38132690
    340.13267151      48.44634093
    341.29569683      48.51082545
    342.44856561      48.57477156
    343.61772974      48.63817884
    344.78279156      48.70105100
    345.99268200      48.76339726
    347.19842855      48.82522781
    348.39960820      48.88656076
    349.59591848      48.94742082
    350.76036401      49.00783443
    351.91710163      49.06783551
    353.08560835      49.12746601
    354.25874104      49.18677047
    355.41583596      49.24579401
    356.59675549      49.30458219
    357.77312986      49.36318041
    358.93092850      49.42163135
    360.10475121      49.47997165
    361.29028442      49.53823909
    362.47133250      49.59646501
    363.63595714      49.65467282
    364.80445725      49.71287862
    365.97715655      49.77109462
    367.15704766      49.82933031
    368.34445101      49.88759358
    369.53191013      49.94589106
    370.69678290      50.00422877
    371.87394559      50.06261820
    373.03974658      50.12107690
    374.22125688      50.17961951
    375.38248814      50.23826386
    376.53956226      50.29702905
    377.72080080      50.35592772
    378.88556062      50.41496607
    380.07001531      50.47414768
    381.22723406      50.53347872
    382.38498592      50.59296883
    383.56287077      50.65262577
    384.75128221      50.71246016
    385.91543660      50.77247719
    387.09733066      50.83267871
    388.25812333      50.89306287
    389.41481795      50.95362865
    390.59621434      51.01437620
    391.79043377      51.07530624
    392.96063482      51.13642523
    394.11682940      51.19774094
    395.28973288      51.25926198
    396.46963722      51.32100071
    397.63589901      51.38296547
    398.81216373      51.44516056
    400.00223359      51.50758815
    401.16722262      51.57024320
    402.34389616      51.63311522
    403.53318147      51.69619057
    404.68850596      51.75945070
    405.85145660      51.82287651
    407.03252689      51.88644055
    408.19539530      51.95011135
    409.35132474      52.01385572
    410.52339925      52.07763860
    411.67939628      52.14142321
    412.84493166      52.20517261
    414.00946509      52.26885074
    415.19061431      52.33242355
    416.37570751      52.39586315
    417.54067622      52.45914038
    418.71699718      52.52222147
    419.88609184      52.58507654
    421.04236110      52.64767297
    422.21914144      52.70997367
    423.40703915      52.77194274
    424.58569011      52.83354655
    425.75038849      52.89475635
    426.91496068      52.95554170
    428.07156550      53.01587096
    429.22903236      53.07571915
    430.38241157      53.13506112
    431.56448948      53.19388062
    432.78182033      53.25216947
    433.94754854      53.30992552
    435.12078190      53.36715293
    436.30469545      53.42386721
    437.47798552      53.48009238
    438.65888283      53.53585615
    439.83929618      53.59119114
    441.02831966      53.64612941
    442.20122739      53.70070069
    443.37037167      53.75493602
    444.54989981      53.80886485
    445.71078086      53.86251392
    446.86787152      53.91590995
    448.03133826      53.96907981
    449.22049927      54.02204505
    450.38572603      54.07482450
    451.57532043      54.12743138
    452.74361731      54.17987934
    453.91580619      54.23218058
    455.08923994      54.28434547
    456.24200569      54.33638031
    457.40190701      54.38829029
    458.59493544      54.44007726
    459.77388084      54.49174296
    460.94737556      54.54328696
    462.11998601      54.59470221
    463.29790631      54.64597836
    464.49487400      54.69710220
    465.66410666      54.74805232
    466.82199132      54.79880343
    467.98682250      54.84932837
    469.13615375      54.89959711
    470.30530796      54.94958148
    471.47093597      54.99925605
    472.64788551      55.04859956
    473.80488118      55.09759807
    474.96936594      55.14623951
    476.13439704      55.19452344
    477.30801416      55.24245389
    478.55627588      55.29004106
    479.73787313      55.33730479
    480.93128155      55.38427280
    482.10297654      55.43097383
    483.28011371      55.47743921
    484.44530266      55.52370342
    485.61816407      55.56979966
    486.76004168      55.61576125
    487.92482041      55.66162356
    489.09344481      55.70742221
    490.24554323      55.75319414
    491.40960073      55.79897554
    492.59530644      55.84480150
    493.76108853      55.89070777
    494.92980415      55.93673145
    496.09035909      55.98291088
    497.24389805      56.02928286
    498.42448248      56.07588144
    499.59361117      56.12273694
    500.75842817      56.16987235
    501.91614742      56.21730491
    503.08730410      56.26504942
    504.24193196      56.31312026
    505.41521495      56.36152073
    506.66401450      56.41024938
    507.82200786      56.45930091
    508.97781018      56.50866195
    510.15836342      56.55831454
    511.32082349      56.60823900
    512.47643770      56.65841462
    513.65874057      56.70882188
    514.83727102      56.75944740
    516.00777360      56.81027524
    517.17979564      56.86128384
    518.36230694      56.91244964
    519.54774609      56.96374879
    520.72013678      57.01516202
    521.88481199      57.06666233
    523.06509018      57.11822156
    524.23332420      57.16981498
    525.40765308      57.22142120
    526.57235666      57.27301793
    527.72960990      57.32458046
    528.93917613      57.37608350
    530.12804129      57.42750162
    531.30914513      57.47881169
    532.46070571      57.52999330
    533.63453693      57.58103064
    534.79131520      57.63190819
    535.96085269      57.68260901
    537.18216676      57.73312360
    538.38593729      57.78344866
    539.55542658      57.83357917
    540.79624412      57.88350362
    541.99509849      57.93320248
    543.17224606      57.98265476
    544.34442123      58.03183576
    545.50990037      58.08071702
    546.68312901      58.12927655
    547.85183659      58.17749984
    549.03112889      58.22537454
    550.19852685      58.27288010
    551.37045154      58.32000574
    552.54733302      58.36674126
    553.71152050      58.41307156
    554.86869104      58.45898689
    556.04628949      58.50448006
    557.19921735      58.54954790
    558.35696779      58.59418466
    559.54788882      58.63838547
    560.73561450      58.68214213
    561.89983884      58.72544601
    563.05702261      58.76828923
    564.21068444      58.81067479
    565.38271358      58.85260714
    566.57105554      58.89408472
    567.74346844      58.93511714
    568.90814555      58.97572322
    570.34317589      59.01592540
    571.65297938      59.05574291
    572.90397092      59.09519889
    574.13448825      59.13432223
    575.40517373      59.17315460
    576.65329650      59.21173751
    577.89926036      59.25010906
    579.18459506      59.28830416
    580.46300546      59.32635269
    581.75767813      59.36428267
    583.01038244      59.40212213
    584.30673195      59.43988400
    585.60246139      59.47756051
    586.86885646      59.51512351
    588.14931612      59.55254239
    589.44625782      59.58978654
    590.75924344      59.62682104
    592.01001805      59.66360466
    593.34304261      59.70010147
    594.66817022      59.73626506
    595.99769647      59.77203508
    597.32178337      59.80733380
    598.63275091      59.84209022
    599.94690011      59.87622705
    601.21492334      59.90966540
    602.52802144      59.94233112
    603.79064172      59.97415208
    605.05939278      60.00505801
    606.37136747      60.03497981
    607.68351797      60.06386688
    609.02947095      60.09168475
    610.34051175      60.11840684
    611.65525833      60.14402638
    612.92930554      60.16856148
    614.23279108      60.19204391
    615.58695200      60.21452466
    616.92008195      60.23609973
    618.23062934      60.25689269
    619.54205579      60.27705729
    620.85355739      60.29676954
    622.15483298      60.31623092
    623.48097765      60.33566370
    624.79598370      60.35531833
    626.11944676      60.37544040
    627.38470187      60.39628379
    628.71850578      60.41811190
    629.94523035      60.44119055
    631.19691240      60.46578357
    632.40118721      60.49213679
    633.67032440      60.52047856
    634.90074390      60.55101622
    636.12158298      60.58394130
    637.34031561      60.61943788
    638.56032667      60.65766013
    639.82270686      60.69872416
    641.06125489      60.74270512
    642.25817579      60.78964957
    643.49510322      60.83954974
    644.79796586      60.89235764
    645.99389616      60.94798907
    647.19701921      61.00634229
    648.41404002      61.06728095
    649.66916035      61.13063118
    650.92329480      61.19618376
    652.13573927      61.26370218
    653.38526712      61.33292621
    654.59347884      61.40358413
    655.85408435      61.47540006
    657.07327400      61.54807900
    658.32314876      61.62131345
    659.57129941      61.69480108
    660.82044539      61.76824417
    662.04370286      61.84135950
    663.24321275      61.91388512
    664.47758710      61.98559055
    665.71724720      62.05624933
    666.96622824      62.12565197
    668.18127162      62.19359945
    669.41739229      62.25992265
    670.63427037      62.32447858
    671.88404966      62.38715131
    673.09120224      62.44782385
    674.29327703      62.50640813
    675.49438721      62.56283892
    676.71736819      62.61706649
    677.93095119      62.66905190
    679.18109912      62.71876125
    680.36776046      62.76617901
    681.61947086      62.81129326
    682.85705097      62.85410055
    684.07296822      62.89459916
    685.29303032      62.93277601
    686.50813042      62.96861945
    687.79509424      63.00211758
    689.02925591      63.03326693
    690.23432473      63.06204666
    691.44596433      63.08844228
    692.69808259      63.11243423
    693.93230051      63.13400370
    695.16853839      63.15311288
    696.38694491      63.16970245
    697.68226459      63.18370715
    698.92038254      63.19506622
    700.15439770      63.20371326
    701.48220315      63.20957945
    702.71587755      63.21258101
    703.97758663      63.21261305
    705.21797219      63.20957643
    706.42045815      63.20337559
    707.63523262      63.19392258
    708.90554852      63.18114040
    710.17027100      63.16495360
    711.40607974      63.14529394
    712.65611519      63.12208654
    713.88362478      63.09528729
    715.13300093      63.06486976
    716.35910874      63.03083682
    717.57332032      62.99320212
    718.77950971      62.95200144
    720.04448882      62.90728320
    721.32186466      62.85913161
    722.59211628      62.80765716
    723.79577717      62.75299291
    725.05512175      62.69528400
    726.29588115      62.63469925
    727.49318912      62.57142863
    728.76029170      62.50566712
    729.96695323      62.43762164
    731.13453504      62.36751032
    732.34069796      62.29556766
    733.55663176      62.22204324
    734.82261659      62.14718681
    736.09179916      62.07125068
    737.32273097      61.99447770
    738.52792597      61.91711903
    739.74432671      61.83940918
    740.96666824      61.76157187
    742.23248152      61.68380785
    743.46819007      61.60629931
    744.69669499      61.52921969
    745.96611434      61.45272173
    747.19705087      61.37692642
    748.43100885      61.30191782
    749.71602785      61.22774047
    750.96603824      61.15441536
    752.19684576      61.08195325
    753.43059956      61.01033360
    754.63542167      60.93951474
    755.92333119      60.86943431
    757.16672874      60.80000710
    758.41975065      60.73113612
    759.63386156      60.66270857
    760.84249721      60.59463105
    762.05796879      60.52679680
    763.26031155      60.45909920
    764.47863537      60.39143623
    765.73374766      60.32371780
    766.93280763      60.25585452
    768.19821067      60.18777125
    769.42346919      60.11941109
    770.68565656      60.05071901
    771.98235155      59.98164068
    773.21310471      59.91213602
    774.41851665      59.84216552
    775.64935866      59.77170704
    776.85354226      59.70076144
    778.05897924      59.62935690
    779.29363905      59.55754054
    780.52379152      59.48537199
    781.79427614      59.41291807
    783.04443210      59.34026198
    784.21100062      59.26750128
    785.46201297      59.19474288
    786.66899257      59.12207013
    787.85780810      59.04956678
    789.07113400      58.97731302
    790.32321351      58.90537840
    791.52597501      58.83381796
    792.75853451      58.76266990
    793.96224124      58.69194459
    795.16975537      58.62162736
    796.42081025      58.55168904
    797.62182260      58.48209558
    798.83770441      58.41279252
    800.07224039      58.34371060
    801.31166465      58.27477596
    802.58823563      58.20591374
    803.90040031      58.13704147
    805.12200314      58.06808140
    806.32427973      57.99895996
    807.60453334      57.92963190
    808.88454166      57.86004347
    810.12459969      57.79015530
    811.33768550      57.71993319
    812.62151823      57.64935071
    813.85634771      57.57839103
    815.10845464      57.50704914
    816.37223330      57.43532402
    817.57239163      57.36320462
    818.82100214      57.29068834
    820.04596716      57.21777748
    821.32203575      57.14449015
    822.58760799      57.07087378
    823.83759334      56.99697303
    825.07133439      56.92284037
    826.29621529      56.84852723
    827.51007099      56.77408521
    828.75886298      56.69956142
    829.98354822      56.62500932
    831.21285942      56.55047735
    832.43635839      56.47599738
    833.71143732      56.40157260
    834.94725599      56.32722541
    836.21361561      56.25296860
    837.42117086      56.17879455
    838.67021239      56.10468589
    839.88323913      56.03062709
    841.08586167      55.95659257
    842.37311615      55.88255934
    843.57238974      55.80850729
    844.82314687      55.73442334
    846.06276632      55.66030189
    847.29355398      55.58616463
    848.57144403      55.51203887
    849.77474148      55.43797130
    851.02543623      55.36401696
    852.27512241      55.29025229
    853.48224616      55.21675934
    854.73204530      55.14363453
    855.94625829      55.07096364
    857.16909985      54.99883001
    858.42093597      54.92731238
    859.65078265      54.85650344
    860.93667174      54.78648350
    862.18633051      54.71730991
    863.46237074      54.64903338
    864.69720731      54.58170075
    865.98353640      54.51535342
    867.18658383      54.45002341
    868.40075619      54.38574796
    869.64964885      54.32255163
    870.92118315      54.26043369
    872.14955054      54.19940379
    873.38274997      54.13945918
    874.58650963      54.08059542
    875.83670010      54.02280374
    877.06141605      53.96607710
    878.27489035      53.91039351
    879.49725362      53.85572653
    881.65595497      53.80204283
    882.82599675      53.74933264
    884.06116415      53.69755773
    885.37348621      53.64667716
    886.62599628      53.59665988
    887.83623410      53.54747644
    889.02447398      53.49908561
    890.26535011      53.45144081
    891.51346012      53.40448703
    892.76385145      53.35818014
    893.97814385      53.31248451
    895.21225353      53.26735403
    896.41560816      53.22271683
    897.64008261      53.17850798
    898.85437737      53.13465232
    900.08604458      53.09105889
    901.32643203      53.04761792
    902.56051666      53.00421762
    903.78907972      52.96073067
    905.04101934      52.91702459
    906.29031420      52.87297538
    907.52564559      52.82846175
    908.77562858      52.78333371
    910.01026003      52.73744597
    911.22915477      52.69067826
    912.43452133      52.64291880
    913.68502987      52.59405766
    914.89931612      52.54400820
    916.13381099      52.49269857
    917.37290300      52.44007674
    918.62409825      52.38611745
    919.83615611      52.33083145
    921.06112918      52.27424778
    922.32585733      52.21642922
    923.52579872      52.15745611
    924.76271811      52.09742429
    925.98093937      52.03644899
    927.23305953      51.97467505
    928.48382186      51.91226169
    929.70259845      51.84938521
    930.91975112      51.78621187
    932.16916886      51.72292803
    933.40017014      51.65971100
    934.60741677      51.59672618
    935.82556809      51.53413579
    937.05471293      51.47209301
    938.29459988      51.41074655
    939.52563567      51.35025420
    940.76480330      51.29075302
    941.98157882      51.23234807
    943.18025124      51.17513359
    944.40142447      51.11920903
    945.65079589      51.06464451
    946.89922774      51.01147781
    948.08930610      50.95973150
    949.97695663      50.90941908
    951.20235741      50.86053452
    952.47687582      50.81305727
    953.71369501      50.76694982
    954.91431367      50.72215255
    956.10203745      50.67858011
    957.32144829      50.63615690
    958.56163960      50.59480506
    959.80932803      50.55442528
    961.03999093      50.51491182
    962.27345076      50.47616380
    963.49338951      50.43807202
    964.72908672      50.40054595
    965.96113485      50.36348688
    967.20439250      50.32679781
    968.41565353      50.29038477
    969.62374237      50.25415551
    970.93701675      50.21801319
    972.15086158      50.18186009
    973.38841711      50.14561948
    974.58610271      50.10922239
    975.78973524      50.07258993
    977.02603645      50.03564150
    978.26387271      49.99829203
    979.51295820      49.96046435
    980.71208906      49.92208131
    981.93412623      49.88309146
    983.16700853      49.84346548
    984.43077868      49.80317667
    985.63820160      49.76222299
    986.83850644      49.72061839
    988.10610573      49.67836934
    989.33841995      49.63549854
    990.55663648      49.59205197
    991.82600006      49.54808437
    993.05598711      49.50364173
    994.30695597      49.45878038
    995.57693253      49.41358020
    996.83723604      49.36814207
    998.05535238      49.32257160
    999.30566762      49.27697411
   1000.54410127      49.23145623
   1001.76269117      49.18612400
   1002.98074135      49.14106967
   1004.21288778      49.09639138
   1005.43229956      49.05217706
   1006.68236573      49.00849584
   1007.89887612      48.96542143
   1009.14995274      48.92300915
   1010.35538216      48.88130196
   1011.61981162      48.84033204
   1012.85788986      48.80008576
   1014.15003450      48.76053407
   1015.40019425      48.72162972
   1016.63789676      48.68329725
   1017.87004178      48.64542906
   1019.08752387      48.60789868
   1020.32561913      48.57057880
   1021.58797333      48.53331583
   1022.83604080      48.49593101
   1024.10807182      48.45824645
   1025.33625253      48.42008656
   1026.61945715      48.38128422
   1027.88880608      48.34168153
   1029.18186145      48.30113680
   1030.45206061      48.25950777
   1031.73312144      48.21665867
   1032.95053973      48.17248128
   1034.74392971      48.12687245
   1035.94874662      48.07974825
   1037.21170199      48.03107074
   1038.46106206      47.98082485
   1039.69600403      47.92901819
   1040.99852685      47.87569157
   1042.23247443      47.82093320
   1043.46181400      47.76486912
   1044.67104987      47.70765047
   1045.91969913      47.64943663
   1047.16840983      47.59039914
   1048.40039794      47.53072439
   1049.66941793      47.47060592
   1050.91625328      47.41024260
   1052.15134459      47.34985744
   1053.42149129      47.28967473
   1054.63511778      47.22990831
   1055.83656304      47.17077512
   1057.04621954      47.11246486
   1058.30514443      47.05516015
   1059.52349802      46.99900841
   1060.74561175      46.94412389
   1061.98343904      46.89061822
   1063.20051657      46.83858352
   1064.43483137      46.78808315
   1065.65074437      46.73916396
   1066.90005104      46.69187782
   1068.11918493      46.64626238
   1069.33901403      46.60231806
   1070.58864491      46.56002475
   1071.82494943      46.51935558
   1073.04497467      46.48026141
   1074.32615035      46.44266493
   1075.57099316      46.40647433
   1076.79620631      46.37158370
   1078.02560920      46.33786932
   1079.24762416      46.30520604
   1080.48320084      46.27346095
   1081.70339859      46.24248216
   1082.95146228      46.21213102
   1084.16915373      46.18227116
   1085.40142210      46.15275284
   1086.63684283      46.12343312
   1087.85412972      46.09418509
   1089.13776018      46.06488720
   1090.38849179      46.03541415
   1091.60182950      46.00564452
   1092.83778711      45.97545733
   1094.07627465      45.94474193
   1095.27658327      45.91339716
   1096.47674585      45.88133150
   1097.70074910      45.84846332
   1098.96103134      45.81472954
   1100.27620186      45.78006637
   1101.52403350      45.74442064
   1102.72719436      45.70775931
   1104.02627228      45.67005448
   1105.24300622      45.63128807
   1106.48274808      45.59144743
   1107.69771159      45.55055367
   1108.90100053      45.50865307
   1110.15010965      45.46579577
   1111.36923880      45.42204501
   1112.63789204      45.37748828
   1113.88950460      45.33221223
   1115.14993809      45.28627865
   1116.36922368      45.23974861
   1117.58636312      45.19269094
   1118.83683526      45.14518395
   1120.05661758      45.09729387
   1121.30637796      45.04908638
   1122.51007666      45.00064051
   1123.74273683      44.95203356
   1124.96380513      44.90333637
   1126.21265809      44.85461749
   1127.45137106      44.80593798
   1128.66911970      44.75735430
   1129.86832854      44.70893616
   1131.10695077      44.66074276
   1132.33826540      44.61284291
   1133.58815954      44.56532284
   1134.80588124      44.51827709
   1136.05509008      44.47179850
   1137.29375484      44.42598878
   1138.51147655      44.38096031
   1139.74419154      44.33681928
   1140.98327741      44.29367748
   1142.24369246      44.25165330
   1143.49345993      44.21087033
   1144.70210787      44.17145271
   1145.92986606      44.13353508
   1147.16878415      44.09724706
   1148.38286718      44.06271062
   1149.57203764      44.03004361
   1150.85588597      43.99934603
   1152.10822306      43.97069475
   1153.35886156      43.94416363
   1154.57060372      43.91981159
   1155.80976709      43.89766276
   1157.02493478      43.87771499
   1158.26502495      43.85995693
   1159.47949269      43.84434562
   1160.73167429      43.83079569
   1161.95107898      43.81921161
   1163.16880022      43.80949694
   1164.41752746      43.80152769
   1165.63299715      43.79515787
   1166.85728538      43.79021518
   1168.07541590      43.78652721
   1169.31094958      43.78391261
   1170.52427973      43.78217366
   1171.74370664      43.78109770
   1173.01288022      43.78047264
   1174.24741290      43.78009071
   1175.49706552      43.77974284
   1176.76337458      43.77924135
   1178.01547725      43.77841369
   1179.21238208      43.77711789
   1180.43472078      43.77522433
   1181.71251583      43.77261691
   1182.99728954      43.76920525
   1184.24832032      43.76491880
   1185.46349651      43.75970153
   1186.70130300      43.75352008
   1187.93580638      43.74637662
   1189.18544577      43.73827618
   1190.43535739      43.72922638
   1191.64855710      43.71923338
   1192.88928295      43.70831545
   1194.13844831      43.69647272
   1195.38942284      43.68369571
   1196.60205872      43.66997738
   1197.83724928      43.65529431
   1199.10164045      43.63961143
   1200.37353394      43.62290347
   1201.60218774      43.60513233
   1202.81039473      43.58625923
   1204.02547073      43.56625312
   1205.25777360      43.54508413
   1206.47656153      43.52270439
   1207.72930223      43.49907310
   1208.96294639      43.47415951
   1210.22892177      43.44792052
   1211.47919684      43.42029721
   1212.72768446      43.39124503
   1213.93702289      43.36072965
   1215.19765488      43.32872993
   1216.39874709      43.29522017
   1217.66403719      43.26017637
   1218.91458306      43.22357955
   1220.12171201      43.18543216
   1221.35327240      43.14576308
   1222.62087122      43.10460838
   1223.89016532      43.06204119
   1225.13918181      43.01814803
   1226.40002694      42.97302774
   1227.60395911      42.92679630
   1228.80950905      42.87959220
   1230.03934675      42.83157755
   1231.24880097      42.78290349
   1232.49876789      42.73373672
   1233.71156965      42.68425369
   1234.96132626      42.63460986
   1236.16527875      42.58492609
   1237.39955101      42.53533572
   1238.65095185      42.48597296
   1239.83644536      42.43697445
   1241.10447615      42.38844840
   1242.33669962      42.34050415
   1243.53937227      42.29324603
   1244.79010624      42.24676944
   1246.00897357      42.20116952
   1247.29079154      42.15654037
   1248.51015039      42.11296505
   1249.77409872      42.07052000
   1250.96266187      42.02926587
   1252.20223311      41.98924043
   1253.41584542      41.95045994
   1254.66471019      41.91293085
   1255.88792087      41.87662875
   1257.13996729      41.84150390
   1258.37208301      41.80749050
   1259.60325018      41.77451283
   1260.82693395      41.74246843
   1262.07588048      41.71124292
   1263.29164508      41.68070771
   1264.55587557      41.65073318
   1265.77364454      41.62119216
   1266.98135149      41.59197460
   1268.27338554      41.56297501
   1269.79010105      41.53407730
   1271.48277785      41.50519181
   1273.66892121      41.47623231
   1275.16617578      41.44712869
   1277.24543830      41.41783684
   1278.82365304      41.38831925
   1280.04390561      41.35855063
   1281.66473335      41.32850396
   1283.16853413      41.29819708
   1284.79461123      41.26765195
   1286.71342184      41.23690767
   1288.00871836      41.20603924
   1289.24117814      41.17517080
   1290.44893945      41.14443414
   1291.71064994      41.11396775
   1292.98123807      41.08391146
   1294.25977466      41.05443051
   1295.48360209      41.02570020
   1296.69968666      40.99790273
   1297.93305291      40.97121672
   1299.16629015      40.94580194
   1300.39096641      40.92180797
   1301.67089107      40.89935840
   1302.95687563      40.87854949
   1304.19683678      40.85944361
   1305.44438342      40.84207093
   1306.69853064      40.82642800
   1307.98636690      40.81246813
   1309.17237698      40.80012650
   1310.40652116      40.78931160
   1311.65445252      40.77991104
   1312.89942530      40.77179494
   1314.08735892      40.76483052
   1315.38525105      40.75886878
   1316.62302068      40.75375165
   1317.85454988      40.74931117
   1319.05703206      40.74537705
   1320.27370739      40.74176480
   1321.52781916      40.73829394
   1322.72906876      40.73479808
   1323.96261036      40.73111341
   1325.21286604      40.72709049
   1326.41432076      40.72259325
   1327.61799110      40.71748618
   1328.85580279      40.71165735
   1330.11956018      40.70501322
   1331.47512713      40.69749976
   1332.71066507      40.68907128
   1333.91209379      40.67972144
   1335.43445800      40.66946305
   1336.59031420      40.65832584
   1337.72172335      40.64634661
   1338.90733974      40.63357707
   1340.07026911      40.62008865
   1341.23931367      40.60597186
   1342.37161370      40.59132356
   1343.47716836      40.57623255
   1344.61153799      40.56078490
   1345.72878188      40.54506424
   1346.86125064      40.52916813
   1348.00078691      40.51318451
   1349.16475934      40.49720060
   1350.28226317      40.48129745
   1351.38340690      40.46555581
   1352.52252916      40.45005226
   1353.67101159      40.43486368
   1354.91100630      40.42008204
   1356.11358867      40.40578995
   1357.31504433      40.39207048
   1358.51612379      40.37899258
   1359.71820283      40.36661489
   1360.90299025      40.35497878
   1362.08847950      40.34411057
   1363.27463514      40.33402719
   1364.42298949      40.32473886
   1365.57815661      40.31624025
   1366.76849254      40.30851685
   1367.97073038      40.30154338
   1369.13408133      40.29528276
   1370.37433975      40.28968312
   1371.57621935      40.28466989
   1372.75966974      40.28014807
   1373.92681768      40.27602285
   1375.12767076      40.27219362
   1376.34439760      40.26856082
   1377.52906308      40.26501237
   1378.74613069      40.26143490
   1379.91766499      40.25770999
   1381.08814867      40.25371783
   1382.33698319      40.24933597
   1383.55327571      40.24443237
   1384.75591574      40.23887856
   1385.95811199      40.23254092
   1387.20416753      40.22528553
   1388.49063841      40.21697861
   1389.74368253      40.20751454
   1391.03886421      40.19680783
   1392.26295820      40.18479080
   1393.49494017      40.17139779
   1394.69581120      40.15657778
   1395.88235911      40.14028638
   1397.11352109      40.12248392
   1398.31488033      40.10314741
   1399.51521542      40.08227198
   1400.66904361      40.05986680
   1401.92259769      40.03593664
   1403.18828667      40.01048981
   1404.42674112      39.98354012
   1405.63748180      39.95511990
   1406.87486011      39.92527713
   1408.07687345      39.89406815
   1409.30932094      39.86157429
   1410.48046770      39.82788549
   1411.68161238      39.79309846
   1412.89840161      39.75732197
   1414.14717895      39.72068635
   1415.38616084      39.68332697
   1416.58825548      39.64538477
   1417.82212744      39.60700704
   1419.05579901      39.56835788
   1420.27388084      39.52962236
   1421.49738029      39.49099361
   1422.74490094      39.45266632
   1423.98002817      39.41483476
   1425.24260591      39.37769895
   1426.44576772      39.34145360
   1427.66223415      39.30626912
   1428.86459156      39.27230702
   1430.06592009      39.23971573
   1431.28469195      39.20864297
   1432.46917406      39.17921619
   1433.70295716      39.15156184
   1434.93536023      39.12578769
   1436.20562366      39.10199375
   1437.37488279      39.08024467
   1438.56088861      39.06056934
   1439.80848678      39.04295411
   1440.99392073      39.02735716
   1442.20203320      39.01369458
   1443.47421168      39.00185990
   1444.71390107      38.99173370
   1445.89072915      38.98316196
   1447.04507817      38.97596390
   1448.22999036      38.96993218
   1449.37832533      38.96485658
   1450.56394644      38.96053133
   1451.73292105      38.95673861
   1452.96560816      38.95325827
   1454.13553321      38.94986859
   1455.32768068      38.94637101
   1456.52302872      38.94256981
   1457.71792209      38.93828609
   1458.92018876      38.93336740
   1460.12205843      38.92768758
   1461.27713245      38.92112463
   1462.52988827      38.91357798
   1463.76298656      38.90496787
   1465.00212394      38.89524631
   1466.25021031      38.88438111
   1467.48282653      38.87235689
   1468.69714256      38.85917784
   1469.94824943      38.84486290
   1471.14739588      38.82944586
   1472.36422245      38.81296651
   1473.61957672      38.79548577
   1474.85547574      38.77710079
   1476.08714058      38.75791099
   1477.30363111      38.73803277
   1478.48971161      38.71758309
   1479.70864699      38.69669299
   1480.93168327      38.67547126
   1482.16838431      38.65403155
   1483.43231516      38.63247904
   1484.62930365      38.61091776
   1485.84003110      38.58944069
   1487.04133127      38.56813849
   1488.26013006      38.54709034
   1489.53149092      38.52637799
   1490.73353876      38.50606467
   1491.88743265      38.48619464
   1493.08855370      38.46681129
   1494.27459686      38.44794753
   1495.49261915      38.42963511
   1496.67111367      38.41187791
   1497.91042592      38.39465640
   1499.14314233      38.37795504
   1500.44491890      38.36174597
   1501.66145906      38.34600418
   1502.84674698      38.33067838
   1504.04831465      38.31570980
   1505.21904361      38.30102457
   1506.43743029      38.28652930
   1507.66945999      38.27210689
   1508.85556837      38.25763734
   1510.04236157      38.24299321
   1511.32781538      38.22804905
   1512.51472248      38.21266377
   1513.69822249      38.19670601
   1514.86442331      38.18004403
   1515.99654045      38.16255022
   1517.18236337      38.14412370
   1518.40154687      38.12468590
   1519.58445186      38.10418535
   1520.77183630      38.08258240
   1521.97216525      38.05984344
   1523.15639781      38.03597894
   1524.41710163      38.01101865
   1525.64095459      37.98501517
   1526.78957455      37.95803803
   1528.00734588      37.93020005
   1529.24251281      37.90164174
   1530.47671040      37.87251872
   1531.66323374      37.84299409
   1532.82578407      37.81325176
   1534.09633486      37.78348429
   1535.28372025      37.75389514
   1536.48503554      37.72468979
   1537.70315330      37.69608219
   1538.90500406      37.66828286
   1540.10667855      37.64149338
   1541.36122181      37.61591379
   1542.63159206      37.59172297
   1543.84805376      37.56910456
   1545.08099089      37.54822984
   1546.31312220      37.52924279
   1547.49856892      37.51228394
   1548.71490396      37.49745344
   1550.00133514      37.48483593
   1551.15654763      37.47447652
   1552.34123485      37.46640080
   1553.54287956      37.46060272
   1554.74432577      37.45705269
   1555.94647806      37.45568733
   1557.16354330      37.45642275
   1558.36661058      37.45914267
   1559.56653638      37.46372297
   1560.79969658      37.47001534
   1562.00198452      37.47786720
   1563.17278579      37.48711559
   1564.35863329      37.49757543
   1565.54217914      37.50904112
   1566.74011050      37.52129207
   1567.96356079      37.53410975
   1569.16420544      37.54727602
   1570.34224011      37.56055321
   1571.57962361      37.57370324
   1572.84235684      37.58648988
   1574.08168752      37.59868638
   1575.31525606      37.61006973
   1576.53233879      37.62040514
   1577.78669726      37.62946960
   1579.01963580      37.63705635
   1580.25128646      37.64296636
   1581.49161531      37.64702865
   1582.75889653      37.64908961
   1583.97940479      37.64901719
   1585.21193310      37.64670736
   1586.42880031      37.64209645
   1587.66570032      37.63515345
   1588.88612256      37.62586942
   1590.08677950      37.61427169
   1591.35118249      37.60040880
   1592.57151303      37.58436124
   1593.76843347      37.56624395
   1595.00685908      37.54616442
   1596.20897782      37.52425556
   1597.47675530      37.50065804
   1598.72846475      37.47553955
   1600.05009122      37.44907036
   1601.27804365      37.42143067
   1602.44826172      37.39280928
   1603.71904881      37.36340822
   1604.93525531      37.33342751
   1606.13659092      37.30307521
   1607.38499301      37.27255207
   1608.58756971      37.24205034
   1609.82776386      37.21175021
   1611.09067669      37.18182855
   1612.29327797      37.15244273
   1613.49377753      37.12374317
   1614.71758417      37.09586897
   1615.91908331      37.06893566
   1617.15347799      37.04304656
   1618.38728614      37.01829218
   1619.57245685      36.99473547
   1620.77432652      36.97242384
   1621.99066960      36.95137453
   1623.22981927      36.93158008
   1624.46149923      36.91303517
   1625.73141388      36.89572801
   1626.98011182      36.87963232
   1628.26506560      36.86471905
   1629.56750099      36.85093894
   1630.83790243      36.83824139
   1632.07033811      36.82657626
   1633.34048386      36.81588522
   1634.57334253      36.80609238
   1635.80668894      36.79711227
   1637.04653619      36.78884945
   1638.24857270      36.78119949
   1639.44864784      36.77405402
   1640.62845955      36.76729493
   1641.85166692      36.76079579
   1643.06826143      36.75445413
   1644.26964856      36.74817554
   1645.50127323      36.74187498
   1646.70400070      36.73546650
   1647.90447095      36.72886648
   1649.12245780      36.72200595
   1650.29064692      36.71482830
   1651.56155737      36.70728366
   1652.76253096      36.69934544
   1653.96393794      36.69099599
   1655.16611481      36.68222968
   1656.36861306      36.67306535
   1657.57108201      36.66352412
   1658.83453362      36.65361447
   1660.01975443      36.64336571
   1661.17330236      36.63281131
   1662.42242755      36.62198404
   1663.62322107      36.61092386
   1664.83935242      36.59965647
   1666.05744088      36.58819811
   1667.27902244      36.57658255
   1668.51190852      36.56483940
   1669.68314744      36.55301061
   1670.93109439      36.54113814
   1672.13377460      36.52924612
   1673.33842326      36.51733715
   1674.53842278      36.50540188
   1675.72345218      36.49342049
   1676.92495746      36.48137214
   1678.12614893      36.46922593
   1679.36461094      36.45693316
   1680.58178866      36.44442946
   1681.76753597      36.43164612
   1683.00151852      36.41849681
   1684.27259249      36.40491226
   1685.48938976      36.39082594
   1686.75869851      36.37617994
   1687.97726667      36.36093259
   1689.17844396      36.34504726
   1690.42635121      36.32849089
   1691.67282360      36.31123244
   1692.98957691      36.29324692
   1694.24380825      36.27452584
   1695.44577434      36.25509191
   1696.69395854      36.23497301
   1697.94213188      36.21420505
   1699.18261196      36.19284193
   1700.43053198      36.17093752
   1701.68389937      36.14855074
   1702.85243256      36.12574539
   1704.03955423      36.10257736
   1705.17332174      36.07911419
   1706.33609326      36.05545301
   1707.51148978      36.03168493
   1708.72309725      36.00790191
   1709.94060013      35.98420323
   1711.12635735      35.96068272
   1712.34324962      35.93744558
   1713.49852780      35.91460833
   1714.66801473      35.89226882
   1715.85279080      35.87051256
   1717.01783986      35.84940621
   1718.17085563      35.82900352
   1719.35320340      35.80935233
   1720.53855795      35.79049546
   1721.74077122      35.77248336
   1722.96135887      35.75535711
   1724.12789950      35.73914948
   1725.32826862      35.72388015
   1726.48241205      35.70956535
   1727.68490935      35.69622235
   1728.88572887      35.68386621
   1730.07860796      35.67254536
   1731.22106405      35.66228611
   1732.38944742      35.65311690
   1733.55315755      35.64506258
   1734.75613267      35.63814170
   1735.91094013      35.63238544
   1737.11192553      35.62782195
   1738.29822816      35.62447323
   1739.47648732      35.62236299
   1740.69933172      35.62150170
   1741.94453230      35.62186926
   1743.18336153      35.62344254
   1744.38529123      35.62618876
   1745.56504669      35.63006167
   1746.78823657      35.63500363
   1748.00583303      35.64094871
   1749.20708216      35.64782590
   1750.40858035      35.65555878
   1751.62491540      35.66406328
   1752.84203594      35.67323336
   1753.99561790      35.68296297
   1755.14454270      35.69313328
   1756.31419788      35.70361223
   1757.47625480      35.71426276
   1758.61479195      35.72493570
   1759.76248748      35.73546682
   1760.88246971      35.74568411
   1762.04831890      35.75541846
   1763.20142116      35.76450678
   1764.36496871      35.77278798
   1765.51916366      35.78010473
   1766.63543679      35.78631722
   1767.80650699      35.79128045
   1769.00881572      35.79486353
   1770.18814063      35.79694892
   1771.35726223      35.79744609
   1772.62352118      35.79628909
   1773.80922500      35.79343682
   1774.96245156      35.78887147
   1776.16419268      35.78256645
   1777.36685965      35.77453282
   1778.52977674      35.76480954
   1779.66785167      35.75346269
   1780.81547347      35.74058351
   1781.96870144      35.72626628
   1783.13160151      35.71061329
   1784.33305197      35.69374526
   1785.51981398      35.67578258
   1786.67434070      35.65685861
   1787.87536439      35.63712466
   1789.02279572      35.61674194
   1790.22426225      35.59588618
   1791.35639450      35.57472940
   1792.52628410      35.55345163
   1793.68195833      35.53223564
   1794.84474970      35.51126364
   1796.04549407      35.49071855
   1797.26281547      35.47077912
   1798.38638911      35.45161404
   1799.55048821      35.43336240
   1800.68868036      35.41615396
   1801.83817939      35.40010683
   1803.00644035      35.38531771
   1804.24064739      35.37185645
   1805.41013337      35.35976714
   1806.61145717      35.34907121
   1807.72893784      35.33975615
   1808.89819650      35.33176865
   1810.06243549      35.32502466
   1811.20207337      35.31942200
   1812.34905335      35.31482230
   1813.51930922      35.31107527
   1814.70530134      35.30801824
   1815.83837789      35.30547434
   1817.00777738      35.30324928
   1818.15518413      35.30113027
   1819.32628693      35.29889659
   1820.49370049      35.29632740
   1821.76129790      35.29321490
   1822.99537072      35.28935709
   1824.19775460      35.28455780
   1825.46724153      35.27863558
   1826.78466595      35.27141754
   1828.02406753      35.26274924
   1829.25690635      35.25250780
   1830.48920402      35.24059394
   1831.69167250      35.22695220
   1832.89359557      35.21156073
   1834.13208972      35.19444699
   1835.33923238      35.17567404
   1836.58345889      35.15533816
   1837.83809904      35.13358736
   1839.03919031      35.11060771
   1840.21852893      35.08662222
   1841.40532733      35.06188537
   1842.59083833      35.03667664
   1843.77618343      35.01128845
   1844.97879936      34.98603517
   1846.14869511      34.96125824
   1847.36567008      34.93730393
   1848.56630858      34.91449772
   1849.85346759      34.89314479
   1851.05514727      34.87352320
   1852.30254220      34.85587248
   1853.57052385      34.84039552
   1854.79054625      34.82726201
   1855.99215551      34.81661939
   1857.17038301      34.80859094
   1858.41066223      34.80326388
   1859.59528329      34.80069368
   1860.77554729      34.80089513
   1862.01480661      34.80383390
   1863.24815207      34.80943369
   1864.44894654      34.81757264
   1865.68403501      34.82808335
   1866.90465480      34.84075920
   1868.09477948      34.85534787
   1869.26555239      34.87157188
   1870.41886827      34.88912734
   1871.64448456      34.90769179
   1872.83245647      34.92691277
   1874.03245222      34.94643076
   1875.24956567      34.96588983
   1876.45571583      34.98492789
   1877.64028489      35.00319749
   1878.84194756      35.02036800
   1880.04012798      35.03613996
   1881.24551440      35.05023993
   1882.41771887      35.06243011
   1883.63384171      35.07251305
   1884.85048963      35.08032295
   1886.05242027      35.08573292
   1887.72939392      35.08865473
   1889.01672496      35.08904068
   1890.28530068      35.08687799
   1891.64198868      35.08219768
   1892.91155075      35.07505552
   1894.16025389      35.06552033
   1895.41493232      35.05366351
   1896.66093729      35.03957662
   1897.84699558      35.02336970
   1899.14871212      35.00518272
   1900.31166938      34.98519372
   1901.51946141      34.96360385
   1902.76797975      34.94064058
   1903.96978657      34.91654316
   1905.20213197      34.89154666
   1906.35483723      34.86587439
   1907.53939165      34.83974029
   1908.82253200      34.81333907
   1910.06117407      34.78684675
   1911.29334178      34.76040630
   1912.49406677      34.73413311
   1913.74820217      34.70812172
   1914.92783145      34.68244671
   1916.13333129      34.65717074
   1917.38571422      34.63232253
   1918.60891922      34.60790353
   1919.77649300      34.58388125
   1920.97508460      34.56021203
   1922.17616075      34.53683551
   1923.43191580      34.51368501
   1924.64937095      34.49070622
   1925.83431858      34.46785058
   1927.03599306      34.44507354
   1928.26891034      34.42233385
   1929.48472692      34.39957908
   1930.73989735      34.37675217
   1931.98721761      34.35378862
   1933.27872894      34.33063007
   1934.49535040      34.30723041
   1935.69941821      34.28355013
   1936.90028168      34.25954797
   1938.10177515      34.23520139
   1939.32416536      34.21048409
   1940.52495463      34.18537867
   1941.77414598      34.15988227
   1942.94601584      34.13402291
   1944.18259306      34.10786453
   1945.40199161      34.08149593
   1946.60339102      34.05502458
   1947.83668923      34.02856359
   1949.00707649      34.00223507
   1950.20844235      33.97615888
   1951.44138278      33.95045428
   1952.67371779      33.92524612
   1953.91247188      33.90065670
   1955.09208934      33.87679738
   1956.27773456      33.85377333
   1957.46444127      33.83167537
   1958.61885598      33.81059072
   1959.79957512      33.79059438
   1960.96852988      33.77174800
   1962.12270308      33.75408751
   1963.32326975      33.73762626
   1964.52163402      33.72237475
   1965.72473250      33.70833743
   1966.92574154      33.69552967
   1968.14220797      33.68397949
   1969.34402140      33.67371895
   1970.56156162      33.66476814
   1971.77990671      33.65712651
   1973.05028121      33.65077177
   1974.28298249      33.64565680
   1975.53687402      33.64170328
   1976.78635792      33.63882918
   1978.02088256      33.63694711
   1979.25726459      33.63597791
   1980.44275857      33.63584328
   1981.69244617      33.63644649
   1982.91001711      33.63768956
   1984.09716383      33.63949202
   1985.34944137      33.64176593
   1986.54994659      33.64443801
   1987.69823005      33.64744733
   1988.90143486      33.65074303
   1990.08777955      33.65428674
   1991.32002098      33.65804067
   1992.56769949      33.66197622
   1993.87038868      33.66606524
   1995.12500331      33.67027984
   1996.34310169      33.67460839
   1997.54487731      33.67904931
   1998.74744645      33.68359613
   2000.00242925      33.68823074
   2001.28054757      33.69293662
   2002.45283523      33.69769624
   2003.65476587      33.70248518
   2004.88764438      33.70727483
   2006.07363414      33.71201348
   2007.24325198      33.71664981
   2008.47604826      33.72114260
   2009.71525370      33.72546339
   2010.93320982      33.72959796
   2012.12021145      33.73353524
   2013.32044445      33.73726775
   2014.53854377      33.74078502
   2015.78680833      33.74404451
   2017.02586063      33.74698443
   2018.22676759      33.74953423
   2019.44500728      33.75161789
   2020.64607256      33.75315812
   2021.89422982      33.75408104
   2023.09675927      33.75432072
   2024.38277974      33.75380616
   2025.61785971      33.75247199
   2026.85310556      33.75024148
   2028.03985670      33.74703156
   2029.25617143      33.74279153
   2030.40448230      33.73748559
   2031.58987135      33.73108171
   2032.77478874      33.72357457
   2034.02395930      33.71497710
   2035.27822419      33.70532193
   2036.45934977      33.69466580
   2037.66425081      33.68308487
   2038.93086186      33.67066724
   2040.13309592      33.65750873
   2041.38810802      33.64371496
   2042.58872006      33.62941727
   2043.81253852      33.61473477
   2045.09834017      33.59978070
   2046.37030834      33.58467690
   2047.55610337      33.56955284
   2048.77287653      33.55453526
   2049.97549814      33.53974054
   2051.17783570      33.52528191
   2052.38029094      33.51126456
   2053.58606065      33.49782399
   2054.80314243      33.48509124
   2056.05288532      33.47317666
   2057.25425355      33.46217970
   2058.49277653      33.45217535
   2059.69472229      33.44322095
   2060.87424003      33.43536177
   2062.09853489      33.42861160
   2063.27982589      33.42297215
   2064.51850010      33.41843798
   2065.70498374      33.41499155
   2066.92200692      33.41260197
   2068.13887271      33.41120745
   2069.30931433      33.41071200
   2070.47368187      33.41099321
   2071.71213727      33.41192159
   2073.03576621      33.41335276
   2074.30331351      33.41515206
   2075.52421073      33.41720411
   2076.75702970      33.41938361
   2077.98915250      33.42157964
   2079.27580061      33.42369923
   2080.45708830      33.42564668
   2081.60379984      33.42732456
   2082.82094920      33.42863847
   2084.05856145      33.42949832
   2085.31062253      33.42980768
   2086.55952937      33.42947015
   2087.76012392      33.42839750
   2088.96127332      33.42652290
   2090.16640641      33.42377165
   2091.34891629      33.42009187
   2092.53534652      33.41545180
   2093.73648175      33.40983304
   2094.99086763      33.40323303
   2096.20799998      33.39566180
   2097.41062915      33.38715745
   2098.64604798      33.37778462
   2099.89751167      33.36764319
   2101.11408586      33.35682397
   2102.31567102      33.34543761
   2103.54761565      33.33361830
   2104.78315216      33.32151305
   2106.02056638      33.30929241
   2107.25338677      33.29713399
   2108.45459903      33.28520375
   2109.70929401      33.27366493
   2110.92761830      33.26268952
   2112.13405014      33.25242538
   2113.33645670      33.24299853
   2114.58589523      33.23449173
   2115.75515058      33.22697525
   2116.95738274      33.22051648
   2118.17480623      33.21518209
   2119.47556052      33.21102439
   2120.79147352      33.20808562
   2121.99848715      33.20639582
   2123.26078795      33.20596230
   2125.00773059      33.20677688
   2126.50993582      33.20879100
   2127.87126916      33.21192059
   2129.18699312      33.21605803
   2130.47727990      33.22107860
   2131.92981833      33.22683558
   2133.09924523      33.23315253
   2134.31501550      33.23983833
   2135.51809413      33.24670073
   2136.73392395      33.25354200
   2137.91909513      33.26014691
   2139.20556081      33.26630608
   2140.40668469      33.27181031
   2141.62347676      33.27646001
   2142.81227952      33.28007039
   2144.12659225      33.28247908
   2145.47676759      33.28355993
   2147.35403898      33.28321622
   2148.89919797      33.28137122
   2150.65269061      33.27795741
   2152.13375759      33.27294173
   2153.33750969      33.26631039
   2154.67511390      33.25805692
   2156.15117303      33.24818621
   2157.30546014      33.23669969
   2158.44617181      33.22360699
   2159.80530985      33.20892622
   2161.09355871      33.19269559
   2162.43151691      33.17494687
   2163.77225410      33.15573135
   2164.94254164      33.13510838
   2166.10560949      33.11317308
   2167.25991361      33.09003480
   2168.42673261      33.06581768
   2169.65873774      33.04065407
   2170.79086243      33.01469053
   2172.00802456      32.98808872
   2173.16328903      32.96100209
   2174.37942558      32.93357822
   2175.56591347      32.90595390
   2176.74977692      32.87827283
   2177.93614335      32.85066589
   2179.12144829      32.82325266
   2180.33849226      32.79613327
   2181.57568388      32.76938532
   2182.77746564      32.74308023
   2183.97813723      32.71728165
   2185.12577226      32.69204059
   2186.34361022      32.66739858
   2187.52893028      32.64340102
   2188.71099164      32.62010037
   2190.07776339      32.59756070
   2191.28757491      32.57585573
   2192.46468514      32.55507082
   2193.89111008      32.53528902
   2195.19896355      32.51658116
   2196.47704076      32.49900343
   2197.66319735      32.48260297
   2198.85179831      32.46741224
   2200.30929448      32.45344345
   2201.66644280      32.44068943
   2203.10156294      32.42913682
   2204.38929240      32.41876290
   2205.78342156      32.40954612
   2206.96245345      32.40145833
   2208.26639838      32.39448385
   2209.38988506      32.38860631
   2210.53704463      32.38381105
   2211.66941273      32.38007896
   2212.83294138      32.37739453
   2213.98123948      32.37573202
   2215.11302957      32.37506803
   2216.28310207      32.37536604
   2217.45317078      32.37658167
   2218.63909295      32.37865355
   2219.80270857      32.38148987
   2220.95692667      32.38497998
   2222.12039435      32.38898522
   2223.37433172      32.39335041
   2224.54543972      32.39788502
   2225.75065127      32.40237939
   2226.97901251      32.40660376
   2228.22728132      32.41032406
   2229.41376401      32.41332074
   2230.59907651      32.41538659
   2231.81525559      32.41633251
   2233.01550608      32.41599181
   2234.21663091      32.41422772
   2235.41769571      32.41092584
   2236.60391421      32.40599523
   2237.90518366      32.39936805
   2239.07664329      32.39099417
   2240.26203046      32.38083593
   2241.49509093      32.36887710
   2242.66423994      32.35512227
   2243.84315084      32.33959343
   2245.08225845      32.32232608
   2246.28306473      32.30338630
   2247.51544227      32.28286823
   2248.66880683      32.26090045
   2249.86935223      32.23763586
   2251.07117559      32.21326025
   2252.28838923      32.18798198
   2253.47415165      32.16204114
   2254.69059209      32.13568835
   2255.88254627      32.10917735
   2257.08548264      32.08277340
   2258.31797030      32.05674390
   2259.51980642      32.03135183
   2260.73697941      32.00685063
   2262.02661115      31.98347971
   2263.36950583      31.96146739
   2264.74365701      31.94101627
   2265.99176560      31.92229893
   2267.41370210      31.90546567
   2268.78957408      31.89063761
   2270.24504509      31.87791219
   2271.68216298      31.86735377
   2272.95602586      31.85900819
   2274.33616462      31.85290779
   2276.17985046      31.84908489
   2277.35215986      31.84756018
   2278.79895174      31.84833281
   2280.38755837      31.85137690
   2281.56597917      31.85663787
   2282.69640622      31.86402488
   2283.88197677      31.87341811
   2285.51441906      31.88467472
   2286.91462701      31.89762646
   2288.13623599      31.91208221
   2289.62987173      31.92783003
   2290.93728614      31.94464074
   2292.12868027      31.96226631
   2293.58921631      31.98044611
   2294.89920270      31.99891228
   2296.32400372      32.01739914
   2297.53345086      32.03564129
   2298.68672515      32.05338369
   2299.83434741      32.07037271
   2301.00337401      32.08637559
   2302.16737858      32.10117505
   2303.32042271      32.11458071
   2304.49108881      32.12641927
   2305.69150094      32.13653339
   2306.85517846      32.14479836
   2308.10404276      32.15111243
   2309.29512591      32.15540937
   2310.49662646      32.15766158
   2311.66155122      32.15788589
   2312.81639932      32.15612984
   2313.97962266      32.15246960
   2315.18120404      32.14701465
   2316.38567499      32.13990022
   2317.56748351      32.13127732
   2318.76908757      32.12132111
   2320.00816729      32.11023391
   2321.22543008      32.09823944
   2322.45691674      32.08557681
   2323.65771877      32.07248670
   2324.81182061      32.05919527
   2325.97491824      32.04591635
   2327.17765421      32.03284535
   2328.39962994      32.02016188
   2329.61836163      32.00802832
   2330.85220806      31.99660848
   2332.12152721      31.98604488
   2333.37025068      31.97645537
   2334.57090620      31.96794096
   2335.78798939      31.96057220
   2337.00403284      31.95438414
   2338.32912689      31.94938297
   2339.59219521      31.94554441
   2340.87537904      31.94281629
   2342.14509802      31.94112146
   2343.41435478      31.94036880
   2344.68972201      31.94044927
   2345.95395627      31.94124172
   2347.21596830      31.94262834
   2348.49797200      31.94447865
   2349.78146587      31.94665658
   2351.03778475      31.94901139
   2352.31520833      31.95138674
   2353.59773806      31.95364413
   2354.88043887      31.95565925
   2356.14185729      31.95733656
   2357.43556676      31.95859098
   2358.72821946      31.95934982
   2360.05098824      31.95954682
   2361.33752434      31.95912609
   2362.58072859      31.95803432
   2363.82930176      31.95622367
   2365.01423994      31.95366281
   2366.24764259      31.95034585
   2367.46672874      31.94628040
   2368.66855776      31.94147565
   2369.85441188      31.93595231
   2371.05594835      31.92973839
   2372.28938550      31.92288605
   2373.47616973      31.91546887
   2374.69669546      31.90758209
   2375.87841938      31.89933610
   2377.13273532      31.89085674
   2378.33647702      31.88228744
   2379.55302380      31.87376268
   2380.75410326      31.86542113
   2381.97160047      31.85740000
   2383.20333100      31.84981412
   2384.42717215      31.84276406
   2385.60750610      31.83634495
   2386.79312248      31.83063740
   2387.97697932      31.82570865
   2389.17802711      31.82161590
   2390.39401478      31.81841691
   2391.63315358      31.81614357
   2392.83666938      31.81481270
   2394.05838847      31.81441885
   2395.33817844      31.81492823
   2396.60918530      31.81629516
   2397.82518999      31.81845527
   2399.07437945      31.82134059
   2400.27563756      31.82488717
   2401.50907896      31.82901743
   2402.69510416      31.83363939
   2403.85858177      31.83863050
   2405.10262728      31.84386287
   2406.35064843      31.84919726
   2407.55819470      31.85447919
   2408.80740827      31.85955767
   2410.05448324      31.86429559
   2411.30878027      31.86856408
   2412.50523848      31.87224760
   2413.71159896      31.87523867
   2414.87466491      31.87745324
   2416.06043679      31.87883397
   2417.24534473      31.87935442
   2418.46286462      31.87902163
   2419.64833072      31.87785859
   2420.83463051      31.87590856
   2422.03605639      31.87322139
   2423.26773777      31.86987339
   2424.50031287      31.86595422
   2425.73987324      31.86155469
   2426.94157136      31.85677021
   2428.14375579      31.85169015
   2429.29155387      31.84640304
   2430.53172014      31.84100025
   2431.76384956      31.83557218
   2432.94272454      31.83019727
   2434.21320065      31.82495097
   2435.42943929      31.81990856
   2436.64891818      31.81513026
   2437.87159763      31.81063991
   2439.03509509      31.80645894
   2440.23508942      31.80259896
   2441.40516759      31.79906086
   2442.62267189      31.79582565
   2443.83950271      31.79285225
   2445.00943295      31.79008678
   2446.24200900      31.78744832
   2447.48125697      31.78482639
   2448.68343715      31.78209425
   2449.88490793      31.77910634
   2451.03375711      31.77572902
   2452.23590657      31.77182221
   2453.42250222      31.76724751
   2454.61903700      31.76188899
   2455.87554776      31.75563297
   2457.09288428      31.74837154
   2458.27792219      31.74001993
   2459.49628665      31.73050614
   2460.69890258      31.71978664
   2461.91936216      31.70782752
   2463.12219029      31.69462375
   2464.32434826      31.68018611
   2465.58847808      31.66454763
   2466.77347203      31.64776064
   2467.94864832      31.62989222
   2469.14969753      31.61104197
   2470.36654300      31.59131175
   2471.55173261      31.57081336
   2472.71632370      31.54967195
   2473.90299544      31.52802762
   2475.08699737      31.50603829
   2476.27286472      31.48386633
   2477.50554285      31.46168574
   2478.72238879      31.43968204
   2479.92316388      31.41804936
   2481.16329281      31.39697606
   2482.37976776      31.37664377
   2483.56299979      31.35722622
   2484.71774014      31.33890260
   2485.91893727      31.32182477
   2487.12010511      31.30610612
   2488.32126538      31.29182768
   2489.52218651      31.27905469
   2490.70162816      31.26782279
   2491.90279742      31.25813256
   2493.08714388      31.24996904
   2494.30499603      31.24330292
   2495.52845814      31.23808780
   2496.73063454      31.23427424
   2497.93275186      31.23177904
   2499.16555854      31.23048956
   2500.38290026      31.23026871
   2501.55409333      31.23094463
   2502.71747453      31.23232751
   2503.90428002      31.23421748
   2505.10549039      31.23639368
   2506.32311899      31.23863138
   2507.52338082      31.24069105
   2508.70931905      31.24234522
   2509.92576658      31.24335594
   2511.11246479      31.24348699
   2512.32999839      31.24249911
   2513.55386506      31.24016744
   2514.77074314      31.23629008
   2515.97309441      31.23067708
   2517.15917254      31.22317195
   2518.33933304      31.21365615
   2519.49357903      31.20204807
   2520.76447388      31.18830876
   2521.96580099      31.17242874
   2523.13023423      31.15444006
   2524.36864425      31.13440493
   2525.63012553      31.11240999
   2526.87785980      31.08857682
   2528.19318534      31.06305858
   2529.42733662      31.03602066
   2530.97886695      31.00765059
   2532.70732272      30.97813759
   2533.95215986      30.94769348
   2535.42998138      30.91656224
   2536.68094268      30.88500668
   2538.13109864      30.85329018
   2539.32157684      30.82169395
   2540.79787228      30.79051443
   2542.12127342      30.76004876
   2543.36946235      30.73058419
   2544.60308477      30.70238727
   2545.82664849      30.67568329
   2547.02747320      30.65066969
   2548.33579456      30.62752494
   2549.66637616      30.60640106
   2550.90208802      30.58742752
   2552.15398321      30.57070792
   2553.35301860      30.55630677
   2554.70708925      30.54426143
   2555.92453447      30.53457536
   2557.11096612      30.52721939
   2558.34468165      30.52212180
   2559.54597472      30.51919180
   2560.74661370      30.51832706
   2561.94870314      30.51941926
   2563.13425667      30.52233648
   2564.38246687      30.52693459
   2565.56801189      30.53306258
   2566.76904456      30.54056096
   2567.93912604      30.54925039
   2569.12497495      30.55893272
   2570.35721591      30.56938237
   2571.52652608      30.58037171
   2572.72768683      30.59167776
   2574.02753512      30.60308611
   2575.22996531      30.61439733
   2576.43180710      30.62541699
   2577.64814025      30.63596162
   2578.85005104      30.64587630
   2580.08334452      30.65501793
   2581.33638675      30.66328577
   2582.58739484      30.67060453
   2583.82996342      30.67691544
   2585.04357998      30.68219019
   2586.24418256      30.68643727
   2587.44669925      30.68968052
   2588.66335473      30.69195745
   2589.84918852      30.69331476
   2591.06640783      30.69381279
   2592.25382158      30.69352268
   2593.41713613      30.69253537
   2594.60300253      30.69095549
   2595.81941982      30.68889166
   2597.05843148      30.68645925
   2598.26027138      30.68376792
   2599.46130972      30.68092384
   2600.63841664      30.67803479
   2601.84224011      30.67520422
   2603.06477021      30.67252338
   2604.31373188      30.67008120
   2605.53175416      30.66796693
   2606.76993733      30.66625126
   2608.00254268      30.66497098
   2609.19410600      30.66412420
   2610.41068822      30.66369629
   2611.61274363      30.66363508
   2612.81552167      30.66385952
   2614.00151426      30.66425410
   2615.23417349      30.66468618
   2616.45009500      30.66501753
   2617.65074673      30.66511970
   2618.80500643      30.66486939
   2620.02154706      30.66413570
   2621.25448230      30.66278860
   2622.45883037      30.66070278
   2623.66010880      30.65775265
   2624.84525068      30.65382256
   2626.13183167      30.64880559
   2627.33235202      30.64262615
   2628.51819290      30.63521471
   2629.71935649      30.62652097
   2630.92038017      30.61652496
   2632.12219644      30.60522265
   2633.37149318      30.59262296
   2634.55675558      30.57875950
   2635.77424145      30.56369105
   2636.97495841      30.54750382
   2638.13112606      30.53030314
   2639.37931688      30.51222149
   2640.57020389      30.49341118
   2641.77157069      30.47404751
   2642.98846626      30.45432462
   2644.19557584      30.43444784
   2645.42818165      30.41464232
   2646.65062291      30.39514302
   2647.85201902      30.37618859
   2649.11566299      30.35801468
   2650.31690786      30.34085912
   2651.52082538      30.32494548
   2652.70732698      30.31047579
   2653.92259958      30.29763513
   2655.13692695      30.28658097
   2656.34058500      30.27749654
   2657.56373518      30.27053902
   2658.81200919      30.26585239
   2660.01372431      30.26356281
   2661.23104666      30.26378295
   2662.43359311      30.26660906
   2663.63492873      30.27211531
   2664.82105129      30.28035038
   2666.03751536      30.29133499
   2667.25803495      30.30506913
   2668.52407840      30.32153009
   2669.72521646      30.34067017
   2670.92613995      30.36242844
   2672.13963221      30.38672761
   2673.34357667      30.41347642
   2674.59621387      30.44256207
   2675.83133543      30.47386330
   2677.06412698      30.50724805
   2678.25412405      30.54278371
   2679.40354179      30.57990917
   2680.58959818      30.61849769
   2681.82249182      30.65842297
   2683.02446689      30.69955828
   2684.20870702      30.74177715
   2685.41003790      30.78495315
   2686.59633486      30.82895969
   2687.82913209      30.87367017
   2689.03848233      30.91895814
   2690.23919268      30.96469702
   2691.45777927      31.01076049
   2692.69642844      31.05702169
   2693.91358442      31.10335429
   2695.09871259      31.14963172
   2696.30113617      31.19572753
   2697.50016258      31.24151526
   2698.70203509      31.28686804
   2699.93960291      31.33165970
