        0.15640274
        0.36656891
        0.06842620
        0.55229717
        0.32258065
        0.30791789
        0.49364614
        0.53763441
        0.36656891
        0.09286413
        0.38611926
        0.29325513
        0.45943304
        0.55718475
        0.24437928
        0.22971652
        0.22482893
        0.46432063
        0.51319648
        0.41544477
        0.22482893
        0.56207234
        0.27370479
        0.31769306
        0.44965787
        0.25415445
        0.30791789
        0.31769306
        0.25415445
        0.26881720
        0.20527859
        0.22971652
        0.33235582
        0.29814272
        0.52297165
        0.26392962
        0.39100684
        0.21016618
        0.32258065
        0.25904203
        0.22971652
        0.32746823
        0.24926686
        0.17106549
        1.14369501
        1.56402737
        1.45161290
        1.47116325
        1.30987292
        1.37341153
        1.43206256
        1.14858260
        1.12903226
        1.45161290
        1.51515152
        1.43206256
        1.53470186
        1.38318671
        1.74975562
        1.29032258
        1.51026393
        1.30009775
        1.48582600
        1.21212121
        1.54447703
        1.48582600
        1.51026393
        1.66177908
        1.23167155
        1.40762463
        1.31476051
        1.28054741
        1.50537634
        1.35386119
        1.15347019
        1.15835777
        1.39784946
        1.61779081
        1.49560117
        1.29521017
        1.22189638
        1.41251222
        1.36852395
        1.22678397
        1.28054741
        1.66666667
        1.34897361
        1.44183773
        1.60801564
        1.09970674
        1.45161290
        1.15347019
        1.51026393
        1.66177908
        1.38807429
        1.39784946
        1.54936461
        1.43206256
        1.43206256
        1.61779081
        1.38318671
        1.46627566
        1.33431085
        1.40762463
        1.52492669
        1.20723363
        1.35386119
        1.53470186
        1.38318671
        1.41251222
        1.72043011
        1.43206256
        1.37829912
        1.73020528
        1.03616813
        1.58357771
        1.03128055
        1.34408602
        1.69110459
        0.90909091
        1.44183773
        1.60801564
        1.59335288
        1.43695015
        1.36363636
        1.33431085
        1.13391984
        1.60312805
