        1.79863148
        1.77419355
        1.72531769
        1.93548387
        1.76930596
        1.51026393
        1.62756598
        1.90127077
        1.67644184
        1.75953079
        1.76930596
        1.63734115
        1.69599218
        1.57380254
        1.64222874
        1.63734115
        1.64222874
        1.68621701
        1.76441838
        1.55425220
        1.68621701
        1.73020528
        1.88660802
        1.68132942
        1.71554252
        1.74975562
        1.64222874
        1.60312805
        1.58357771
        1.77419355
        1.77908113
        1.82795699
        1.71554252
        1.73998045
        1.79374389
        1.63245357
        1.72531769
        1.88660802
        1.58846530
        1.60312805
        1.79374389
        1.57869013
        1.54936461
        1.65200391
        2.55620723
        2.76637341
        2.61974585
        2.75659824
        2.96187683
        2.70772239
        3.04496579
        2.70772239
        2.42913001
        3.09384164
        2.57086999
        2.87390029
        2.94232649
        2.56598240
        2.53176931
        2.23362659
        2.34115347
        2.89833822
        2.75171065
        2.99120235
        2.68817204
        2.57575758
        2.70283480
        2.68328446
        2.86412512
        2.82013685
        2.61485826
        2.63440860
        2.57575758
        2.82013685
        2.62463343
        2.60997067
        2.89345064
        2.59042033
        3.17693060
        2.60997067
        2.62952102
        2.69794721
        2.67350929
        2.51710655
        2.58553275
        3.06940371
        2.85434995
        2.60019550
        2.83968719
        2.80547410
        2.63440860
        2.54154448
        2.94232649
        2.47800587
        2.85923754
        2.72727273
        2.88367546
        2.54154448
        2.96676442
        2.72238514
        2.74193548
        2.84457478
        2.86412512
        2.77614858
        2.89345064
        2.73704790
        2.80058651
        2.82991202
        2.56109482
        2.80058651
        2.61974585
        2.75171065
        2.71749756
        2.69305963
        2.81036168
        2.97653959
        3.04496579
        2.75171065
        2.40469208
        2.90322581
        2.56109482
        2.79569892
        2.78592375
        2.98142717
        2.44379277
        2.73216031
        2.79569892
        2.65395894
